-4.470490000000000e+2	1.274000000000000e-1	4.200000000000000e-3
-4.307840000000000e+2	1.379000000000000e-1	4.400000000000000e-3
-4.153850000000000e+2	1.339000000000000e-1	4.400000000000000e-3
-4.007910000000000e+2	1.451000000000000e-1	4.600000000000000e-3
-3.869460000000000e+2	1.381000000000000e-1	4.500000000000000e-3
-3.738020000000000e+2	1.421000000000000e-1	4.600000000000000e-3
-3.613100000000000e+2	1.394000000000000e-1	4.600000000000000e-3
-3.494290100000000e+2	1.437000000000000e-1	4.700000000000000e-3
-3.381200000000000e+2	1.503000000000000e-1	4.900000000000000e-3
-3.273460000000000e+2	1.475000000000000e-1	4.799999999999999e-3
-3.170740000000000e+2	1.581000000000000e-1	5.100000000000000e-3
-3.072730000000000e+2	1.528000000000000e-1	5.000000000000000e-3
-2.979150000000000e+2	1.510000000000000e-1	5.000000000000000e-3
-2.889740000000000e+2	1.606000000000000e-1	5.200000000000000e-3
-2.804260000000000e+2	1.611000000000000e-1	5.300000000000000e-3
-2.722460000000000e+2	1.675000000000000e-1	5.400000000000000e-3
-2.644160000000000e+2	1.674000000000000e-1	5.400000000000000e-3
-2.569150000000000e+2	1.714000000000000e-1	5.600000000000000e-3
-2.497250000000000e+2	1.680000000000000e-1	5.500000000000000e-3
-2.428280000000000e+2	1.655000000000000e-1	5.500000000000000e-3
-2.362100000000000e+2	1.875000000000000e-1	5.900000000000000e-3
-2.298560000000000e+2	1.765000000000000e-1	5.800000000000000e-3
-2.237500000000000e+2	1.737000000000000e-1	5.800000000000000e-3
-2.178820000000000e+2	1.932000000000000e-1	6.100000000000000e-3
-2.122380000000000e+2	1.649000000000000e-1	5.700000000000000e-3
-2.068080000000000e+2	1.794000000000000e-1	6.000000000000000e-3
-2.015800000000000e+2	1.841000000000000e-1	6.100000000000000e-3
-1.965450000000000e+2	1.768000000000000e-1	6.000000000000000e-3
-1.916940000000000e+2	1.891000000000000e-1	6.300000000000000e-3
-1.870170000000000e+2	2.068000000000000e-1	6.600000000000000e-3
-1.825060000000000e+2	1.880000000000000e-1	6.300000000000000e-3
-1.781540000000000e+2	2.023000000000000e-1	6.600000000000000e-3
-1.739530000000000e+2	2.071000000000000e-1	6.700000000000000e-3
-1.698960100000000e+2	1.890000000000000e-1	6.500000000000000e-3
-1.659770000000000e+2	2.043000000000000e-1	6.700000000000000e-3
-1.621890000000000e+2	1.929000000000000e-1	6.600000000000000e-3
-1.585270000000000e+2	2.149000000000000e-1	7.000000000000000e-3
-1.549860000000000e+2	2.053000000000000e-1	6.900000000000000e-3
-1.515590000000000e+2	2.008000000000000e-1	6.800000000000000e-3
-1.482430000000000e+2	2.105000000000000e-1	7.000000000000000e-3
-1.450320000000000e+2	2.161000000000000e-1	7.200000000000000e-3
-1.419220000000000e+2	2.143000000000000e-1	7.200000000000000e-3
-1.389080000000000e+2	2.081000000000000e-1	7.100000000000001e-3
-1.359880000000000e+2	2.311000000000000e-1	7.500000000000000e-3
-1.331570000000000e+2	2.201000000000000e-1	7.400000000000000e-3
-1.304110000000000e+2	2.304000000000000e-1	7.600000000000000e-3
-1.277470000000000e+2	2.165000000000000e-1	7.400000000000000e-3
-1.251620000000000e+2	2.235000000000000e-1	7.600000000000000e-3
-1.226530000000000e+2	2.309000000000000e-1	7.700000000000000e-3
-1.202160000000000e+2	2.207000000000000e-1	7.600000000000000e-3
-1.178500000000000e+2	2.249000000000000e-1	7.700000000000000e-3
-1.155510000000000e+2	2.319000000000000e-1	7.900000000000000e-3
-1.133170000000000e+2	2.354000000000000e-1	7.900000000000000e-3
-1.111450000000000e+2	2.390000000000000e-1	8.000000000000000e-3
-1.090340000000000e+2	2.426000000000000e-1	8.100000000000000e-3
-1.069800000000000e+2	2.512000000000000e-1	8.300000000000000e-3
-1.049820000000000e+2	2.376000000000000e-1	8.100000000000000e-3
-1.030380000000000e+2	2.404000000000000e-1	8.200000000000000e-3
-1.011460000000000e+2	2.366000000000000e-1	8.200000000000000e-3
-9.930400000000000e+1	2.559000000000000e-1	8.600000000000000e-3
-9.751000000000000e+1	2.671000000000000e-1	8.800000000000000e-3
-9.576300000000000e+1	2.595000000000000e-1	8.700000000000000e-3
-9.406100000000000e+1	2.568000000000000e-1	8.700000000000000e-3
-9.240200000000000e+1	2.560000000000000e-1	8.700000000000000e-3
-9.078600000000000e+1	2.588000000000000e-1	8.800000000000000e-3
-8.921000000000000e+1	2.487000000000000e-1	8.700000000000000e-3
-8.767300000000000e+1	2.626000000000000e-1	8.900000000000000e-3
-8.617500000000000e+1	2.550000000000000e-1	8.800000000000000e-3
-8.471300000000000e+1	2.556000000000000e-1	8.900000000000000e-3
-8.328600000000000e+1	2.564000000000000e-1	8.900000000000000e-3
-8.189500000000000e+1	2.720000000000000e-1	9.200000000000000e-3
-8.053600000000000e+1	2.713000000000000e-1	9.300000000000000e-3
-7.920900000000000e+1	2.627000000000000e-1	9.200000000000000e-3
-7.791400000000000e+1	2.686000000000000e-1	9.300000000000000e-3
-7.664900000000000e+1	2.552000000000000e-1	9.100000000000000e-3
-7.541400000000000e+1	2.934000000000000e-1	9.800000000000000e-3
-7.420700000000000e+1	2.707000000000000e-1	9.400000000000000e-3
-7.302700000000000e+1	2.781000000000000e-1	9.599999999999998e-3
-7.187400099999999e+1	2.728000000000000e-1	9.599999999999998e-3
-7.074800000000001e+1	2.827000000000000e-1	9.800000000000000e-3
-6.964600000000000e+1	2.875000000000000e-1	9.900000000000002e-3
-6.856800000000000e+1	2.691000000000000e-1	9.599999999999998e-3
-6.751500000000000e+1	2.756000000000000e-1	9.700000000000000e-3
-6.648399999999999e+1	2.901000000000000e-1	1.000000000000000e-2
-6.547600000000000e+1	2.954000000000000e-1	1.020000000000000e-2
-6.448900000000001e+1	2.778000000000000e-1	9.900000000000002e-3
-6.352400000000000e+1	2.880000000000000e-1	1.010000000000000e-2
-6.257900000000000e+1	2.890000000000000e-1	1.020000000000000e-2
-6.165400000000000e+1	2.820000000000000e-1	1.010000000000000e-2
-6.074800000000000e+1	3.000000000000000e-1	1.040000000000000e-2
-5.986100000000000e+1	2.893000000000000e-1	1.030000000000000e-2
-5.899300000000000e+1	3.052000000000000e-1	1.060000000000000e-2
-5.814200000000000e+1	3.099000000000000e-1	1.070000000000000e-2
-5.730800000000000e+1	3.177000000000000e-1	1.090000000000000e-2
-5.649200000000000e+1	2.906000000000000e-1	1.040000000000000e-2
-5.569200000000000e+1	3.129000000000000e-1	1.090000000000000e-2
-5.490700000000000e+1	3.249000000000000e-1	1.110000000000000e-2
-5.413900000000000e+1	3.171000000000000e-1	1.100000000000000e-2
-5.338500000000000e+1	3.223000000000000e-1	1.110000000000000e-2
-5.264600000000000e+1	3.089000000000000e-1	1.090000000000000e-2
-5.192200000000000e+1	3.149000000000000e-1	1.110000000000000e-2
-5.121100000000000e+1	3.051000000000000e-1	1.090000000000000e-2
-5.051400000000000e+1	3.158000000000000e-1	1.120000000000000e-2
-4.983100000000000e+1	3.110000000000000e-1	1.110000000000000e-2
-4.916000000000000e+1	3.090000000000000e-1	1.110000000000000e-2
-4.850200000000000e+1	3.408000000000000e-1	1.170000000000000e-2
-4.785700000000000e+1	3.271000000000000e-1	1.150000000000000e-2
-4.722300000000000e+1	3.361000000000000e-1	1.170000000000000e-2
-4.660100000000000e+1	3.341000000000000e-1	1.170000000000000e-2
-4.599000000000000e+1	3.254000000000000e-1	1.160000000000000e-2
-4.539100000000000e+1	3.249000000000000e-1	1.160000000000000e-2
-4.480200000000000e+1	3.265000000000000e-1	1.170000000000000e-2
-4.422400000000000e+1	3.407000000000000e-1	1.200000000000000e-2
-4.365700000000000e+1	3.169000000000000e-1	1.160000000000000e-2
-4.309900000000000e+1	3.375000000000000e-1	1.200000000000000e-2
-4.255200000000000e+1	3.258000000000000e-1	1.180000000000000e-2
-4.201400000000000e+1	3.321000000000000e-1	1.200000000000000e-2
-4.148500000000000e+1	3.392000000000000e-1	1.210000000000000e-2
-4.096600000000000e+1	3.726000000000000e-1	1.270000000000000e-2
-4.045600000000000e+1	3.410000000000000e-1	1.220000000000000e-2
-3.995400000000000e+1	3.434000000000000e-1	1.230000000000000e-2
-3.946100000000000e+1	3.077000000000000e-1	1.170000000000000e-2
-3.897700000000000e+1	3.572000000000000e-1	1.260000000000000e-2
-3.850000000000000e+1	3.157000000000000e-1	1.190000000000000e-2
-3.803200000000000e+1	3.482000000000000e-1	1.250000000000000e-2
-3.757100000000000e+1	3.492000000000000e-1	1.260000000000000e-2
-3.711800000000000e+1	3.357000000000000e-1	1.240000000000000e-2
-3.667300000000000e+1	3.563000000000000e-1	1.280000000000000e-2
-3.623500000000000e+1	3.348000000000000e-1	1.240000000000000e-2
-3.580400000000000e+1	3.403000000000000e-1	1.260000000000000e-2
-3.538000000000000e+1	3.702000000000000e-1	1.310000000000000e-2
-3.496300000000000e+1	3.328000000000000e-1	1.250000000000000e-2
-3.455300100000000e+1	3.605000000000000e-1	1.300000000000000e-2
-3.414900000000000e+1	3.862000000000000e-1	1.350000000000000e-2
-3.375200000000000e+1	3.673000000000000e-1	1.320000000000000e-2
-3.336100000000000e+1	3.453000000000000e-1	1.290000000000000e-2
-3.297600000000000e+1	3.582000000000000e-1	1.310000000000000e-2
-3.259700000000000e+1	3.596000100000000e-1	1.320000000000000e-2
-3.222400000000000e+1	3.644000000000000e-1	1.330000000000000e-2
-3.185700000000000e+1	3.511000000000000e-1	1.310000000000000e-2
-3.149500000000000e+1	3.633000000000000e-1	1.340000000000000e-2
-3.114000000000000e+1	3.419000000000000e-1	1.300000000000000e-2
-3.078900000000000e+1	3.958000000000000e-1	1.400000000000000e-2
-3.044400000000000e+1	3.879000000000000e-1	1.390000000000000e-2
-3.010400000000000e+1	3.783000000000000e-1	1.380000000000000e-2
-2.976900000000000e+1	3.868000000000000e-1	1.400000000000000e-2
-2.943900000000000e+1	3.816000000000000e-1	1.390000000000000e-2
-2.911400000000000e+1	3.749000000000000e-1	1.380000000000000e-2
-2.879400000000000e+1	3.639000000000000e-1	1.360000000000000e-2
-2.847900000000000e+1	3.884000000000000e-1	1.410000000000000e-2
-2.816800000000000e+1	3.955000000000000e-1	1.430000000000000e-2
-2.786200000000000e+1	3.912000000000000e-1	1.430000000000000e-2
-2.756000000000000e+1	3.931000000000000e-1	1.430000000000000e-2
-2.726300000000000e+1	3.735000000000000e-1	1.400000000000000e-2
-2.697000000000000e+1	3.821000000000000e-1	1.420000000000000e-2
-2.668100000000000e+1	3.617000000000000e-1	1.380000000000000e-2
-2.639600000000000e+1	3.810000000000000e-1	1.420000000000000e-2
-2.611600000000000e+1	3.507000000000000e-1	1.370000000000000e-2
-2.583900000000000e+1	3.895000000000000e-1	1.450000000000000e-2
-2.556600000000000e+1	3.989000000000000e-1	1.470000000000000e-2
-2.529700000000000e+1	4.018000000000000e-1	1.480000000000000e-2
-2.503200000000000e+1	3.710000000000000e-1	1.420000000000000e-2
-2.477000000000000e+1	3.782000000000000e-1	1.440000000000000e-2
-2.451200000000000e+1	3.866000000000000e-1	1.460000000000000e-2
-2.425700000000000e+1	3.961000000000000e-1	1.480000000000000e-2
-2.400600000000000e+1	3.874000000000000e-1	1.470000000000000e-2
-2.375900000000000e+1	3.908000000000000e-1	1.480000000000000e-2
-2.351500000000000e+1	4.206000000000000e-1	1.530000000000000e-2
-2.327400000000000e+1	3.876000000000000e-1	1.480000000000000e-2
-2.303600000000000e+1	4.413000000000000e-1	1.580000000000000e-2
-2.280200000000000e+1	3.928000000000000e-1	1.490000000000000e-2
-2.257000000000000e+1	4.031000000000000e-1	1.520000000000000e-2
-2.234200000000000e+1	4.307000000000000e-1	1.570000000000000e-2
-2.211700000000000e+1	3.883000000000000e-1	1.490000000000000e-2
-2.189400000000000e+1	4.050000000000000e-1	1.530000000000000e-2
-2.167500000000000e+1	4.039000000000000e-1	1.530000000000000e-2
-2.145800000000000e+1	4.004000000000000e-1	1.530000000000000e-2
-2.124400000000000e+1	3.864000000000000e-1	1.500000000000000e-2
-2.103300000000000e+1	3.939000000000000e-1	1.520000000000000e-2
-2.082500000000000e+1	4.263000000000000e-1	1.590000000000000e-2
-2.061900000000000e+1	4.394000000000000e-1	1.610000000000000e-2
-2.041600000000000e+1	4.270000000000000e-1	1.590000000000000e-2
-2.021600000000000e+1	4.198000000000000e-1	1.580000000000000e-2
-2.001800000000000e+1	4.054000000000000e-1	1.560000000000000e-2
-1.982300000000000e+1	4.246000000000000e-1	1.600000000000000e-2
-1.963000000000000e+1	4.197000000000000e-1	1.590000000000000e-2
-1.943900000000000e+1	4.264000000000000e-1	1.610000000000000e-2
-1.925100000000000e+1	4.349000000000000e-1	1.630000000000000e-2
-1.906500000000000e+1	4.379000000000000e-1	1.640000000000000e-2
-1.888100000000000e+1	3.954000000000000e-1	1.560000000000000e-2
-1.870000000000000e+1	4.056000000000000e-1	1.580000000000000e-2
-1.852100000000000e+1	4.539000000000000e-1	1.680000100000000e-2
-1.834400000000000e+1	4.040000000000000e-1	1.590000000000000e-2
-1.816900000000000e+1	4.232000000000000e-1	1.630000000000000e-2
-1.799700000000000e+1	3.884000000000000e-1	1.560000000000000e-2
-1.782600000000000e+1	4.234000000000000e-1	1.630000000000000e-2
-1.765800000000000e+1	4.264000000000000e-1	1.640000000000000e-2
-1.749100000000000e+1	4.535000000000000e-1	1.700000000000000e-2
-1.732700000000000e+1	4.311000000000000e-1	1.660000000000000e-2
-1.716400000000000e+1	4.302000000000000e-1	1.660000000000000e-2
-1.700300000000000e+1	4.345000000000000e-1	1.670000000000000e-2
-1.684400000000000e+1	3.994000000000000e-1	1.610000000000000e-2
-1.668800000000000e+1	4.366000000000000e-1	1.680000100000000e-2
-1.653200000000000e+1	4.214000000000000e-1	1.660000000000000e-2
-1.637900000000000e+1	4.270000000000000e-1	1.670000000000000e-2
-1.622800000000000e+1	4.831000000000000e-1	1.780000000000000e-2
-1.607800000000000e+1	4.217000000000000e-1	1.670000000000000e-2
-1.593000000000000e+1	4.346000000000000e-1	1.700000000000000e-2
-1.578300000000000e+1	4.177000000000000e-1	1.670000000000000e-2
-1.563900000000000e+1	4.259000000000000e-1	1.680000100000000e-2
-1.549600000000000e+1	4.329000000000000e-1	1.700000000000000e-2
-1.535400000000000e+1	4.668000000000000e-1	1.770000000000000e-2
-1.521400000000000e+1	4.234000000000000e-1	1.690000100000000e-2
-1.507600000000000e+1	4.168000000000000e-1	1.680000100000000e-2
-1.493900000000000e+1	4.578000000000000e-1	1.760000000000000e-2
-1.480400000000000e+1	4.227000000000000e-1	1.700000000000000e-2
-1.467000000000000e+1	4.160000000000000e-1	1.690000100000000e-2
-1.453800000000000e+1	4.368000000000000e-1	1.730000000000000e-2
-1.440700000000000e+1	4.488000000000000e-1	1.760000000000000e-2
-1.427800000000000e+1	4.684000000000000e-1	1.800000100000000e-2
-1.415000000000000e+1	4.403000000000000e-1	1.750000000000000e-2
-1.402300000000000e+1	4.168000000000000e-1	1.700000000000000e-2
-1.389800000000000e+1	4.652000000000000e-1	1.800000100000000e-2
-1.377500000000000e+1	4.711000000000000e-1	1.820000000000000e-2
-1.365200000000000e+1	4.516000000000000e-1	1.780000000000000e-2
-1.353100000000000e+1	4.455000000000000e-1	1.770000000000000e-2
-1.341100000000000e+1	4.506000000000000e-1	1.790000000000000e-2
-1.329200000000000e+1	4.480000000000000e-1	1.790000000000000e-2
-1.317500000000000e+1	4.481000000000000e-1	1.790000000000000e-2
-1.305900000000000e+1	4.605000000000000e-1	1.820000000000000e-2
-1.294400000000000e+1	4.448000000000000e-1	1.790000000000000e-2
-1.283000000000000e+1	4.536000000000000e-1	1.810000000000000e-2
-1.271800000000000e+1	4.349000000000000e-1	1.780000000000000e-2
-1.260700000000000e+1	4.663000000000000e-1	1.840000000000000e-2
-1.249700000000000e+1	4.796000000000000e-1	1.870000000000000e-2
-1.238800000000000e+1	4.541000000000000e-1	1.820000000000000e-2
-1.228000000000000e+1	4.983000000000000e-1	1.910000000000000e-2
-1.217300000000000e+1	4.853000000000000e-1	1.890000000000000e-2
-1.206700000000000e+1	4.766000000000000e-1	1.880000000000000e-2
-1.196300000000000e+1	4.790000000000000e-1	1.890000000000000e-2
-1.185900000000000e+1	4.597000000000000e-1	1.850000000000000e-2
-1.175700000000000e+1	4.479000000000000e-1	1.830000000000000e-2
-1.165500000000000e+1	5.139000000000000e-1	1.960000000000000e-2
-1.155500000000000e+1	4.637000000000000e-1	1.870000000000000e-2
-1.145600000000000e+1	4.781000000000000e-1	1.900000000000000e-2
-1.135700000000000e+1	4.706000000000000e-1	1.890000000000000e-2
-1.126000000000000e+1	4.843000000000000e-1	1.920000000000000e-2
-1.116300000000000e+1	4.799000000000000e-1	1.910000000000000e-2
-1.106800000000000e+1	4.470000000000000e-1	1.850000000000000e-2
-1.097300000000000e+1	4.807000000000000e-1	1.920000000000000e-2
-1.088000000000000e+1	4.785000000000000e-1	1.920000000000000e-2
-1.078700000000000e+1	4.878000000000000e-1	1.940000000000000e-2
-1.069500000000000e+1	4.816000000000000e-1	1.930000000000000e-2
-1.060400000000000e+1	4.832000000000000e-1	1.940000000000000e-2
-1.051400000000000e+1	5.034999999999999e-1	1.980000000000000e-2
-1.042500000000000e+1	4.715000000000000e-1	1.920000000000000e-2
-1.033700000000000e+1	4.840000000000000e-1	1.950000000000000e-2
-1.025000000000000e+1	5.154999999999999e-1	2.020000000000000e-2
-1.016300000000000e+1	5.053000000000000e-1	2.000000000000000e-2
-1.007700000000000e+1	5.022000000000000e-1	2.000000000000000e-2
-9.992000000000002e+0	4.839000000000000e-1	1.960000000000000e-2
-9.908000000000000e+0	4.742000000000000e-1	1.950000000000000e-2
-9.825000000000000e+0	4.645000000000000e-1	1.930000000000000e-2
-9.742000000000002e+0	4.877000000000000e-1	1.980000000000000e-2
-9.661000000000000e+0	4.723000000000000e-1	1.950000000000000e-2
-9.580000000000000e+0	5.029000000000000e-1	2.020000000000000e-2
-9.499000000000000e+0	4.980000000000000e-1	2.010000000000000e-2
-9.420000000000000e+0	5.028000000000000e-1	2.020000000000000e-2
-9.341000000000000e+0	5.133000000000000e-1	2.050000000000000e-2
-9.263000000000000e+0	4.920000000000000e-1	2.010000000000000e-2
-9.186000000000000e+0	4.771000000000000e-1	1.980000000000000e-2
-9.109000000000000e+0	4.835000000000000e-1	2.000000000000000e-2
-9.033000000000000e+0	4.817000000000000e-1	2.000000000000000e-2
-8.958000000000000e+0	4.981000000000000e-1	2.030000000000000e-2
-8.884000000000000e+0	4.838000000000000e-1	2.010000000000000e-2
-8.810000000000000e+0	5.103000000000000e-1	2.060000000000000e-2
-8.737000000000000e+0	5.034999999999999e-1	2.050000000000000e-2
-8.664000000000000e+0	5.109000000000000e-1	2.070000000000000e-2
-8.592000000000000e+0	5.049000000000000e-1	2.060000000000000e-2
-8.521000000000000e+0	5.199000000000000e-1	2.090000000000000e-2
-8.451000000000000e+0	4.952000000000000e-1	2.050000000000000e-2
-8.381000000000000e+0	5.010000000000000e-1	2.060000000000000e-2
-8.311000000000000e+0	5.067000000000000e-1	2.080000000000000e-2
-8.243000000000000e+0	4.963000000000000e-1	2.060000000000000e-2
-8.175000000000000e+0	4.729000000000000e-1	2.010000000000000e-2
-8.107000000000000e+0	5.233000000000000e-1	2.120000000000000e-2
-8.039999999999998e+0	4.921000000000000e-1	2.060000000000000e-2
-7.974000000000000e+0	5.039000000000000e-1	2.090000000000000e-2
-7.908000000000000e+0	4.993000000000000e-1	2.080000000000000e-2
-7.843000000000000e+0	5.251000000000000e-1	2.140000000000000e-2
-7.779000000000000e+0	5.396999999999999e-1	2.170000000000000e-2
-7.715000000000000e+0	5.334000000000000e-1	2.160000000000000e-2
-7.651000000000000e+0	4.973000000000000e-1	2.090000000000000e-2
-7.588000000000000e+0	5.339000000000001e-1	2.170000000000000e-2
-7.526000000000000e+0	4.851000000000000e-1	2.070000000000000e-2
-7.464000000000000e+0	4.609000000000000e-1	2.020000000000000e-2
-7.403000000000000e+0	4.977000000000000e-1	2.100000000000000e-2
-7.342000000000000e+0	5.187000000000001e-1	2.150000000000000e-2
-7.282000000000000e+0	5.496000000000000e-1	2.210000000000000e-2
-7.222000000000000e+0	4.858000000000000e-1	2.090000000000000e-2
-7.163000000000000e+0	5.195000000000000e-1	2.160000000000000e-2
-7.104000000000000e+0	5.399000000000001e-1	2.200000000000000e-2
-7.046000000000000e+0	5.134000000000000e-1	2.150000000000000e-2
-6.988000000000001e+0	5.149000000000000e-1	2.160000000000000e-2
-6.931000000000000e+0	4.710000000000000e-1	2.070000000000000e-2
-6.874000000000000e+0	5.050000000000000e-1	2.140000000000000e-2
-6.818000000000000e+0	4.864000000000000e-1	2.110000000000000e-2
-6.762000099999999e+0	5.389000000000001e-1	2.220000000000000e-2
-6.707000000000000e+0	5.074000000000000e-1	2.160000000000000e-2
-6.652000000000000e+0	5.153000000000000e-1	2.180000000000000e-2
-6.597000000000001e+0	5.064999999999999e-1	2.160000000000000e-2
-6.543000000000000e+0	5.255000000000000e-1	2.210000000000000e-2
-6.490000000000000e+0	5.501000000000000e-1	2.260000000000000e-2
-6.437000000000000e+0	5.349000000000001e-1	2.230000000000000e-2
-6.384000000000000e+0	5.185999999999999e-1	2.200000000000000e-2
-6.332000000000000e+0	5.172000000000000e-1	2.200000000000000e-2
-6.280000000000000e+0	5.158000000000000e-1	2.200000000000000e-2
-6.228000000000000e+0	5.247000000000001e-1	2.220000000000000e-2
-6.177000000000000e+0	5.667000000000000e-1	2.310000000000000e-2
-6.127000000000000e+0	5.709999999999999e-1	2.320000000000000e-2
-6.076000000000000e+0	5.261000000000000e-1	2.230000000000000e-2
-6.027000000000000e+0	4.914000000000000e-1	2.160000000000000e-2
-5.977000000000000e+0	5.232000000000000e-1	2.230000000000000e-2
-5.928000000000000e+0	4.845000000000000e-1	2.150000000000000e-2
-5.878999999999999e+0	5.116000000000001e-1	2.210000000000000e-2
-5.831000000000001e+0	5.215999999999999e-1	2.240000000000000e-2
-5.783000000000000e+0	5.500000000000001e-1	2.300000000000000e-2
-5.736000000000000e+0	5.002000000000000e-1	2.200000000000000e-2
-5.689000000000000e+0	5.490000000000001e-1	2.310000000000000e-2
-5.642000000000000e+0	5.223000000000000e-1	2.250000000000000e-2
-5.596000000000000e+0	5.188000000000000e-1	2.250000000000000e-2
-5.550000000000000e+0	5.572000000000000e-1	2.330000000000000e-2
-5.503999999999999e+0	5.145999999999999e-1	2.240000000000000e-2
-5.459000000000000e+0	5.003000000000000e-1	2.220000000000000e-2
-5.414000000000000e+0	5.527000000000000e-1	2.330000000000000e-2
-5.369000000000000e+0	5.117000000000001e-1	2.250000000000000e-2
-5.325000000000000e+0	5.348000000000001e-1	2.300000000000000e-2
-5.281000000000000e+0	5.322000000000000e-1	2.300000000000000e-2
-5.237000000000000e+0	5.376000000000000e-1	2.310000000000000e-2
-5.194000000000000e+0	4.951000000000000e-1	2.220000000000000e-2
-5.151000000000000e+0	5.313000000000000e-1	2.300000000000000e-2
-5.108000000000000e+0	5.547000000000000e-1	2.360000000000000e-2
-5.066000000000000e+0	5.270000000000000e-1	2.300000000000000e-2
-5.024000000000000e+0	5.676000000000000e-1	2.390000000000000e-2
-4.983000000000000e+0	4.974000000000000e-1	2.240000000000000e-2
-4.941000000000000e+0	5.391000000000000e-1	2.330000000000000e-2
-4.900000000000000e+0	5.333000000000000e-1	2.330000000000000e-2
-4.859000000000000e+0	5.326000000000000e-1	2.330000000000000e-2
-4.819000000000000e+0	5.635000000000000e-1	2.400000000000000e-2
-4.779000000000000e+0	5.424000000000000e-1	2.350000000000000e-2
-4.739000000000000e+0	5.561000000000000e-1	2.390000000000000e-2
-4.700000000000000e+0	4.999000000000000e-1	2.270000000000000e-2
-4.660000000000000e+0	5.197000000000001e-1	2.310000000000000e-2
-4.621000000000001e+0	5.508999999999999e-1	2.380000000000000e-2
-4.583000000000000e+0	5.657000000000000e-1	2.420000000000000e-2
-4.543999999999999e+0	5.649999999999999e-1	2.420000000000000e-2
-4.506000000000000e+0	5.383000000000000e-1	2.370000000000000e-2
-4.468000000000000e+0	5.574000000000000e-1	2.410000000000000e-2
-4.431000000000000e+0	5.295000000000000e-1	2.350000000000000e-2
-4.394000000000000e+0	5.350000000000000e-1	2.370000000000000e-2
-4.357000000000000e+0	5.237000000000001e-1	2.340000000000000e-2
-4.320000000000000e+0	5.144000000000000e-1	2.330000000000000e-2
-4.283000000000000e+0	5.473000000000000e-1	2.400000000000000e-2
-4.247000000000000e+0	5.475000000000000e-1	2.410000000000000e-2
-4.211000000000000e+0	5.732000000000001e-1	2.460000000000000e-2
-4.176000000000000e+0	5.056000000000001e-1	2.320000000000000e-2
-4.140000000000000e+0	5.249000000000000e-1	2.360000000000000e-2
-4.105000000000001e+0	5.677000000000000e-1	2.460000000000000e-2
-4.070000000000000e+0	5.734000000000000e-1	2.480000000000000e-2
-4.035000000000000e+0	5.350000000000000e-1	2.390000000000000e-2
-4.001000000000000e+0	5.481000000000000e-1	2.430000000000000e-2
-3.967000000000000e+0	5.182000000000000e-1	2.360000000000000e-2
-3.933000000000000e+0	5.313000000000000e-1	2.400000000000000e-2
-3.899000000000000e+0	5.401000000000000e-1	2.420000000000000e-2
-3.866000000000000e+0	5.913000000000001e-1	2.530000000000000e-2
-3.832000000000000e+0	5.860999999999999e-1	2.520000000000000e-2
-3.799000000000000e+0	5.679000000000000e-1	2.490000000000000e-2
-3.766000000000000e+0	5.463000000000000e-1	2.440000000000000e-2
-3.734000000000000e+0	5.574000000000000e-1	2.470000000000000e-2
-3.702000000000000e+0	5.653000000000000e-1	2.490000000000000e-2
-3.669000000000000e+0	5.611000000000001e-1	2.480000000000000e-2
-3.638000000000000e+0	5.976000000000000e-1	2.570000000000000e-2
-3.606000000000000e+0	5.217000000000001e-1	2.400000000000000e-2
-3.574000000000000e+0	5.439000000000001e-1	2.450000000000000e-2
-3.543000000000000e+0	5.185000000000000e-1	2.400000000000000e-2
-3.512000000000000e+0	5.664000000000000e-1	2.510000000000000e-2
-3.481000000000000e+0	5.386999999999999e-1	2.450000000000000e-2
-3.451000000000000e+0	5.757000000000000e-1	2.540000000000000e-2
-3.420000000000000e+0	5.837000000000000e-1	2.560000000000000e-2
-3.390000000000000e+0	5.817000000000000e-1	2.560000000000000e-2
-3.360000000000000e+0	5.470000000000001e-1	2.480000000000000e-2
-3.330000000000000e+0	6.441000000000000e-1	2.700000000000000e-2
-3.301000000000000e+0	5.461000000000000e-1	2.480000000000000e-2
-3.271000000000000e+0	5.348000000000001e-1	2.460000000000000e-2
-3.242000000000000e+0	6.041999999999999e-1	2.620000000000000e-2
-3.213000000000000e+0	5.213000000000000e-1	2.440000000000000e-2
-3.184000000000000e+0	5.829000000000000e-1	2.580000000000000e-2
-3.156000000000000e+0	5.888000000000000e-1	2.590000000000000e-2
-3.127000000000000e+0	5.316000000000000e-1	2.470000000000000e-2
-3.099000000000000e+0	5.443000000000000e-1	2.500000000000000e-2
-3.071000000000000e+0	6.213999999999999e-1	2.670000000000000e-2
-3.043000000000000e+0	5.594000000000000e-1	2.540000000000000e-2
-3.016000000000000e+0	5.595000000000000e-1	2.540000000000000e-2
-2.988000000000000e+0	5.699000000000000e-1	2.570000000000000e-2
-2.961000000000000e+0	5.735000000000000e-1	2.580000000000000e-2
-2.934000000000000e+0	5.713000000000000e-1	2.580000000000000e-2
-2.907000000000000e+0	5.981999999999999e-1	2.640000000000000e-2
-2.880000000000000e+0	5.691000000000001e-1	2.580000000000000e-2
-2.853000000000000e+0	5.633000000000000e-1	2.570000000000000e-2
-2.827000000000000e+0	5.411000000000000e-1	2.520000000000000e-2
-2.801000000000000e+0	5.587000000000000e-1	2.560000000000000e-2
-2.774000000000000e+0	6.330000000000000e-1	2.730000000000000e-2
-2.749000000000000e+0	5.824000000000000e-1	2.620000000000000e-2
-2.723000000000000e+0	5.611000000000001e-1	2.580000000000000e-2
-2.697000000000000e+0	5.825000000000000e-1	2.630000000000000e-2
-2.672000000000000e+0	5.683000000000000e-1	2.600000000000000e-2
-2.646000000000000e+0	5.850000000000000e-1	2.640000000000000e-2
-2.621000000000000e+0	5.862000000000001e-1	2.650000000000000e-2
-2.596000000000000e+0	5.658999999999999e-1	2.600000000000000e-2
-2.572000000000000e+0	6.042999999999999e-1	2.690000000000000e-2
-2.547000000000000e+0	5.635000000000000e-1	2.600000000000000e-2
-2.522000000000000e+0	5.768000000000000e-1	2.640000000000000e-2
-2.498000000000000e+0	5.852000000000001e-1	2.660000000000000e-2
-2.474000000000000e+0	5.779999999999999e-1	2.640000000000000e-2
-2.450000000000000e+0	5.465000000000000e-1	2.570000000000000e-2
-2.426000000000000e+0	5.804000000000000e-1	2.650000000000000e-2
-2.402000000000000e+0	5.840000000000000e-1	2.670000000000000e-2
-2.379000000000000e+0	5.900999999999999e-1	2.680000000000000e-2
-2.355000000000000e+0	5.608000000000000e-1	2.620000000000000e-2
-2.332000000000000e+0	6.195000000000001e-1	2.750000000000000e-2
-2.309000000000000e+0	5.558000000000000e-1	2.610000000000000e-2
-2.286000000000000e+0	5.631000000000001e-1	2.630000000000000e-2
-2.263000000000000e+0	5.815000000000000e-1	2.680000000000000e-2
-2.240000000000000e+0	6.122999999999999e-1	2.750000000000000e-2
-2.218000000000000e+0	5.827000000000000e-1	2.680000000000000e-2
-2.195000000000000e+0	5.826000000000000e-1	2.690000000000000e-2
-2.173000000000000e+0	6.447000000000001e-1	2.830000000000000e-2
-2.151000000000000e+0	6.236000000000001e-1	2.790000000000000e-2
-2.129000000000000e+0	5.637000000000000e-1	2.650000000000000e-2
-2.107000000000000e+0	6.011000000000000e-1	2.740000000000000e-2
-2.085000000000000e+0	5.759999999999999e-1	2.690000000000000e-2
-2.064000000000000e+0	6.399000000000000e-1	2.830000000000000e-2
-2.042000000000000e+0	5.872000000000001e-1	2.720000000000000e-2
-2.021000000000000e+0	5.745000000000000e-1	2.690000000000000e-2
-1.999000000000000e+0	5.757000000000000e-1	2.700000000000000e-2
-1.978000000000000e+0	6.059000000000000e-1	2.770000000000000e-2
-1.957000000000000e+0	6.097000000000000e-1	2.780000000000000e-2
-1.936000000000000e+0	6.896000000000000e-1	2.960000000000000e-2
-1.916000000000000e+0	5.777000000000000e-1	2.710000000000000e-2
-1.895000000000000e+0	6.031000000000000e-1	2.770000000000000e-2
-1.875000000000000e+0	6.171000000000000e-1	2.810000000000000e-2
-1.854000000000000e+0	6.106000000000000e-1	2.800000000000000e-2
-1.834000000000000e+0	6.054000000000001e-1	2.790000000000000e-2
-1.814000000000000e+0	5.911999999999999e-1	2.760000000000000e-2
-1.794000000000000e+0	6.799000099999999e-1	2.960000000000000e-2
-1.774000000000000e+0	6.206000000000001e-1	2.830000000000000e-2
-1.754000000000000e+0	6.503000000000000e-1	2.900000000000000e-2
-1.735000000000000e+0	6.490000000000000e-1	2.900000000000000e-2
-1.715000000000000e+0	6.477000000000001e-1	2.900000000000000e-2
-1.696000000000000e+0	6.138000000000000e-1	2.830000000000000e-2
-1.676000000000000e+0	6.463000000000000e-1	2.900000000000000e-2
-1.657000000000000e+0	5.888000000000000e-1	2.770000000000000e-2
-1.638000000000000e+0	6.042999999999999e-1	2.810000000000000e-2
-1.619000000000000e+0	6.251000000000000e-1	2.860000000000000e-2
-1.600000000000000e+0	6.067000000000000e-1	2.820000000000000e-2
-1.581000000000000e+0	6.447000000000001e-1	2.910000000000000e-2
-1.563000000000000e+0	6.907000000000000e-1	3.020000000000000e-2
-1.544000000000000e+0	6.656000000000000e-1	2.960000000000000e-2
-1.526000000000000e+0	5.849000000000000e-1	2.780000000000000e-2
-1.507000000000000e+0	6.629000000000001e-1	2.960000000000000e-2
-1.489000000000000e+0	5.884000000000000e-1	2.800000000000000e-2
-1.471000000000000e+0	6.401000000000000e-1	2.920000000000000e-2
-1.453000000000000e+0	6.200000000000000e-1	2.880000000000000e-2
-1.435000000000000e+0	5.825000000000000e-1	2.790000000000000e-2
-1.417000000000000e+0	6.344000000000000e-1	2.910000000000000e-2
-1.400000000000000e+0	6.718000099999999e-1	3.000000000000000e-2
-1.382000000000000e+0	6.879000099999999e-1	3.040000000000000e-2
-1.364000000000000e+0	6.555000000000000e-1	2.970000000000000e-2
-1.347000000000000e+0	6.338000000000000e-1	2.920000000000000e-2
-1.330000000000000e+0	6.350000000000000e-1	2.930000000000000e-2
-1.312000000000000e+0	6.415999999999999e-1	2.950000000000000e-2
-1.295000000000000e+0	6.618000000000001e-1	3.000000000000000e-2
-1.278000000000000e+0	6.468000000000001e-1	2.960000000000000e-2
-1.261000000000000e+0	6.139000000000000e-1	2.890000000000000e-2
-1.244000000000000e+0	6.260000000000000e-1	2.920000000000000e-2
-1.228000000000000e+0	6.284999999999999e-1	2.930000000000000e-2
-1.211000000000000e+0	6.489000000000000e-1	2.980000000000000e-2
-1.195000000000000e+0	6.665000000000000e-1	3.020000000000000e-2
-1.178000000000000e+0	6.525999999999999e-1	2.990000000000000e-2
-1.162000000000000e+0	6.318000000000000e-1	2.950000000000000e-2
-1.145000000000000e+0	7.502000000000000e-1	3.220000000000000e-2
-1.129000000000000e+0	7.309000000000000e-1	3.180000000000000e-2
-1.113000000000000e+0	6.768000099999999e-1	3.060000000000000e-2
-1.097000000000000e+0	6.559000000000000e-1	3.020000000000000e-2
-1.081000000000000e+0	6.432000000000000e-1	2.990000000000000e-2
-1.065000000000000e+0	7.515000000000000e-1	3.230000000000000e-2
-1.050000000000000e+0	6.665000000000000e-1	3.050000000000000e-2
-1.034000000000000e+0	6.705000000000000e-1	3.060000000000000e-2
-1.018000000000000e+0	7.263000000000000e-1	3.190000000000000e-2
-1.003000000000000e+0	6.645000000000000e-1	3.050000000000000e-2
-9.870000000000000e-1	7.401000000000000e-1	3.220000000000000e-2
-9.720000000000000e-1	6.331000000000000e-1	2.980000000000000e-2
-9.570000000000000e-1	6.850000000000001e-1	3.110000000000000e-2
-9.420000000000000e-1	6.707000000000000e-1	3.080000000000000e-2
-9.260000000000000e-1	6.959000000000000e-1	3.140000000000000e-2
-9.110000000000000e-1	6.873000000000000e-1	3.120000000000000e-2
-8.960000000000000e-1	7.098000000000000e-1	3.170000000000000e-2
-8.820000000000000e-1	7.025000000000000e-1	3.160000000000000e-2
-8.670000000000000e-1	6.895000000000000e-1	3.130000000000000e-2
-8.520000000000000e-1	7.450000000000000e-1	3.260000000000000e-2
-8.380000000000000e-1	6.963000000000000e-1	3.160000000000000e-2
-8.230000000000000e-1	7.305000000000000e-1	3.230000000000000e-2
-8.090000000000000e-1	7.605000000000000e-1	3.300000000000000e-2
-7.940000000000000e-1	7.489000000000000e-1	3.280000000000000e-2
-7.800000000000000e-1	7.646000000000000e-1	3.320000000000000e-2
-7.660000000000000e-1	7.140000000000000e-1	3.210000000000000e-2
-7.510000000000000e-1	7.745000000000000e-1	3.350000000000000e-2
-7.370000000000000e-1	7.990000000000000e-1	3.400000000000000e-2
-7.230000000000000e-1	8.048000000000000e-1	3.420000000000000e-2
-7.090000000000000e-1	7.742000000000000e-1	3.350000000000000e-2
-6.960000099999999e-1	7.930000000000000e-1	3.400000000000000e-2
-6.820000000000001e-1	7.551000000000000e-1	3.320000000000000e-2
-6.680000000000000e-1	7.973000000000000e-1	3.410000000000000e-2
-6.540000000000000e-1	8.001000000000000e-1	3.420000000000000e-2
-6.410000000000000e-1	8.293000000000000e-1	3.490000000000000e-2
-6.270000000000000e-1	8.352000000000000e-1	3.500000000000000e-2
-6.140000000000000e-1	8.954000000000000e-1	3.630000000000000e-2
-6.010000000000000e-1	8.631000000000000e-1	3.570000000000000e-2
-5.870000000000000e-1	9.295000000000000e-1	3.700000000000000e-2
-5.739999999999999e-1	9.577000000000000e-1	3.760000000000000e-2
-5.610000000000001e-1	9.490000000000000e-1	3.750000000000000e-2
-5.480000000000001e-1	1.011400000000000e+0	3.870000000000000e-2
-5.350000000000000e-1	9.909000000000000e-1	3.840000000000000e-2
-5.220000000000000e-1	1.062500000000000e+0	3.980000000000000e-2
-5.090000000000000e-1	1.104500000000000e+0	4.060000000000000e-2
-4.960000000000000e-1	1.125800000000000e+0	4.100000000000000e-2
-4.830000000000000e-1	1.219000000000000e+0	4.270000000000000e-2
-4.710000000000000e-1	1.304900000000000e+0	4.420000000000000e-2
-4.580000000000000e-1	1.349200000000000e+0	4.500000000000000e-2
-4.450000000000000e-1	1.360500000000000e+0	4.520000000000000e-2
-4.330000000000000e-1	1.457600000000000e+0	4.680000000000000e-2
-4.200000000000000e-1	1.615400000000000e+0	4.940000000000000e-2
-4.080000000000000e-1	1.619700000000000e+0	4.950000000000000e-2
-3.960000000000000e-1	1.776800000000000e+0	5.190000000000000e-2
-3.830000000000000e-1	2.040500000000000e+0	5.560000000000000e-2
-3.710000000000000e-1	2.214000000000000e+0	5.800000000000000e-2
-3.590000000000000e-1	2.416900000000000e+0	6.060000000000000e-2
-3.470000100000000e-1	2.780500000000000e+0	6.510000000000001e-2
-3.350000000000000e-1	2.983500000000000e+0	6.750000000000001e-2
-3.230000000000000e-1	3.202500000000000e+0	7.000000000000001e-2
-3.110000000000000e-1	3.566100000000000e+0	7.390000000000000e-2
-2.990000000000000e-1	4.108799999999999e+0	7.940000000000000e-2
-2.870000000000000e-1	4.335300000000000e+0	8.160000000000000e-2
-2.760000000000000e-1	4.773300000000000e+0	8.570000000000000e-2
-2.640000000000000e-1	5.246600000000000e+0	8.990000000000000e-2
-2.520000000000000e-1	5.692200000000000e+0	9.370000000000000e-2
-2.410000000000000e-1	5.809800000000000e+0	9.480000000000000e-2
-2.290000000000000e-1	6.313400000000000e+0	9.890000000000000e-2
-2.180000000000000e-1	6.629400000000001e+0	1.014000000000000e-1
-2.070000000000000e-1	6.919900000000000e+0	1.037000000000000e-1
-1.950000000000000e-1	7.180300000000000e+0	1.057000000000000e-1
-1.840000000000000e-1	7.600400000000000e+0	1.089000000000000e-1
-1.730000100000000e-1	7.812700000000000e+0	1.105000000000000e-1
-1.620000000000000e-1	8.568300000000000e+0	1.158000000000000e-1
-1.510000000000000e-1	9.700800000000000e+0	1.233000000000000e-1
-1.390000000000000e-1	1.364580000000000e+1	1.463000000000000e-1
-1.280000000000000e-1	2.491680000000000e+1	1.979000000000000e-1
-1.180000000000000e-1	5.131200000000000e+1	2.842000000000000e-1
-1.070000000000000e-1	1.052574000000000e+2	4.074000000000000e-1
-9.600000000000000e-2	1.942330000000000e+2	5.538999999999999e-1
-8.500000000000000e-2	3.258321000000000e+2	7.179000000000000e-1
-7.400000000000000e-2	4.939260000000000e+2	8.846000000000000e-1
-6.400000000000000e-2	6.895403000000000e+2	1.046100000000000e+0
-5.300000000000000e-2	8.911965000000000e+2	1.190200000000000e+0
-4.200000000000000e-2	1.067876800000000e+3	1.303900000000000e+0
-3.200000000000000e-2	1.193217400000000e+3	1.379400000000000e+0
-2.100000000000000e-2	1.248331400000000e+3	1.412000000000000e+0
-1.100000000000000e-2	1.223498000000000e+3	1.399000000000000e+0
-1.000000000000000e-3	1.125865700000000e+3	1.343100000000000e+0
1.000000000000000e-2	9.685985000000000e+2	1.246700000000000e+0
2.000000000000000e-2	7.825017000000000e+2	1.121500000000000e+0
3.000000000000000e-2	5.922412000000001e+2	9.764000000000000e-1
4.100000000000000e-2	4.170890000000000e+2	8.201000000000000e-1
5.100000000000000e-2	2.753428000000000e+2	6.667999999999999e-1
6.100000000000000e-2	1.713344100000000e+2	5.264000000000000e-1
7.100000099999999e-2	9.987450000000000e+1	4.022000000000000e-1
8.100000000000000e-2	5.863880000000000e+1	3.084000000000000e-1
9.100000000000000e-2	3.616420000000000e+1	2.424000000000000e-1
1.010000000000000e-1	2.450570000000000e+1	1.997000000000000e-1
1.100000000000000e-1	1.923960000000000e+1	1.771000000000000e-1
1.200000000000000e-1	1.759770000000000e+1	1.695000000000000e-1
1.300000000000000e-1	1.643310000000000e+1	1.639000000000000e-1
1.400000000000000e-1	1.632430000000000e+1	1.635000000000000e-1
1.490000000000000e-1	1.616910000000000e+1	1.629000000000000e-1
1.590000000000000e-1	1.636000000000000e+1	1.639000000000000e-1
1.690000000000000e-1	1.683280100000000e+1	1.664000000000000e-1
1.780000000000000e-1	1.710100000000000e+1	1.679000000000000e-1
1.880000000000000e-1	1.714710100000000e+1	1.682000100000000e-1
1.970000000000000e-1	1.751890100000000e+1	1.702000000000000e-1
2.070000000000000e-1	1.734710000000000e+1	1.695000000000000e-1
2.160000000000000e-1	1.719130100000000e+1	1.688000000000000e-1
2.250000000000000e-1	1.709970100000000e+1	1.685000000000000e-1
2.350000000000000e-1	1.719560100000000e+1	1.691000000000000e-1
2.440000000000000e-1	1.641910000000000e+1	1.654000000000000e-1
2.530000000000000e-1	1.599200000000000e+1	1.633000000000000e-1
2.620000000000000e-1	1.543000000000000e+1	1.606000000000000e-1
2.710000000000000e-1	1.479920000000000e+1	1.574000000000000e-1
2.800000000000000e-1	1.392340000000000e+1	1.528000000000000e-1
2.890000000000000e-1	1.330340000000000e+1	1.494000000000000e-1
2.980000000000000e-1	1.220740000000000e+1	1.432000000000000e-1
3.070000000000000e-1	1.177470000000000e+1	1.408000000000000e-1
3.160000000000000e-1	1.106750000000000e+1	1.366000000000000e-1
3.250000000000000e-1	1.046800000000000e+1	1.329000000000000e-1
3.340000000000000e-1	9.957800000000000e+0	1.298000000000000e-1
3.430000000000000e-1	9.178500000000000e+0	1.247000000000000e-1
3.520000100000000e-1	8.875100000000000e+0	1.227000000000000e-1
3.600000000000000e-1	8.332900000000000e+0	1.190000000000000e-1
3.690000000000000e-1	8.056200000000000e+0	1.171000000000000e-1
3.780000000000000e-1	7.802500000000000e+0	1.153000000000000e-1
3.860000000000000e-1	7.592300000000000e+0	1.138000000000000e-1
3.950000000000000e-1	7.422400000000000e+0	1.126000000000000e-1
4.030000000000000e-1	7.070700000000001e+0	1.100000000000000e-1
4.120000000000000e-1	6.954300000000000e+0	1.092000000000000e-1
4.200000000000000e-1	6.938900000000000e+0	1.091000000000000e-1
4.290000000000000e-1	6.509100000000000e+0	1.058000000000000e-1
4.370000000000000e-1	6.474000000000000e+0	1.056000000000000e-1
4.450000000000000e-1	6.202500000000000e+0	1.034000000000000e-1
4.540000000000000e-1	6.296200000000000e+0	1.043000000000000e-1
4.620000000000000e-1	6.267400000000000e+0	1.041000000000000e-1
4.700000000000000e-1	5.999600000000000e+0	1.019000000000000e-1
4.780000000000000e-1	5.871400000000000e+0	1.009000000000000e-1
4.860000000000000e-1	5.774100000000000e+0	1.001000000000000e-1
4.950000000000000e-1	5.589400000000000e+0	9.860000000000000e-2
5.030000000000000e-1	5.496600000000000e+0	9.780000000000000e-2
5.110000000000000e-1	5.455700000000000e+0	9.750000000000000e-2
5.190000000000000e-1	5.323900000000000e+0	9.640000000000000e-2
5.270000000000000e-1	5.139300000000001e+0	9.480000000000000e-2
5.350000000000000e-1	5.211500000000000e+0	9.560000000000000e-2
5.430000000000000e-1	5.169900000000000e+0	9.520000000000000e-2
5.500000000000001e-1	4.919200000000000e+0	9.300000000000000e-2
5.580000000000001e-1	4.723900000000001e+0	9.120000000000000e-2
5.659999999999999e-1	4.815300000000000e+0	9.210000000000000e-2
5.739999999999999e-1	4.746400000000000e+0	9.150000000000000e-2
5.820000000000000e-1	4.428100000000000e+0	8.850000000000000e-2
5.890000000000000e-1	4.468000000000000e+0	8.890000000000000e-2
5.970000000000000e-1	4.251200000000000e+0	8.680000000000000e-2
6.050000000000000e-1	4.189800000000000e+0	8.620000000000000e-2
6.120000000000000e-1	4.176200000000000e+0	8.610000000000000e-2
6.200000000000000e-1	3.998900000000000e+0	8.440000000000000e-2
6.270000000000000e-1	4.108000000000000e+0	8.560000000000000e-2
6.350000000000000e-1	3.937100000000000e+0	8.380000000000000e-2
6.420000000000000e-1	3.974900000000000e+0	8.430000000000000e-2
6.500000000000000e-1	3.987700000000000e+0	8.450000000000000e-2
6.570000000000000e-1	3.794400000000000e+0	8.250000000000000e-2
6.650000000000000e-1	3.862600000000000e+0	8.330000000000000e-2
6.720000000000001e-1	3.688300000000000e+0	8.140000000000000e-2
6.790000000000001e-1	3.693500000000000e+0	8.150000000000000e-2
6.860000000000001e-1	3.650000000000000e+0	8.110000000000000e-2
6.940000099999999e-1	3.752600000000000e+0	8.230000000000000e-2
7.010000099999999e-1	3.606100000000000e+0	8.070000000000000e-2
7.080000000000000e-1	3.560400000000000e+0	8.030000000000000e-2
7.150000000000000e-1	3.538200100000000e+0	8.010000000000000e-2
7.220000000000000e-1	3.421600000000000e+0	7.880000000000000e-2
7.300000000000000e-1	3.355500000000000e+0	7.810000000000000e-2
7.370000000000000e-1	3.507600000000000e+0	7.990000000000000e-2
7.440000000000000e-1	3.313800000000000e+0	7.770000000000000e-2
7.510000000000000e-1	3.362200000000000e+0	7.830000000000000e-2
7.580000000000000e-1	3.452800000000000e+0	7.940000000000000e-2
7.650000000000000e-1	3.280000000000000e+0	7.750000000000000e-2
7.720000000000000e-1	3.275400000000000e+0	7.750000000000000e-2
7.790000000000000e-1	3.296500000000000e+0	7.780000000000000e-2
7.850000000000000e-1	3.227500000000000e+0	7.700000000000000e-2
7.920000000000000e-1	3.270600000000000e+0	7.760000000000000e-2
7.990000000000000e-1	3.203200000000000e+0	7.680000000000000e-2
8.060000000000000e-1	3.058100000000000e+0	7.510000000000000e-2
8.130000000000000e-1	3.095600000000000e+0	7.560000000000000e-2
8.190000000000000e-1	2.937000000000000e+0	7.370000000000000e-2
8.260000000000000e-1	2.994800000000000e+0	7.450000000000000e-2
8.330000000000000e-1	2.976600000000000e+0	7.430000000000000e-2
8.390000000000000e-1	3.082900000000000e+0	7.570000000000000e-2
8.460000000000000e-1	3.008900000000000e+0	7.480000000000000e-2
8.530000000000000e-1	2.964600000000000e+0	7.430000000000000e-2
8.590000000000000e-1	2.875300000000000e+0	7.320000000000000e-2
8.660000000000000e-1	2.924100000000000e+0	7.390000000000000e-2
8.720000000000000e-1	3.001000000000000e+0	7.490000000000000e-2
8.790000000000000e-1	2.780200000000000e+0	7.220000000000000e-2
8.850000000000000e-1	2.759600000000000e+0	7.190000000000001e-2
8.920000000000000e-1	2.804700000000000e+0	7.260000000000000e-2
8.980000000000000e-1	2.714400000000000e+0	7.150000099999999e-2
9.040000000000000e-1	2.678500000000000e+0	7.100000099999999e-2
9.110000000000000e-1	2.727400000000000e+0	7.170000000000000e-2
9.170000000000000e-1	2.640400000000000e+0	7.060000000000000e-2
9.230000000000000e-1	2.655300000000000e+0	7.090000000000001e-2
9.300000000000000e-1	2.691000000000000e+0	7.140000000000001e-2
9.360000000000000e-1	2.700300000000000e+0	7.160000000000000e-2
9.420000000000000e-1	2.829300000000000e+0	7.330000000000000e-2
9.480000000000000e-1	2.637200000000000e+0	7.080000000000000e-2
9.550000000000000e-1	2.707400000000000e+0	7.180000000000000e-2
9.610000000000000e-1	2.653800000000000e+0	7.110000000000000e-2
9.670000000000000e-1	2.537000000000000e+0	6.960000099999999e-2
9.730000000000000e-1	2.767900000000000e+0	7.270000000000000e-2
9.790000000000000e-1	2.806000000000000e+0	7.330000000000000e-2
9.850000000000000e-1	2.518400000000000e+0	6.950000000000001e-2
9.910000000000000e-1	2.617700000000000e+0	7.090000000000001e-2
9.970000000000000e-1	2.561600000000000e+0	7.020000000000000e-2
1.003000000000000e+0	2.718900000000000e+0	7.230000000000000e-2
1.009000000000000e+0	2.610700000000000e+0	7.090000000000001e-2
1.015000000000000e+0	2.602600000000000e+0	7.090000000000001e-2
1.021000000000000e+0	2.484300000000000e+0	6.930000000000000e-2
1.027000000000000e+0	2.417900000000000e+0	6.840000000000000e-2
1.033000000000000e+0	2.469500000000000e+0	6.920000000000000e-2
1.039000000000000e+0	2.563900000000000e+0	7.050000099999999e-2
1.045000000000000e+0	2.520600000000000e+0	7.000000000000001e-2
1.050000000000000e+0	2.510300000000000e+0	6.990000000000000e-2
1.056000000000000e+0	2.550600000000000e+0	7.050000099999999e-2
1.062000000000000e+0	2.505200000000000e+0	6.990000000000000e-2
1.068000000000000e+0	2.473300000000000e+0	6.950000000000001e-2
1.073000000000000e+0	2.335800000000000e+0	6.760000099999999e-2
1.079000000000000e+0	2.424900000000000e+0	6.890000000000000e-2
1.085000000000000e+0	2.441800000000000e+0	6.920000000000000e-2
1.090000000000000e+0	2.443000000000000e+0	6.920000000000000e-2
1.096000000000000e+0	2.408800000000000e+0	6.880000000000000e-2
1.102000000000000e+0	2.409900000000000e+0	6.890000000000000e-2
1.107000000000000e+0	2.495800000000000e+0	7.010000099999999e-2
1.113000000000000e+0	2.420100000000000e+0	6.910000099999999e-2
1.118000000000000e+0	2.502200000000000e+0	7.030000000000000e-2
1.124000000000000e+0	2.365000000000000e+0	6.840000000000000e-2
1.129000000000000e+0	2.524500000000000e+0	7.070000000000000e-2
1.135000000000000e+0	2.424600000000000e+0	6.930000000000000e-2
1.140000000000000e+0	2.582500000000000e+0	7.160000000000000e-2
1.146000000000000e+0	2.472600000000000e+0	7.010000099999999e-2
1.151000000000000e+0	2.211000000000000e+0	6.630000000000000e-2
1.157000000000000e+0	2.285600000000000e+0	6.750000000000001e-2
1.162000000000000e+0	2.344400000000000e+0	6.840000000000000e-2
1.167000000000000e+0	2.209500000000000e+0	6.640000000000000e-2
1.173000000000000e+0	2.366300000000000e+0	6.880000000000000e-2
1.178000000000000e+0	2.307200000000000e+0	6.800000000000001e-2
1.183000000000000e+0	2.227900000000000e+0	6.680000000000000e-2
1.188000000000000e+0	2.451600000000000e+0	7.020000000000000e-2
1.194000000000000e+0	2.307900000000000e+0	6.810000099999999e-2
1.199000000000000e+0	2.385300000000000e+0	6.930000000000000e-2
1.204000000000000e+0	2.356100000000000e+0	6.890000000000000e-2
1.209000000000000e+0	2.349000000000000e+0	6.890000000000000e-2
1.215000000000000e+0	2.319600000000000e+0	6.850000000000001e-2
1.220000000000000e+0	2.237500000000000e+0	6.730000000000000e-2
1.225000000000000e+0	2.408500000000000e+0	6.980000000000000e-2
1.230000000000000e+0	2.275600000000000e+0	6.790000000000000e-2
1.235000000000000e+0	2.276400000000000e+0	6.800000000000001e-2
1.240000000000000e+0	2.317900000000000e+0	6.860000099999999e-2
1.245000000000000e+0	2.300400000000000e+0	6.840000000000000e-2
1.250000000000000e+0	2.287000000000000e+0	6.830000000000000e-2
1.255000000000000e+0	2.300000000000000e+0	6.850000000000001e-2
1.260000000000000e+0	2.294700000000000e+0	6.850000000000001e-2
1.265000000000000e+0	2.451000000000000e+0	7.080000000000000e-2
1.270000000000000e+0	2.292200000000000e+0	6.850000000000001e-2
1.275000000000000e+0	2.315500000000000e+0	6.890000000000000e-2
1.280000000000000e+0	2.378000000000000e+0	6.990000000000000e-2
1.285000000000000e+0	2.306900000000000e+0	6.890000000000000e-2
1.290000000000000e+0	2.422900000000000e+0	7.060000000000000e-2
1.295000000000000e+0	2.428000000000000e+0	7.070000000000000e-2
1.300000000000000e+0	2.416500000000000e+0	7.060000000000000e-2
1.304000000000000e+0	2.376100000000000e+0	7.010000099999999e-2
1.309000000000000e+0	2.219700000000000e+0	6.780000000000000e-2
1.314000000000000e+0	2.481400000000000e+0	7.170000000000000e-2
1.319000000000000e+0	2.202400000000000e+0	6.760000099999999e-2
1.324000000000000e+0	2.346200000000000e+0	6.980000000000000e-2
1.328000000000000e+0	2.463500000000000e+0	7.160000000000000e-2
1.333000000000000e+0	2.406100000000000e+0	7.080000000000000e-2
1.338000000000000e+0	2.359000000000000e+0	7.010000099999999e-2
1.343000000000000e+0	2.403600000000000e+0	7.080000000000000e-2
1.347000000000000e+0	2.316700000000000e+0	6.960000099999999e-2
1.352000000000000e+0	2.300700000000000e+0	6.940000000000000e-2
1.357000000000000e+0	2.288800000000000e+0	6.920000000000000e-2
1.361000000000000e+0	2.285300000000000e+0	6.920000000000000e-2
1.366000000000000e+0	2.197800000000000e+0	6.790000000000000e-2
1.370000000000000e+0	2.282400000000000e+0	6.930000000000000e-2
1.375000000000000e+0	2.220000000000000e+0	6.830000000000000e-2
1.379000000000000e+0	2.247900000000000e+0	6.880000000000000e-2
1.384000000000000e+0	2.271700000000000e+0	6.920000000000000e-2
1.389000000000000e+0	2.234300000000000e+0	6.870000000000000e-2
1.393000000000000e+0	2.279300000000000e+0	6.940000000000000e-2
1.398000000000000e+0	2.203700000000000e+0	6.830000000000000e-2
1.402000000000000e+0	2.214800000000000e+0	6.850000000000001e-2
1.407000000000000e+0	2.242900000000000e+0	6.900000000000001e-2
1.411000000000000e+0	2.307200000000000e+0	7.000000000000001e-2
1.415000000000000e+0	2.278100000000000e+0	6.960000099999999e-2
1.420000000000000e+0	2.304200000000000e+0	7.010000099999999e-2
1.424000000000000e+0	2.366600000000000e+0	7.100000099999999e-2
1.429000000000000e+0	2.397200000000000e+0	7.150000099999999e-2
1.433000000000000e+0	2.359400000000000e+0	7.100000099999999e-2
1.437000000000000e+0	2.417900000000000e+0	7.190000000000001e-2
1.442000000000000e+0	2.527900000000000e+0	7.360000000000000e-2
1.446000000000000e+0	2.412900000000000e+0	7.190000000000001e-2
1.450000000000000e+0	2.426500000000000e+0	7.220000000000000e-2
1.455000000000000e+0	2.418600000000000e+0	7.210000000000000e-2
1.459000000000000e+0	2.380600000000000e+0	7.160000000000000e-2
1.463000000000000e+0	2.432900000000000e+0	7.240000000000000e-2
1.467000000000000e+0	2.459500000000000e+0	7.280000000000000e-2
1.472000000000000e+0	2.464600000000000e+0	7.300000000000000e-2
1.476000000000000e+0	2.363700000000000e+0	7.150000099999999e-2
1.480000000000000e+0	2.355600000000000e+0	7.140000000000001e-2
1.484000000000000e+0	2.406100000000000e+0	7.220000000000000e-2
1.488000000000000e+0	2.432700000000000e+0	7.270000000000000e-2
1.493000000000000e+0	2.485600000000000e+0	7.350000000000000e-2
1.497000000000000e+0	2.492800000000000e+0	7.360000000000000e-2
1.501000000000000e+0	2.195200000000000e+0	6.910000099999999e-2
1.505000000000000e+0	2.415800000000000e+0	7.260000000000000e-2
1.509000000000000e+0	2.412000000000000e+0	7.260000000000000e-2
1.513000000000000e+0	2.462900000000000e+0	7.340000000000000e-2
1.517000000000000e+0	2.483300000000000e+0	7.370000000000000e-2
1.521000000000000e+0	2.437900000000000e+0	7.310000000000000e-2
1.525000000000000e+0	2.381600000000000e+0	7.230000000000000e-2
1.529000000000000e+0	2.393100000000000e+0	7.250000000000000e-2
1.533000000000000e+0	2.376100000000000e+0	7.230000000000000e-2
1.537000000000000e+0	2.409600000000000e+0	7.280000000000000e-2
1.541000000000000e+0	2.278000000000000e+0	7.080000000000000e-2
1.545000000000000e+0	2.296100000000000e+0	7.120000000000000e-2
1.549000000000000e+0	2.442200000000000e+0	7.340000000000000e-2
1.553000000000000e+0	2.210700000000000e+0	6.990000000000000e-2
1.557000000000000e+0	2.188900000000000e+0	6.960000099999999e-2
1.561000000000000e+0	2.255700000000000e+0	7.070000000000000e-2
1.565000000000000e+0	2.267100000000000e+0	7.090000000000001e-2
1.569000000000000e+0	2.205300000000000e+0	7.000000000000001e-2
1.573000000000000e+0	2.158900000000000e+0	6.930000000000000e-2
1.577000000000000e+0	2.308300000000000e+0	7.170000000000000e-2
1.581000000000000e+0	2.195000000000000e+0	6.990000000000000e-2
1.584000000000000e+0	2.213200000000000e+0	7.030000000000000e-2
1.588000000000000e+0	2.144200000000000e+0	6.920000000000000e-2
1.592000000000000e+0	2.292000000000000e+0	7.160000000000000e-2
1.596000000000000e+0	2.077400000000000e+0	6.820000000000000e-2
1.600000000000000e+0	2.176200000000000e+0	6.980000000000000e-2
1.603000000000000e+0	2.174100000000000e+0	6.980000000000000e-2
1.607000000000000e+0	2.201300000000000e+0	7.030000000000000e-2
1.611000000000000e+0	2.188000000000000e+0	7.010000099999999e-2
1.615000000000000e+0	2.298600000000000e+0	7.190000000000001e-2
1.618000000000000e+0	2.159200000000000e+0	6.980000000000000e-2
1.622000000000000e+0	2.154800000000000e+0	6.970000000000000e-2
1.626000000000000e+0	2.100800000000000e+0	6.890000000000000e-2
1.630000000000000e+0	2.148400000000000e+0	6.970000000000000e-2
1.633000000000000e+0	2.209600000000000e+0	7.070000000000000e-2
1.637000000000000e+0	2.048900000000000e+0	6.820000000000000e-2
1.641000000000000e+0	2.273600000000000e+0	7.180000000000000e-2
1.644000000000000e+0	2.305600000000000e+0	7.240000000000000e-2
1.648000000000000e+0	2.208200000000000e+0	7.090000000000001e-2
1.651000000000000e+0	2.190100000000000e+0	7.060000000000000e-2
1.655000000000000e+0	2.192600000000000e+0	7.070000000000000e-2
1.659000000000000e+0	2.014700000000000e+0	6.780000000000000e-2
1.662000000000000e+0	2.112900000000000e+0	6.950000000000001e-2
1.666000000000000e+0	2.110700000000000e+0	6.950000000000001e-2
1.669000000000000e+0	2.181700000000000e+0	7.070000000000000e-2
1.673000000000000e+0	2.000800000000000e+0	6.770000000000000e-2
1.676000000000000e+0	2.039700000000000e+0	6.840000000000000e-2
1.680000000000000e+0	2.191300000000000e+0	7.090000000000001e-2
1.683000000000000e+0	2.002800000000000e+0	6.790000000000000e-2
1.687000000000000e+0	2.016600000000000e+0	6.810000099999999e-2
1.690000000000000e+0	2.177800000000000e+0	7.080000000000000e-2
1.694000000000000e+0	2.027900000000000e+0	6.840000000000000e-2
1.697000000000000e+0	2.034800000000000e+0	6.860000099999999e-2
1.701000000000000e+0	2.004600000000000e+0	6.810000099999999e-2
1.704000000000000e+0	1.932700000000000e+0	6.690000000000000e-2
1.708000000000000e+0	2.073900000000000e+0	6.930000000000000e-2
1.711000000000000e+0	1.988000000000000e+0	6.790000000000000e-2
1.715000000000000e+0	2.008800000000000e+0	6.830000000000000e-2
1.718000000000000e+0	1.901700000000000e+0	6.650000000000000e-2
1.721000000000000e+0	1.901400000000000e+0	6.650000000000000e-2
1.725000000000000e+0	1.961800000000000e+0	6.760000099999999e-2
1.728000000000000e+0	1.975600000000000e+0	6.790000000000000e-2
1.731000000000000e+0	1.837600000000000e+0	6.550000000000000e-2
1.735000000000000e+0	1.975200000000000e+0	6.800000000000001e-2
1.738000000000000e+0	1.876700000000000e+0	6.630000000000000e-2
1.741000000000000e+0	1.981800000000000e+0	6.810000099999999e-2
1.745000000000000e+0	2.084800000000000e+0	6.990000000000000e-2
1.748000000000000e+0	1.821800000000000e+0	6.540000000000000e-2
1.751000100000000e+0	1.960000000000000e+0	6.790000000000000e-2
1.755000100000000e+0	1.865700000000000e+0	6.630000000000000e-2
1.758000000000000e+0	1.938400000000000e+0	6.760000099999999e-2
1.761000100000000e+0	1.773000000000000e+0	6.469999999999999e-2
1.764000000000000e+0	1.692300000000000e+0	6.320000000000001e-2
1.768000000000000e+0	1.885600000000000e+0	6.669999999999999e-2
1.771000000000000e+0	1.823700000000000e+0	6.569999999999999e-2
1.774000000000000e+0	1.863600000000000e+0	6.640000000000000e-2
1.777000000000000e+0	1.787300000000000e+0	6.510000000000001e-2
1.780000000000000e+0	1.751300000000000e+0	6.450000000000000e-2
1.784000000000000e+0	1.779300000000000e+0	6.500000000000000e-2
1.787000000000000e+0	1.783600000000000e+0	6.510000000000001e-2
1.790000000000000e+0	1.695000000000000e+0	6.350000000000000e-2
1.793000000000000e+0	1.744500000000000e+0	6.450000000000000e-2
1.796000000000000e+0	1.817900000000000e+0	6.590000000000000e-2
1.799000000000000e+0	1.745800000000000e+0	6.460000000000001e-2
1.802000000000000e+0	1.754800000000000e+0	6.480000000000000e-2
1.806000000000000e+0	1.773400000000000e+0	6.519999999999999e-2
1.809000000000000e+0	1.818400000000000e+0	6.600000000000000e-2
1.812000000000000e+0	1.734000000000000e+0	6.450000000000000e-2
1.815000000000000e+0	1.699800000000000e+0	6.390000000000000e-2
1.818000000000000e+0	1.692000000000000e+0	6.379999999999999e-2
1.821000000000000e+0	1.753900000000000e+0	6.500000000000000e-2
1.824000000000000e+0	1.770200000000000e+0	6.530000000000000e-2
1.827000000000000e+0	1.796200000000000e+0	6.580000000000000e-2
1.830000000000000e+0	1.752200000000000e+0	6.500000000000000e-2
1.833000000000000e+0	1.727500000000000e+0	6.460000000000001e-2
1.836000000000000e+0	1.729300000000000e+0	6.469999999999999e-2
1.839000000000000e+0	1.769900000000000e+0	6.550000000000000e-2
1.842000000000000e+0	1.638400000000000e+0	6.300000000000000e-2
1.845000000000000e+0	1.691100000000000e+0	6.410000000000001e-2
1.848000000000000e+0	1.717100000000000e+0	6.460000000000001e-2
1.851000000000000e+0	1.716500000000000e+0	6.460000000000001e-2
1.854000000000000e+0	1.708600100000000e+0	6.450000000000000e-2
1.857000000000000e+0	1.600700000000000e+0	6.240000000000000e-2
1.860000000000000e+0	1.604800000000000e+0	6.260000000000000e-2
1.863000000000000e+0	1.628500000000000e+0	6.310000000000000e-2
1.866000000000000e+0	1.679000000000000e+0	6.410000000000001e-2
1.869000000000000e+0	1.607400000000000e+0	6.270000000000001e-2
1.872000000000000e+0	1.538000000000000e+0	6.140000000000000e-2
1.875000000000000e+0	1.627900000000000e+0	6.320000000000001e-2
1.877000000000000e+0	1.524000000000000e+0	6.120000000000000e-2
1.880000000000000e+0	1.623900000000000e+0	6.320000000000001e-2
1.883000000000000e+0	1.647700000000000e+0	6.360000000000000e-2
1.886000000000000e+0	1.671500000000000e+0	6.410000000000001e-2
1.889000000000000e+0	1.532800000000000e+0	6.150000000000000e-2
1.892000000000000e+0	1.554100000000000e+0	6.190000000000000e-2
1.895000000000000e+0	1.753200000000000e+0	6.580000000000000e-2
1.897000000000000e+0	1.629000000000000e+0	6.350000000000000e-2
1.900000000000000e+0	1.605900000000000e+0	6.300000000000000e-2
1.903000000000000e+0	1.607600000000000e+0	6.310000000000000e-2
1.906000000000000e+0	1.651300000000000e+0	6.400000000000000e-2
1.909000000000000e+0	1.563700000000000e+0	6.230000000000000e-2
1.911000000000000e+0	1.607500000000000e+0	6.320000000000001e-2
1.914000000000000e+0	1.571900000000000e+0	6.250000000000000e-2
1.917000000000000e+0	1.603300000000000e+0	6.320000000000001e-2
1.920000000000000e+0	1.590000000000000e+0	6.290000000000000e-2
1.922000000000000e+0	1.609100000000000e+0	6.340000000000000e-2
1.925000000000000e+0	1.628200000000000e+0	6.379999999999999e-2
1.928000000000000e+0	1.554900000000000e+0	6.230000000000000e-2
1.931000000000000e+0	1.626500000000000e+0	6.379999999999999e-2
1.933000000000000e+0	1.608100000000000e+0	6.350000000000000e-2
1.936000000000000e+0	1.567100000000000e+0	6.270000000000001e-2
1.939000000000000e+0	1.711800000000000e+0	6.550000000000000e-2
1.941000000000000e+0	1.733600000000000e+0	6.600000000000000e-2
1.944000000000000e+0	1.609600000000000e+0	6.360000000000000e-2
1.947000000000000e+0	1.621300000000000e+0	6.390000000000000e-2
1.949000000000000e+0	1.633000000000000e+0	6.419999999999999e-2
1.952000000000000e+0	1.642200000000000e+0	6.440000000000000e-2
1.955000000000000e+0	1.681700000000000e+0	6.519999999999999e-2
1.957000000000000e+0	1.776900000000000e+0	6.700000000000000e-2
1.960000000000000e+0	1.839500000000000e+0	6.820000000000000e-2
1.963000000000000e+0	1.793200000000000e+0	6.740000000000000e-2
1.965000000000000e+0	1.642900000000000e+0	6.450000000000000e-2
1.968000000000000e+0	1.786600000000000e+0	6.730000000000000e-2
1.971000000000000e+0	1.727400000000000e+0	6.619999999999999e-2
1.973000000000000e+0	1.731700000000000e+0	6.640000000000000e-2
1.976000000000000e+0	1.720700100000000e+0	6.619999999999999e-2
1.978000000000000e+0	1.725000000000000e+0	6.630000000000000e-2
1.981000000000000e+0	1.810900000000000e+0	6.800000000000001e-2
1.983000000000000e+0	1.736100000000000e+0	6.660000000000001e-2
1.986000000000000e+0	1.765900000000000e+0	6.720000099999999e-2
1.989000000000000e+0	1.944100000000000e+0	7.050000099999999e-2
1.991000000000000e+0	1.777100000000000e+0	6.750000000000001e-2
1.994000000000000e+0	1.914700000000000e+0	7.000000000000001e-2
1.996000000000000e+0	1.903800000000000e+0	6.990000000000000e-2
1.999000000000000e+0	1.784900000000000e+0	6.770000000000000e-2
2.001000000000000e+0	1.766100000000000e+0	6.740000000000000e-2
2.004000000000000e+0	1.986600000000000e+0	7.150000099999999e-2
2.006000000000000e+0	1.774800000000000e+0	6.760000099999999e-2
2.009000000000000e+0	1.884800000000000e+0	6.970000000000000e-2
2.011000000000000e+0	1.904700000000000e+0	7.010000099999999e-2
2.014000000000000e+0	1.888500000000000e+0	6.980000000000000e-2
2.016000000000000e+0	1.921400000000000e+0	7.050000099999999e-2
2.019000000000000e+0	1.936200000000000e+0	7.080000000000000e-2
2.021000000000000e+0	1.914800000000000e+0	7.040000000000001e-2
2.023000000000000e+0	1.963300000000000e+0	7.140000000000001e-2
2.026000000000000e+0	1.780900000000000e+0	6.800000000000001e-2
2.028000000000000e+0	1.941200000000000e+0	7.100000099999999e-2
2.031000000000000e+0	2.099200000000000e+0	7.390000000000000e-2
2.033000000000000e+0	1.861700000000000e+0	6.960000099999999e-2
2.036000000000000e+0	1.996400000000000e+0	7.210000000000000e-2
2.038000000000000e+0	2.173100000000000e+0	7.530000000000000e-2
2.040000000000000e+0	1.945500000000000e+0	7.130000000000000e-2
2.043000000000000e+0	1.955200000000000e+0	7.150000099999999e-2
2.045000000000000e+0	2.038200000000000e+0	7.300000000000000e-2
2.047000000000000e+0	2.074200000000000e+0	7.370000000000000e-2
2.050000000000000e+0	1.947800000000000e+0	7.150000099999999e-2
2.052000000000000e+0	2.057200000000000e+0	7.350000000000000e-2
2.055000000000000e+0	2.216800000000000e+0	7.630000000000000e-2
2.057000000000000e+0	2.066500000000000e+0	7.370000000000000e-2
2.059000000000000e+0	2.347400000000000e+0	7.860000000000000e-2
2.062000000000000e+0	2.257500000000000e+0	7.710000000000000e-2
2.064000000000000e+0	2.206900000000000e+0	7.630000000000000e-2
2.066000000000000e+0	2.114000000000000e+0	7.470000000000000e-2
2.069000000000000e+0	2.145100000000000e+0	7.530000000000000e-2
2.071000000000000e+0	2.081100000000000e+0	7.420000000000000e-2
2.073000000000000e+0	2.281600000000000e+0	7.770000000000000e-2
2.075000000000000e+0	2.214900000000000e+0	7.660000000000000e-2
2.078000000000000e+0	2.174600000000000e+0	7.590000000000000e-2
2.080000000000000e+0	2.243000000000000e+0	7.720000000000000e-2
2.082000000000000e+0	2.271700000000000e+0	7.770000000000000e-2
2.085000000000000e+0	2.425500000000000e+0	8.030000000000000e-2
2.087000000000000e+0	2.550300000000000e+0	8.240000000000000e-2
2.089000000000000e+0	2.275600000000000e+0	7.790000000000000e-2
2.091000000000000e+0	2.605800000000000e+0	8.340000000000000e-2
2.094000000000000e+0	2.327900000000000e+0	7.880000000000000e-2
2.096000000000000e+0	2.490500000000000e+0	8.160000000000000e-2
2.098000000000000e+0	2.468800000000000e+0	8.130000000000000e-2
2.100000000000000e+0	2.479100000000000e+0	8.150000000000000e-2
2.102000000000000e+0	2.543100000000000e+0	8.260000000000000e-2
2.105000000000000e+0	2.505300000000000e+0	8.200000000000000e-2
2.107000000000000e+0	2.432500000000000e+0	8.080000000000000e-2
2.109000000000000e+0	2.445500000000000e+0	8.110000000000000e-2
2.111000000000000e+0	2.515100000000000e+0	8.220000000000000e-2
2.113000000000000e+0	2.555200000000000e+0	8.290000000000000e-2
2.116000000000000e+0	2.514500000000000e+0	8.230000000000000e-2
2.118000000000000e+0	2.624700000000000e+0	8.410000000000000e-2
2.120000000000000e+0	2.551600000000000e+0	8.300000000000000e-2
2.122000000000000e+0	2.526900000000000e+0	8.260000000000000e-2
2.124000000000000e+0	2.491400000000000e+0	8.210000000000000e-2
2.126000000000000e+0	2.691400000000000e+0	8.540000000000000e-2
2.129000000000000e+0	2.618100000000000e+0	8.420000000000000e-2
2.131000000000000e+0	2.609700000000000e+0	8.410000000000000e-2
2.133000000000000e+0	2.579500000000000e+0	8.370000000000000e-2
2.135000000000000e+0	2.668900000000000e+0	8.520000000000000e-2
2.137000000000000e+0	2.646900000000000e+0	8.490000000000000e-2
2.139000000000000e+0	2.676600000000000e+0	8.540000000000000e-2
2.141000000000000e+0	2.763600000000000e+0	8.680000000000000e-2
2.143000000000000e+0	2.687100000000000e+0	8.560000000000000e-2
2.146000000000000e+0	2.736000000000000e+0	8.640000000000000e-2
2.148000000000000e+0	2.629200000000000e+0	8.480000000000000e-2
2.150000000000000e+0	2.921600000000000e+0	8.940000000000000e-2
2.152000000000000e+0	2.675100000000000e+0	8.560000000000000e-2
2.154000000000000e+0	2.729700000000000e+0	8.650000000000000e-2
2.156000000000000e+0	2.710300000000000e+0	8.620000000000000e-2
2.158000000000000e+0	2.663400000000000e+0	8.550000000000000e-2
2.160000000000000e+0	2.676800000000000e+0	8.580000000000000e-2
2.162000000000000e+0	2.660000000000000e+0	8.550000000000000e-2
2.164000000000000e+0	2.800100000000000e+0	8.780000000000000e-2
2.166000000000000e+0	2.855100000000000e+0	8.870000000000000e-2
2.168000000000000e+0	2.788800000000000e+0	8.770000000000000e-2
2.170000000000000e+0	2.760900000000000e+0	8.730000000000000e-2
2.172000000000000e+0	2.688900000000000e+0	8.620000000000000e-2
2.174000000000000e+0	2.724500000000000e+0	8.680000000000000e-2
2.176000000000000e+0	2.660600000000000e+0	8.580000000000000e-2
2.178000000000000e+0	2.857000000000000e+0	8.900000000000000e-2
2.180000000000000e+0	2.856800000000000e+0	8.900000000000000e-2
2.182000000000000e+0	2.823300000000000e+0	8.850000000000000e-2
2.184000000000000e+0	2.787000000000000e+0	8.800000000000000e-2
2.186000000000000e+0	2.864700000000000e+0	8.930000000000000e-2
2.188000000000000e+0	2.764300000000000e+0	8.770000000000000e-2
2.190000000000000e+0	2.853200000000000e+0	8.920000000000000e-2
2.192000000000000e+0	2.691200000000000e+0	8.660000000000000e-2
2.194000000000000e+0	2.696500000000000e+0	8.680000000000000e-2
2.196000000000000e+0	2.866500000000000e+0	8.950000000000000e-2
2.198000000000000e+0	2.838400000000000e+0	8.910000000000000e-2
2.200000000000000e+0	2.771000000000000e+0	8.810000000000000e-2
2.202000000000000e+0	2.790300000000000e+0	8.840000000000000e-2
2.204000000000000e+0	2.717100000000000e+0	8.730000000000000e-2
2.206000000000000e+0	2.753300000000000e+0	8.790000000000000e-2
2.208000000000000e+0	2.806300000000000e+0	8.880000000000000e-2
2.210000000000000e+0	2.763900000000000e+0	8.820000000000000e-2
2.212000000000000e+0	2.946500000000000e+0	9.110000000000000e-2
2.213000000000000e+0	2.833600000000000e+0	8.930000000000000e-2
2.215000000000000e+0	2.655700000000000e+0	8.650000000000000e-2
2.217000000000000e+0	2.773800000000000e+0	8.850000000000000e-2
2.219000000000000e+0	2.750900000000000e+0	8.820000000000000e-2
2.221000000000000e+0	2.858000000000000e+0	8.990000000000000e-2
2.223000000000000e+0	2.246500000000000e+0	7.970000000000000e-2
