0.00000	    8.27912	    5.05846	    3.16241
0.20000	    8.27912	    5.05846	    3.16241
0.40000	    8.27912	    5.05846	    3.16241
0.60000	    8.27912	    5.05846	    3.16241
0.80000	    8.27912	    5.05846	    3.16241
1.00000	    8.27912	    5.05846	    3.16241
1.20000	    8.27912	    5.05846	    3.16241
1.40000	    8.27912	    5.05846	    3.16241
1.60000	    8.27912	    5.05846	    3.16241
1.80000	    8.27912	    5.05846	    3.16241
2.00000	    8.27912	    5.05846	    3.16241
2.20000	    8.27912	    5.05846	    3.16241
2.40000	    8.27912	    5.05846	    3.16241
2.60000	    8.27912	    5.05846	    3.16241
2.80000	    8.27912	    5.05846	    3.16241
3.00000	    8.27912	    5.05846	    3.16241
3.20000	    8.27912	    5.05846	    3.16241
3.40000	    8.27912	    5.05846	    3.16241
3.60000	    8.27912	    5.05846	    3.16241
3.80000	    8.27912	    5.05846	    3.16241
4.00000	    8.27912	    5.05846	    3.16241
4.20000	    8.27912	    5.05846	    3.16241
4.40000	    8.27913	    5.05846	    3.16241
4.60000	    8.27913	    5.05846	    3.16241
4.80000	    8.27913	    5.05846	    3.16241
5.00000	    8.27913	    5.05846	    3.16241
5.20000	    8.27913	    5.05846	    3.16241
5.40000	    8.27914	    5.05846	    3.16241
5.60000	    8.27914	    5.05845	    3.16241
5.80000	    8.27915	    5.05845	    3.16240
6.00000	    8.27917	    5.05844	    3.16240
6.20000	    8.27919	    5.05842	    3.16239
6.40000	    8.27921	    5.05841	    3.16238
6.60000	    8.27925	    5.05838	    3.16236
6.80000	    5.51944	    5.05835	    3.16234
7.00000	    5.51944	    5.05832	    3.16232
7.20000	    5.51945	    5.05827	    3.16229
7.40000	    5.51947	    5.05820	    3.16225
7.60000	    5.51948	    0.00011	    5.05813	    3.16220
7.80000	    5.51950	    0.00015	    5.05803	    3.16214
8.00000	    5.51952	    0.00019	    5.05792	    3.16207
8.20000	    5.51954	    0.00023	    5.05778	    3.16199
8.40000	    5.51957	    0.00029	    5.05762	    3.16189
8.60000	    5.51961	    0.00035	    5.05743	    3.16177
8.80000	    5.51965	    0.00043	    5.05721	    3.16163
9.00000	    5.51970	    0.00051	    5.05696	    3.16147
9.20000	    5.51975	    0.00061	    5.05667	    3.16129
9.40000	    5.51982	    0.00072	    5.05634	    3.16108
9.60000	    5.51989	    0.00085	    5.05596	    3.16085
9.80000	    5.51996	    0.00099	    5.05554	    3.16059
10.00000	    5.52005	    0.00115	    5.05507	    3.16029
10.20000	    5.52015	    0.00133	    5.05455	    3.15996
10.40000	    5.52026	    0.00153	    5.05397	    3.15960
10.60000	    5.52038	    0.00174	    5.05333	    3.15920
10.80000	    5.52051	    0.00198	    5.05262	    3.15876
11.00000	    5.52065	    0.00224	    5.05186	    3.15828
11.20000	    5.52080	    0.00252	    5.05102	    3.15776
11.40000	    5.52097	    0.00283	    5.05012	    3.15719
11.60000	    5.52115	    0.00316	    5.04914	    3.15658
11.80000	    5.52134	    0.00351	    5.04808	    3.15592
12.00000	    5.52155	    0.00389	    5.04695	    3.15521
12.20000	    5.52177	    0.00430	    5.04573	    3.15445
12.40000	    5.52201	    0.00474	    5.04444	    3.15364
12.60000	    5.52226	    0.00520	    5.04305	    3.15278
12.80000	    5.52253	    0.00569	    5.04159	    3.15186
13.00000	    5.52281	    0.00621	    5.04003	    3.15089
13.20000	    5.52311	    0.00676	    5.03838	    3.14986
13.40000	    5.52342	    0.00734	    5.03664	    3.14877
13.60000	    5.52375	    0.00795	    5.03481	    3.14762
13.80000	    5.52410	    0.00859	    5.03288	    3.14642
14.00000	    5.52446	    0.00927	    5.03086	    3.14516
14.20000	    5.52484	    0.00997	    5.02874	    3.14383
14.40000	    5.52523	    0.01070	    5.02653	    3.14245
14.60000	    5.52564	    0.01147	    5.02421	    3.14100
14.80000	    5.52607	    0.01227	    5.02180	    3.13949
15.00000	    5.52651	    0.01309	    5.01929	    3.13792
15.20000	    5.52697	    0.01395	    5.01668	    3.13629
15.40000	    5.52744	    0.01485	    5.01398	    3.13460
15.60000	    5.52794	    0.01577	    5.01117	    3.13284
15.80000	    5.52844	    0.01672	    5.00826	    3.13103
16.00000	    5.52896	    0.01771	    5.00526	    3.12915
16.20000	    5.52950	    0.01872	    5.00215	    3.12721
16.40000	    5.53005	    0.01977	    4.99895	    3.12520
16.60000	    5.53062	    0.02085	    4.99564	    3.12314
16.80000	    5.53120	    0.02195	    4.99224	    3.12101
17.00000	    5.53180	    0.02309	    4.98875	    3.11883
17.20000	    5.53241	    0.02426	    4.98515	    3.11658
17.40000	    5.53303	    0.02545	    4.98146	    3.11427
17.60000	    5.53367	    0.02668	    4.97768	    3.11191
17.80000	    5.53432	    0.02793	    4.97380	    3.10948
18.00000	    5.53499	    0.02921	    4.96983	    3.10700
18.20000	    5.53567	    0.03052	    4.96577	    3.10446
18.40000	    5.53636	    0.03186	    4.96161	    3.10186
18.60000	    5.53706	    0.03322	    4.95737	    3.09921
18.80000	    5.53778	    0.03461	    4.95303	    3.09650
19.00000	    5.53850	    0.03602	    4.94861	    3.09374
19.20000	    5.53924	    0.03746	    4.94411	    3.09092
19.40000	    5.53999	    0.03892	    4.93951	    3.08805
19.60000	    5.54075	    0.04041	    4.93484	    3.08513
19.80000	    5.54152	    0.04192	    4.93008	    3.08215
20.00000	    5.54230	    0.04346	    4.92524	    3.07913
20.20000	    5.54309	    0.04501	    4.92033	    3.07605
20.40000	    5.54389	    0.04659	    4.91533	    3.07293
20.60000	    5.54470	    0.04819	    4.91026	    3.06976
20.80000	    5.54552	    0.04981	    4.90511	    3.06654
21.00000	    5.54634	    0.05145	    4.89989	    3.06328
21.20000	    5.54717	    0.05311	    4.89460	    3.05997
21.40000	    5.54801	    0.05479	    4.88924	    3.05662
21.60000	    5.54886	    0.05649	    4.88381	    3.05322
21.80000	    5.54972	    0.05821	    4.87831	    3.04979
22.00000	    5.55058	    0.05994	    4.87275	    3.04631
22.20000	    5.55145	    0.06169	    4.86712	    3.04279
22.40000	    5.55232	    0.06346	    4.86143	    3.03923
22.60000	    5.55320	    0.06524	    4.85568	    3.03564
22.80000	    5.55409	    0.06704	    4.84987	    3.03200
23.00000	    5.55498	    0.06885	    4.84400	    3.02834
23.20000	    5.55587	    0.07067	    4.83808	    3.02463
23.40000	    5.55677	    0.07251	    4.83210	    3.02090
23.60000	    5.55767	    0.07437	    4.82607	    3.01712
23.80000	    5.55858	    0.07623	    4.81998	    3.01332
24.00000	    5.55949	    0.07811	    4.81385	    3.00949
24.20000	    5.56041	    0.08000	    4.80767	    3.00562
24.40000	    5.56132	    0.08190	    4.80144	    3.00173
24.60000	    5.56224	    0.08381	    4.79517	    2.99781
24.80000	    5.56317	    0.08573	    4.78885	    2.99386
25.00000	    5.56409	    0.08765	    4.78249	    2.98988
25.20000	    5.56502	    0.08959	    4.77610	    2.98588
25.40000	    5.56595	    0.09154	    4.76966	    2.98186
25.60000	    5.56688	    0.09349	    4.76318	    2.97781
25.80000	    5.56781	    0.09546	    4.75667	    2.97374
26.00000	    5.56874	    0.09743	    4.75012	    2.96964
26.20000	    5.56967	    0.09940	    4.74354	    2.96553
26.40000	    5.57060	    0.10138	    4.73692	    2.96139
26.60000	    5.57154	    0.10337	    4.73028	    2.95724
26.80000	    5.57247	    0.10536	    4.72360	    2.95307
27.00000	    5.57341	    0.10736	    4.71690	    2.94887
27.20000	    5.57434	    0.10937	    4.71017	    2.94467
27.40000	    5.57527	    0.11137	    4.70341	    2.94044
27.60000	    5.57620	    0.11338	    4.69663	    2.93620
27.80000	    5.57714	    0.11540	    4.68983	    2.93195
28.00000	    5.57807	    0.11741	    4.68300	    2.92768
28.20000	    5.57900	    0.11943	    4.67616	    2.92340
28.40000	    5.57992	    0.12146	    4.66929	    2.91911
28.60000	    5.58085	    0.12348	    4.66241	    2.91481
28.80000	    5.58177	    0.12550	    4.65550	    2.91049
29.00000	    5.58270	    0.12753	    4.64859	    2.90617
29.20000	    5.58362	    0.12956	    4.64165	    2.90183
29.40000	    5.58454	    0.13159	    4.63471	    2.89749
29.60000	    5.58545	    0.13362	    4.62775	    2.89314
29.80000	    5.58637	    0.13564	    4.62078	    2.88878
30.00000	    5.58728	    0.13767	    4.61379	    2.88442
30.20000	    5.58819	    0.13970	    4.60680	    2.88005
30.40000	    5.58909	    0.14173	    4.59980	    2.87567
30.60000	    5.59000	    0.14375	    4.59279	    2.87129
30.80000	    5.59090	    0.14578	    4.58578	    2.86690
31.00000	    5.59179	    0.14780	    4.57875	    2.86251
31.20000	    5.59269	    0.14982	    4.57173	    2.85812
31.40000	    5.59358	    0.15184	    4.56469	    2.85372
31.60000	    5.59447	    0.15386	    4.55766	    2.84932
31.80000	    5.59535	    0.15587	    4.55062	    2.84492
32.00000	    5.59623	    0.15788	    4.54358	    2.84052
32.20000	    5.59711	    0.15989	    4.53654	    2.83612
32.40000	    5.59798	    0.16190	    4.52950	    2.83172
32.60000	    5.59885	    0.16390	    4.52246	    2.82732
32.80000	    5.59971	    0.16590	    4.51542	    2.82292
33.00000	    5.60057	    0.16789	    4.50839	    2.81852
33.20000	    5.60143	    0.16988	    4.50135	    2.81412
33.40000	    5.60228	    0.17187	    4.49432	    2.80973
33.60000	    5.60313	    0.17385	    4.48729	    2.80533
33.80000	    5.60397	    0.17583	    4.48027	    2.80094
34.00000	    5.60481	    0.17780	    4.47326	    2.79656
34.20000	    5.60565	    0.17977	    4.46625	    2.79217
34.40000	    5.60648	    0.18173	    4.45924	    2.78780
34.60000	    5.60731	    0.18369	    4.45225	    2.78342
34.80000	    5.60813	    0.18564	    4.44526	    2.77905
35.00000	    5.60895	    0.18758	    4.43828	    2.77469
35.20000	    5.60976	    0.18953	    4.43130	    2.77033
35.40000	    5.61057	    0.19146	    4.42434	    2.76598
35.60000	    5.61137	    0.19339	    4.41739	    2.76163
35.80000	    5.61217	    0.19532	    4.41045	    2.75729
36.00000	    5.61297	    0.19723	    4.40352	    2.75296
36.20000	    5.61376	    0.19915	    4.39660	    2.74863
36.40000	    5.61454	    0.20105	    4.38969	    2.74431
36.60000	    5.61532	    0.20295	    4.38280	    2.74000
36.80000	    5.61610	    0.20484	    4.37591	    2.73570
37.00000	    5.61687	    0.20673	    4.36905	    2.73141
37.20000	    5.61763	    0.20861	    4.36219	    2.72712
37.40000	    5.61839	    0.21048	    4.35535	    2.72284
37.60000	    5.61915	    0.21235	    4.34852	    2.71858
37.80000	    5.61990	    0.21421	    4.34171	    2.71432
38.00000	    5.62065	    0.21606	    4.33491	    2.71007
38.20000	    5.62139	    0.21791	    4.32813	    2.70583
38.40000	    5.62213	    0.21975	    4.32136	    2.70160
38.60000	    5.62286	    0.22158	    4.31461	    2.69738
38.80000	    5.62359	    0.22340	    4.30788	    2.69317
39.00000	    5.62431	    0.22522	    4.30116	    2.68897
39.20000	    5.62503	    0.22703	    4.29446	    2.68478
39.40000	    5.62574	    0.22884	    4.28778	    2.68060
39.60000	    5.62645	    0.23063	    4.28112	    2.67644
39.80000	    5.62715	    0.23242	    4.27447	    2.67228
40.00000	    5.62785	    0.23420	    4.26784	    2.66814
40.20000	    5.62854	    0.23597	    4.26123	    2.66400
40.40000	    5.62923	    0.23774	    4.25464	    2.65988
40.60000	    5.62991	    0.23950	    4.24806	    2.65577
40.80000	    5.63059	    0.24125	    4.24151	    2.65168
41.00000	    5.63126	    0.24299	    4.23497	    2.64759
41.20000	    5.63193	    0.24473	    4.22846	    2.64352
41.40000	    5.63259	    0.24645	    4.22196	    2.63945
41.60000	    5.63325	    0.24817	    4.21549	    2.63541
41.80000	    5.63391	    0.24989	    4.20903	    2.63137
42.00000	    5.63456	    0.25159	    4.20259	    2.62735
42.20000	    5.63520	    0.25329	    4.19618	    2.62334
42.40000	    5.63584	    0.25498	    4.18978	    2.61934
42.60000	    5.63648	    0.25666	    4.18341	    2.61535
42.80000	    5.63711	    0.25833	    4.17705	    2.61138
43.00000	    5.63773	    0.26000	    4.17072	    2.60742
43.20000	    5.63835	    0.26165	    4.16441	    2.60347
43.40000	    5.63897	    0.26331	    4.15812	    2.59954
43.60000	    5.63958	    0.26495	    4.15185	    2.59562
43.80000	    5.64019	    0.26658	    4.14560	    2.59171
44.00000	    5.64079	    0.26821	    4.13937	    2.58782
44.20000	    5.64139	    0.26983	    4.13317	    2.58394
44.40000	    5.64198	    0.27144	    4.12698	    2.58008
44.60000	    5.64257	    0.27304	    4.12082	    2.57622
44.80000	    5.64315	    0.27464	    4.11468	    2.57239
45.00000	    5.64373	    0.27623	    4.10856	    2.56856
45.20000	    5.64431	    0.27781	    4.10247	    2.56475
45.40000	    5.64488	    0.27938	    4.09639	    2.56095
45.60000	    5.64544	    0.28094	    4.09034	    2.55717
45.80000	    5.64601	    0.28250	    4.08431	    2.55340
46.00000	    5.64656	    0.28405	    4.07830	    2.54964
46.20000	    5.64712	    0.28559	    4.07232	    2.54590
46.40000	    5.64766	    0.28712	    4.06635	    2.54217
46.60000	    5.64821	    0.28865	    4.06041	    2.53846
46.80000	    5.64875	    0.29017	    4.05449	    2.53476
47.00000	    5.64928	    0.29168	    4.04860	    2.53107
47.20000	    5.64982	    0.29318	    4.04272	    2.52740
47.40000	    5.65034	    0.29468	    4.03687	    2.52374
47.60000	    5.65087	    0.29616	    4.03104	    2.52010
47.80000	    5.65139	    0.29764	    4.02523	    2.51647
48.00000	    5.65190	    0.29912	    4.01945	    2.51285
48.20000	    5.65241	    0.30058	    4.01369	    2.50925
48.40000	    5.65292	    0.30204	    4.00795	    2.50566
48.60000	    5.65342	    0.30349	    4.00223	    2.50208
48.80000	    5.65392	    0.30493	    3.99654	    2.49852
49.00000	    5.65441	    0.30636	    3.99086	    2.49498
49.20000	    5.65490	    0.30779	    3.98521	    2.49145
49.40000	    5.65539	    0.30921	    3.97959	    2.48793
49.60000	    5.65587	    0.31062	    3.97398	    2.48443
49.80000	    5.65635	    0.31203	    3.96840	    2.48094
50.00000	    5.65683	    0.31343	    3.96284	    2.47746
50.20000	    5.65730	    0.31482	    3.95730	    2.47400
50.40000	    5.65776	    0.31620	    3.95179	    2.47055
50.60000	    5.65823	    0.31758	    3.94630	    2.46712
50.80000	    5.65869	    0.31895	    3.94082	    2.46370
51.00000	    5.65914	    0.32031	    3.93538	    2.46029
51.20000	    5.65959	    0.32166	    3.92995	    2.45690
51.40000	    5.66004	    0.32301	    3.92455	    2.45352
51.60000	    5.66049	    0.32435	    3.91916	    2.45015
51.80000	    5.66093	    0.32568	    3.91381	    2.44680
52.00000	    5.66136	    0.32701	    3.90847	    2.44347
52.20000	    5.66180	    0.32833	    3.90315	    2.44014
52.40000	    5.66223	    0.32964	    3.89786	    2.43683
52.60000	    5.66266	    0.33095	    3.89259	    2.43354
52.80000	    5.66308	    0.33224	    3.88734	    2.43026
53.00000	    5.66350	    0.33354	    3.88211	    2.42699
53.20000	    5.66391	    0.33482	    3.87690	    2.42373
53.40000	    5.66433	    0.33610	    3.87172	    2.42049
53.60000	    5.66474	    0.33737	    3.86656	    2.41726
53.80000	    5.66514	    0.33863	    3.86142	    2.41405
54.00000	    5.66555	    0.33989	    3.85630	    2.41085
54.20000	    5.66594	    0.34114	    3.85120	    2.40766
54.40000	    5.66634	    0.34239	    3.84612	    2.40449
54.60000	    5.66673	    0.34362	    3.84107	    2.40133
54.80000	    5.66712	    0.34485	    3.83603	    2.39818
55.00000	    5.66751	    0.34608	    3.83102	    2.39505
55.20000	    5.66789	    0.34730	    3.82603	    2.39193
55.40000	    5.66827	    0.34851	    3.82106	    2.38882
55.60000	    5.66865	    0.34971	    3.81611	    2.38573
55.80000	    5.66902	    0.35091	    3.81118	    2.38265
56.00000	    5.66939	    0.35210	    3.80627	    2.37958
56.20000	    5.66976	    0.35329	    3.80139	    2.37652
56.40000	    5.67013	    0.35447	    3.79652	    2.37348
56.60000	    5.67049	    0.35564	    3.79168	    2.37045
56.80000	    5.67085	    0.35681	    3.78685	    2.36744
57.00000	    5.67120	    0.35797	    3.78205	    2.36443
57.20000	    5.67155	    0.35912	    3.77727	    2.36144
57.40000	    5.67190	    0.36027	    3.77251	    2.35847
57.60000	    5.67225	    0.36141	    3.76776	    2.35550
57.80000	    5.67259	    0.36255	    3.76304	    2.35255
58.00000	    5.67293	    0.36368	    3.75834	    2.34961
58.20000	    5.67327	    0.36480	    3.75366	    2.34668
58.40000	    5.67361	    0.36592	    3.74900	    2.34377
58.60000	    5.67394	    0.36703	    3.74435	    2.34087
58.80000	    5.67427	    0.36814	    3.73973	    2.33798
59.00000	    5.67460	    0.36924	    3.73513	    2.33510
59.20000	    5.67492	    0.37033	    3.73055	    2.33224
59.40000	    5.67524	    0.37142	    3.72599	    2.32938
59.60000	    5.67556	    0.37250	    3.72144	    2.32654
59.80000	    5.67588	    0.37358	    3.71692	    2.32372
60.00000	    5.67619	    0.37465	    3.71242	    2.32090
60.20000	    5.67650	    0.37571	    3.70793	    2.31810
60.40000	    5.67681	    0.37677	    3.70347	    2.31531
60.60000	    5.67712	    0.37783	    3.69902	    2.31253
60.80000	    5.67742	    0.37888	    3.69460	    2.30976
61.00000	    5.67772	    0.37992	    3.69019	    2.30700
61.20000	    5.67802	    0.38096	    3.68580	    2.30426
61.40000	    5.67831	    0.38199	    3.68143	    2.30153
61.60000	    5.67861	    0.38301	    3.67708	    2.29881
61.80000	    5.67890	    0.38403	    3.67275	    2.29610
62.00000	    5.67919	    0.38505	    3.66843	    2.29340
62.20000	    5.67947	    0.38606	    3.66414	    2.29072
62.40000	    5.67976	    0.38706	    3.65986	    2.28804
62.60000	    5.68004	    0.38806	    3.65560	    2.28538
62.80000	    5.68032	    0.38906	    3.65136	    2.28273
63.00000	    5.68059	    0.39005	    3.64714	    2.28009
63.20000	    5.68087	    0.39103	    3.64294	    2.27746
63.40000	    5.68114	    0.39201	    3.63875	    2.27485
63.60000	    5.68141	    0.39298	    3.63458	    2.27224
63.80000	    5.68168	    0.39395	    3.63043	    2.26965
64.00000	    5.68194	    0.39491	    3.62630	    2.26706
64.20000	    5.68221	    0.39587	    3.62219	    2.26449
64.40000	    5.68247	    0.39683	    3.61809	    2.26193
64.60000	    5.68273	    0.39777	    3.61401	    2.25938
64.80000	    5.68298	    0.39872	    3.60995	    2.25684
65.00000	    5.68324	    0.39966	    3.60590	    2.25431
65.20000	    5.68349	    0.40059	    3.60188	    2.25179
65.40000	    5.68374	    0.40152	    3.59787	    2.24929
65.60000	    5.68399	    0.40244	    3.59388	    2.24679
65.80000	    5.68423	    0.40336	    3.58990	    2.24431
66.00000	    5.68448	    0.40427	    3.58594	    2.24183
66.20000	    5.68472	    0.40518	    3.58200	    2.23937
66.40000	    5.68496	    0.40609	    3.57808	    2.23691
66.60000	    5.68520	    0.40699	    3.57417	    2.23447
66.80000	    5.68543	    0.40788	    3.57028	    2.23204
67.00000	    5.68567	    0.40877	    3.56640	    2.22962
67.20000	    5.68590	    0.40966	    3.56254	    2.22720
67.40000	    5.68613	    0.41054	    3.55870	    2.22480
67.60000	    5.68636	    0.41142	    3.55488	    2.22241
67.80000	    5.68659	    0.41229	    3.55107	    2.22003
68.00000	    5.68681	    0.41316	    3.54727	    2.21766
68.20000	    5.68703	    0.41402	    3.54350	    2.21530
68.40000	    5.68725	    0.41488	    3.53974	    2.21295
68.60000	    5.68747	    0.41574	    3.53599	    2.21060
68.80000	    5.68769	    0.41659	    3.53226	    2.20827
69.00000	    5.68791	    0.41743	    3.52855	    2.20595
69.20000	    5.68812	    0.41827	    3.52485	    2.20364
69.40000	    5.68833	    0.41911	    3.52117	    2.20134
69.60000	    5.68854	    0.41994	    3.51750	    2.19905
69.80000	    5.68875	    0.42077	    3.51385	    2.19676
70.00000	    5.68896	    0.42160	    3.51022	    2.19449
70.20000	    5.68916	    0.42242	    3.50660	    2.19223
70.40000	    5.68937	    0.42323	    3.50299	    2.18997
70.60000	    5.68957	    0.42404	    3.49940	    2.18773
70.80000	    5.68977	    0.42485	    3.49583	    2.18550
71.00000	    5.68997	    0.42566	    3.49227	    2.18327
71.20000	    5.69016	    0.42646	    3.48872	    2.18105
71.40000	    5.69036	    0.42725	    3.48519	    2.17885
71.60000	    5.69055	    0.42804	    3.48168	    2.17665
71.80000	    5.69075	    0.42883	    3.47818	    2.17446
72.00000	    5.69094	    0.42961	    3.47469	    2.17228
72.20000	    5.69112	    0.43039	    3.47122	    2.17011
72.40000	    5.69131	    0.43117	    3.46777	    2.16795
72.60000	    5.69150	    0.43194	    3.46432	    2.16580
72.80000	    5.69168	    0.43271	    3.46090	    2.16366
73.00000	    5.69186	    0.43347	    3.45748	    2.16152
73.20000	    5.69205	    0.43423	    3.45408	    2.15940
73.40000	    5.69223	    0.43499	    3.45070	    2.15728
73.60000	    5.69240	    0.43574	    3.44733	    2.15517
73.80000	    5.69258	    0.43649	    3.44397	    2.15308
74.00000	    5.69276	    0.43724	    3.44063	    2.15099
74.20000	    5.69293	    0.43798	    3.43730	    2.14890
74.40000	    5.69310	    0.43872	    3.43398	    2.14683
74.60000	    5.69327	    0.43945	    3.43068	    2.14477
74.80000	    5.69344	    0.44018	    3.42739	    2.14271
75.00000	    5.69361	    0.44091	    3.42412	    2.14066
75.20000	    5.69378	    0.44163	    3.42086	    2.13862
75.40000	    5.69394	    0.44235	    3.41761	    2.13659
75.60000	    5.69411	    0.44307	    3.41437	    2.13457
75.80000	    5.69427	    0.44378	    3.41115	    2.13256
76.00000	    5.69443	    0.44449	    3.40794	    2.13055
76.20000	    5.69459	    0.44520	    3.40475	    2.12856
76.40000	    5.69475	    0.44590	    3.40157	    2.12657
76.60000	    5.69491	    0.44660	    3.39840	    2.12459
76.80000	    5.69507	    0.44730	    3.39524	    2.12261
77.00000	    5.69522	    0.44799	    3.39210	    2.12065
77.20000	    5.69538	    0.44868	    3.38897	    2.11869
77.40000	    5.69553	    0.44936	    3.38585	    2.11674
77.60000	    5.69568	    0.45004	    3.38275	    2.11480
77.80000	    5.69583	    0.45072	    3.37966	    2.11287
78.00000	    5.69598	    0.45140	    3.37658	    2.11094
78.20000	    5.69613	    0.45207	    3.37351	    2.10903
78.40000	    5.69627	    0.45274	    3.37046	    2.10712
78.60000	    5.69642	    0.45341	    3.36741	    2.10521
78.80000	    5.69656	    0.45407	    3.36438	    2.10332
79.00000	    5.69671	    0.45473	    3.36137	    2.10143
79.20000	    5.69685	    0.45538	    3.35836	    2.09955
79.40000	    5.69699	    0.45604	    3.35537	    2.09768
79.60000	    5.69713	    0.45669	    3.35238	    2.09582
79.80000	    5.69727	    0.45734	    3.34942	    2.09396
80.00000	    5.69740	    0.45798	    3.34646	    2.09211
80.20000	    5.69754	    0.45862	    3.34351	    2.09027
80.40000	    5.69767	    0.45926	    3.34058	    2.08844
80.60000	    5.69781	    0.45989	    3.33766	    2.08661
80.80000	    5.69794	    0.46052	    3.33475	    2.08479
81.00000	    5.69807	    0.46115	    3.33185	    2.08298
81.20000	    5.69820	    0.46178	    3.32896	    2.08117
81.40000	    5.69833	    0.46240	    3.32608	    2.07938
81.60000	    5.69846	    0.46302	    3.32322	    2.07758
81.80000	    5.69859	    0.46364	    3.32037	    2.07580
82.00000	    5.69872	    0.46425	    3.31752	    2.07402
82.20000	    5.69884	    0.46486	    3.31469	    2.07225
82.40000	    5.69897	    0.46547	    3.31187	    2.07049
82.60000	    5.69909	    0.46608	    3.30907	    2.06874
82.80000	    5.69921	    0.46668	    3.30627	    2.06699
83.00000	    5.69933	    0.46728	    3.30348	    2.06525
83.20000	    5.69945	    0.46788	    3.30071	    2.06351
83.40000	    5.69957	    0.46847	    3.29794	    2.06178
83.60000	    5.69969	    0.46906	    3.29519	    2.06006
83.80000	    5.69981	    0.46965	    3.29245	    2.05835
84.00000	    5.69993	    0.47024	    3.28971	    2.05664
84.20000	    5.70004	    0.47082	    3.28699	    2.05494
84.40000	    5.70016	    0.47140	    3.28428	    2.05324
84.60000	    5.70027	    0.47198	    3.28158	    2.05156
84.80000	    5.70038	    0.47256	    3.27889	    2.04987
85.00000	    5.70050	    0.47313	    3.27621	    2.04820
85.20000	    5.70061	    0.47370	    3.27355	    2.04653
85.40000	    5.70072	    0.47427	    3.27089	    2.04487
85.60000	    5.70083	    0.47483	    3.26824	    2.04321
85.80000	    5.70094	    0.47539	    3.26560	    2.04156
86.00000	    5.70104	    0.47595	    3.26297	    2.03992
86.20000	    5.70115	    0.47651	    3.26036	    2.03829
86.40000	    5.70126	    0.47706	    3.25775	    2.03666
86.60000	    5.70136	    0.47762	    3.25515	    2.03503
86.80000	    5.70147	    0.47817	    3.25256	    2.03341
87.00000	    5.70157	    0.47871	    3.24999	    2.03180
87.20000	    5.70167	    0.47926	    3.24742	    2.03020
87.40000	    5.70177	    0.47980	    3.24486	    2.02860
87.60000	    5.70187	    0.48034	    3.24231	    2.02701
87.80000	    5.70197	    0.48088	    3.23978	    2.02542
88.00000	    5.70207	    0.48141	    3.23725	    2.02384
88.20000	    5.70217	    0.48194	    3.23473	    2.02226
88.40000	    5.70227	    0.48247	    3.23222	    2.02069
88.60000	    5.70237	    0.48300	    3.22972	    2.01913
88.80000	    5.70246	    0.48353	    3.22723	    2.01758
89.00000	    5.70256	    0.48405	    3.22475	    2.01602
89.20000	    5.70265	    0.48457	    3.22228	    2.01448
89.40000	    5.70275	    0.48509	    3.21982	    2.01294
89.60000	    5.70284	    0.48561	    3.21736	    2.01141
89.80000	    5.70293	    0.48612	    3.21492	    2.00988
90.00000	    5.70302	    0.48663	    3.21248	    2.00836
90.20000	    5.70312	    0.48714	    3.21006	    2.00684
90.40000	    5.70321	    0.48765	    3.20764	    2.00533
90.60000	    5.70330	    0.48815	    3.20524	    2.00383
90.80000	    5.70338	    0.48865	    3.20284	    2.00233
91.00000	    5.70347	    0.48915	    3.20045	    2.00083
91.20000	    5.70356	    0.48965	    3.19807	    1.99935
91.40000	    5.70365	    0.49015	    3.19570	    1.99786
91.60000	    5.70373	    0.49064	    3.19334	    1.99639
91.80000	    5.70382	    0.49113	    3.19098	    1.99491
92.00000	    5.70390	    0.49162	    3.18864	    1.99345
92.20000	    5.70399	    0.49211	    3.18630	    1.99199
92.40000	    5.70407	    0.49260	    3.18397	    1.99053
92.60000	    5.70415	    0.49308	    3.18166	    1.98908
92.80000	    5.70423	    0.49356	    3.17934	    1.98764
93.00000	    5.70431	    0.49404	    3.17704	    1.98620
93.20000	    5.70440	    0.49452	    3.17475	    1.98477
93.40000	    5.70448	    0.49499	    3.17247	    1.98334
93.60000	    5.70455	    0.49546	    3.17019	    1.98191
93.80000	    5.70463	    0.49593	    3.16792	    1.98050
94.00000	    5.70471	    0.49640	    3.16566	    1.97908
94.20000	    5.70479	    0.49687	    3.16341	    1.97768
94.40000	    5.70487	    0.49733	    3.16117	    1.97627
94.60000	    5.70494	    0.49780	    3.15893	    1.97488
94.80000	    5.70502	    0.49826	    3.15670	    1.97348
95.00000	    5.70509	    0.49872	    3.15449	    1.97210
95.20000	    5.70517	    0.49917	    3.15227	    1.97072
95.40000	    5.70524	    0.49963	    3.15007	    1.96934
95.60000	    5.70531	    0.50008	    3.14788	    1.96797
95.80000	    5.70539	    0.50053	    3.14569	    1.96660
96.00000	    5.70546	    0.50098	    3.14351	    1.96524
96.20000	    5.70553	    0.50143	    3.14134	    1.96388
96.40000	    5.70560	    0.50187	    3.13918	    1.96253
96.60000	    5.70567	    0.50232	    3.13702	    1.96118
96.80000	    5.70574	    0.50276	    3.13487	    1.95984
97.00000	    5.70581	    0.50320	    3.13273	    1.95850
97.20000	    5.70588	    0.50364	    3.13060	    1.95717
97.40000	    5.70595	    0.50407	    3.12848	    1.95584
97.60000	    5.70601	    0.50451	    3.12636	    1.95451
97.80000	    5.70608	    0.50494	    3.12425	    1.95320
98.00000	    5.70615	    0.50537	    3.12215	    1.95188
98.20000	    5.70621	    0.50580	    3.12006	    1.95057
98.40000	    5.70628	    0.50623	    3.11797	    1.94927
98.60000	    5.70634	    0.50665	    3.11589	    1.94797
98.80000	    5.70641	    0.50708	    3.11382	    1.94667
99.00000	    5.70647	    0.50750	    3.11175	    1.94538
99.20000	    5.70654	    0.50792	    3.10969	    1.94410
99.40000	    5.70660	    0.50834	    3.10764	    1.94281
99.60000	    5.70666	    0.50875	    3.10560	    1.94154
99.80000	    5.70672	    0.50917	    3.10357	    1.94026
100.00000	    5.70678	    0.50958	    3.10154	    1.93900
100.20000	    5.70684	    0.50999	    3.09952	    1.93773
100.40000	    5.70690	    0.51040	    3.09750	    1.93647
100.60000	    5.70696	    0.51081	    3.09549	    1.93522
100.80000	    5.70702	    0.51122	    3.09349	    1.93397
101.00000	    5.70708	    0.51162	    3.09150	    1.93272
101.20000	    5.70714	    0.51203	    3.08951	    1.93148
101.40000	    5.70720	    0.51243	    3.08753	    1.93024
101.60000	    5.70726	    0.51283	    3.08556	    1.92901
101.80000	    5.70731	    0.51323	    3.08360	    1.92778
102.00000	    5.70737	    0.51362	    3.08164	    1.92655
102.20000	    5.70743	    0.51402	    3.07968	    1.92533
102.40000	    5.70748	    0.51441	    3.07774	    1.92412
102.60000	    5.70754	    0.51480	    3.07580	    1.92291
102.80000	    5.70759	    0.51519	    3.07387	    1.92170
103.00000	    5.70765	    0.51558	    3.07194	    1.92049
103.20000	    5.70770	    0.51597	    3.07003	    1.91930
103.40000	    5.70775	    0.51635	    3.06811	    1.91810
103.60000	    5.70781	    0.51674	    3.06621	    1.91691
103.80000	    5.70786	    0.51712	    3.06431	    1.91572
104.00000	    5.70791	    0.51750	    3.06242	    1.91454
104.20000	    5.70796	    0.51788	    3.06053	    1.91336
104.40000	    5.70801	    0.51826	    3.05865	    1.91218
104.60000	    5.70806	    0.51864	    3.05678	    1.91101
104.80000	    5.70812	    0.51901	    3.05491	    1.90985
105.00000	    5.70817	    0.51939	    3.05305	    1.90868
105.20000	    5.70821	    0.51976	    3.05120	    1.90752
105.40000	    5.70826	    0.52013	    3.04935	    1.90637
105.60000	    5.70831	    0.52050	    3.04751	    1.90522
105.80000	    5.70836	    0.52087	    3.04567	    1.90407
106.00000	    5.70841	    0.52123	    3.04384	    1.90293
106.20000	    5.70846	    0.52160	    3.04202	    1.90179
106.40000	    5.70850	    0.52196	    3.04020	    1.90065
106.60000	    5.70855	    0.52232	    3.03839	    1.89952
106.80000	    5.70860	    0.52268	    3.03659	    1.89839
107.00000	    5.70864	    0.52304	    3.03479	    1.89727
107.20000	    5.70869	    0.52340	    3.03300	    1.89615
107.40000	    5.70874	    0.52376	    3.03121	    1.89503
107.60000	    5.70878	    0.52411	    3.02943	    1.89392
107.80000	    5.70882	    0.52447	    3.02766	    1.89281
108.00000	    5.70887	    0.52482	    3.02589	    1.89170
108.20000	    5.70891	    0.52517	    3.02413	    1.89060
108.40000	    5.70896	    0.52552	    3.02237	    1.88950
108.60000	    5.70900	    0.52587	    3.02062	    1.88841
108.80000	    5.70904	    0.52621	    3.01887	    1.88732
109.00000	    5.70908	    0.52656	    3.01713	    1.88623
109.20000	    5.70913	    0.52690	    3.01540	    1.88514
109.40000	    5.70917	    0.52725	    3.01367	    1.88406
109.60000	    5.70921	    0.52759	    3.01195	    1.88299
109.80000	    5.70925	    0.52793	    3.01023	    1.88191
110.00000	    5.70929	    0.52827	    3.00852	    1.88084
110.20000	    5.70933	    0.52861	    3.00682	    1.87978
110.40000	    5.70937	    0.52894	    3.00512	    1.87872
110.60000	    5.70941	    0.52928	    3.00342	    1.87766
110.80000	    5.70945	    0.52961	    3.00173	    1.87660
111.00000	    5.70949	    0.52994	    3.00005	    1.87555
111.20000	    5.70953	    0.53027	    2.99837	    1.87450
111.40000	    5.70957	    0.53061	    2.99670	    1.87345
111.60000	    5.70961	    0.53093	    2.99503	    1.87241
111.80000	    5.70964	    0.53126	    2.99337	    1.87137
112.00000	    5.70968	    0.53159	    2.99172	    1.87034
112.20000	    5.70972	    0.53191	    2.99007	    1.86931
112.40000	    5.70976	    0.53224	    2.98842	    1.86828
112.60000	    5.70979	    0.53256	    2.98678	    1.86725
112.80000	    5.70983	    0.53288	    2.98515	    1.86623
113.00000	    5.70987	    0.53320	    2.98352	    1.86521
113.20000	    5.70990	    0.53352	    2.98189	    1.86420
113.40000	    5.70994	    0.53384	    2.98027	    1.86318
113.60000	    5.70997	    0.53416	    2.97866	    1.86218
113.80000	    5.71001	    0.53447	    2.97705	    1.86117
114.00000	    5.71004	    0.53479	    2.97545	    1.86017
114.20000	    5.71007	    0.53510	    2.97385	    1.85917
114.40000	    5.71011	    0.53541	    2.97226	    1.85817
114.60000	    5.71014	    0.53572	    2.97067	    1.85718
114.80000	    5.71018	    0.53603	    2.96909	    1.85619
115.00000	    5.71021	    0.53634	    2.96751	    1.85520
115.20000	    5.71024	    0.53665	    2.96593	    1.85422
115.40000	    5.71027	    0.53696	    2.96437	    1.85324
115.60000	    5.71031	    0.53726	    2.96280	    1.85226
115.80000	    5.71034	    0.53757	    2.96125	    1.85129
116.00000	    5.71037	    0.53787	    2.95969	    1.85032
116.20000	    5.71040	    0.53817	    2.95814	    1.84935
116.40000	    5.71043	    0.53847	    2.95660	    1.84839
116.60000	    5.71046	    0.53877	    2.95506	    1.84742
116.80000	    5.71049	    0.53907	    2.95353	    1.84646
117.00000	    5.71052	    0.53937	    2.95200	    1.84551
117.20000	    5.71055	    0.53967	    2.95048	    1.84456
117.40000	    5.71058	    0.53996	    2.94896	    1.84361
117.60000	    5.71061	    0.54026	    2.94744	    1.84266
117.80000	    5.71064	    0.54055	    2.94593	    1.84172
118.00000	    5.71067	    0.54084	    2.94443	    1.84077
118.20000	    5.71070	    0.54113	    2.94293	    1.83984
118.40000	    5.71073	    0.54142	    2.94143	    1.83890
118.60000	    5.71076	    0.54171	    2.93994	    1.83797
118.80000	    5.71079	    0.54200	    2.93845	    1.83704
119.00000	    5.71081	    0.54229	    2.93697	    1.83611
119.20000	    5.71084	    0.54257	    2.93549	    1.83519
119.40000	    5.71087	    0.54286	    2.93402	    1.83427
119.60000	    5.71090	    0.54314	    2.93255	    1.83335
119.80000	    5.71092	    0.54343	    2.93109	    1.83244
120.00000	    5.71095	    0.54371	    2.92963	    1.83152
120.20000	    5.71098	    0.54399	    2.92817	    1.83061
120.40000	    5.71100	    0.54427	    2.92672	    1.82971
120.60000	    5.71103	    0.54455	    2.92528	    1.82880
120.80000	    5.71106	    0.54483	    2.92384	    1.82790
121.00000	    5.71108	    0.54511	    2.92240	    1.82700
121.20000	    5.71111	    0.54538	    2.92097	    1.82611
121.40000	    5.71113	    0.54566	    2.91954	    1.82522
121.60000	    5.71116	    0.54593	    2.91812	    1.82433
121.80000	    5.71118	    0.54620	    2.91670	    1.82344
122.00000	    5.71120	    0.54648	    2.91528	    1.82255
122.20000	    5.71123	    0.54675	    2.91387	    1.82167
122.40000	    5.71125	    0.54702	    2.91246	    1.82079
122.60000	    5.71128	    0.54729	    2.91106	    1.81992
122.80000	    5.71130	    0.54756	    2.90966	    1.81904
123.00000	    5.71132	    0.54783	    2.90827	    1.81817
123.20000	    5.71135	    0.54809	    2.90688	    1.81730
123.40000	    5.71137	    0.54836	    2.90549	    1.81643
123.60000	    5.71139	    0.54862	    2.90411	    1.81557
123.80000	    5.71142	    0.54889	    2.90273	    1.81471
124.00000	    5.71144	    0.54915	    2.90136	    1.81385
124.20000	    5.71146	    0.54941	    2.89999	    1.81300
124.40000	    5.71148	    0.54967	    2.89863	    1.81214
124.60000	    5.71150	    0.54993	    2.89727	    1.81129
124.80000	    5.71153	    0.55019	    2.89591	    1.81044
125.00000	    5.71155	    0.55045	    2.89456	    1.80960
125.20000	    5.71157	    0.55071	    2.89321	    1.80875
125.40000	    5.71159	    0.55097	    2.89186	    1.80791
125.60000	    5.71161	    0.55122	    2.89052	    1.80708
125.80000	    5.71163	    0.55148	    2.88919	    1.80624
126.00000	    5.71165	    0.55173	    2.88785	    1.80541
126.20000	    5.71167	    0.55199	    2.88652	    1.80458
126.40000	    5.71169	    0.55224	    2.88520	    1.80375
126.60000	    5.71171	    0.55249	    2.88388	    1.80292
126.80000	    5.71173	    0.55274	    2.88256	    1.80210
127.00000	    5.71175	    0.55299	    2.88125	    1.80128
127.20000	    5.71177	    0.55324	    2.87994	    1.80046
127.40000	    5.71179	    0.55349	    2.87863	    1.79964
127.60000	    5.71181	    0.55374	    2.87733	    1.79883
127.80000	    5.71183	    0.55398	    2.87603	    1.79802
128.00000	    5.71184	    0.55423	    2.87474	    1.79721
128.20000	    5.71186	    0.55447	    2.87345	    1.79640
128.40000	    5.71188	    0.55472	    2.87216	    1.79560
128.60000	    5.71190	    0.55496	    2.87088	    1.79479
128.80000	    5.71192	    0.55520	    2.86960	    1.79399
129.00000	    5.71193	    0.55545	    2.86832	    1.79320
129.20000	    5.71195	    0.55569	    2.86705	    1.79240
129.40000	    5.71197	    0.55593	    2.86578	    1.79161
129.60000	    5.71199	    0.55617	    2.86452	    1.79082
129.80000	    5.71200	    0.55641	    2.86326	    1.79003
130.00000	    5.71202	    0.55664	    2.86200	    1.78924
130.20000	    5.71204	    0.55688	    2.86075	    1.78846
130.40000	    5.71205	    0.55712	    2.85950	    1.78768
130.60000	    5.71207	    0.55735	    2.85825	    1.78690
130.80000	    5.71209	    0.55759	    2.85701	    1.78612
131.00000	    5.71210	    0.55782	    2.85577	    1.78535
131.20000	    5.71212	    0.55805	    2.85453	    1.78458
131.40000	    5.71213	    0.55829	    2.85330	    1.78381
131.60000	    5.71215	    0.55852	    2.85207	    1.78304
131.80000	    5.71217	    0.55875	    2.85085	    1.78227
132.00000	    5.71218	    0.55898	    2.84963	    1.78151
132.20000	    5.71220	    0.55921	    2.84841	    1.78075
132.40000	    5.71221	    0.55944	    2.84719	    1.77999
132.60000	    5.71223	    0.55966	    2.84598	    1.77923
132.80000	    5.71224	    0.55989	    2.84477	    1.77847
133.00000	    5.71226	    0.56012	    2.84357	    1.77772
133.20000	    5.71227	    0.56034	    2.84237	    1.77697
133.40000	    5.71228	    0.56057	    2.84117	    1.77622
133.60000	    5.71230	    0.56079	    2.83998	    1.77548
133.80000	    5.71231	    0.56102	    2.83879	    1.77473
134.00000	    5.71233	    0.56124	    2.83760	    1.77399
134.20000	    5.71234	    0.56146	    2.83641	    1.77325
134.40000	    5.71235	    0.56168	    2.83523	    1.77251
134.60000	    5.71237	    0.56190	    2.83406	    1.77177
134.80000	    5.71238	    0.56212	    2.83288	    1.77104
135.00000	    5.71239	    0.56234	    2.83171	    1.77031
135.20000	    5.71241	    0.56256	    2.83054	    1.76958
135.40000	    5.71242	    0.56278	    2.82938	    1.76885
135.60000	    5.71243	    0.56300	    2.82822	    1.76812
135.80000	    5.71244	    0.56321	    2.82706	    1.76740
136.00000	    5.71246	    0.56343	    2.82590	    1.76668
136.20000	    5.71247	    0.56364	    2.82475	    1.76596
136.40000	    5.71248	    0.56386	    2.82360	    1.76524
136.60000	    5.71249	    0.56407	    2.82246	    1.76452
136.80000	    5.71251	    0.56429	    2.82132	    1.76381
137.00000	    5.71252	    0.56450	    2.82018	    1.76310
137.20000	    5.71253	    0.56471	    2.81904	    1.76239
137.40000	    5.71254	    0.56492	    2.81791	    1.76168
137.60000	    5.71255	    0.56513	    2.81678	    1.76097
137.80000	    5.71256	    0.56534	    2.81565	    1.76027
138.00000	    5.71258	    0.56555	    2.81453	    1.75957
138.20000	    5.71259	    0.56576	    2.81341	    1.75887
138.40000	    5.71260	    0.56597	    2.81229	    1.75817
138.60000	    5.71261	    0.56617	    2.81118	    1.75747
138.80000	    5.71262	    0.56638	    2.81007	    1.75678
139.00000	    5.71263	    0.56659	    2.80896	    1.75608
139.20000	    5.71264	    0.56679	    2.80786	    1.75539
139.40000	    5.71265	    0.56700	    2.80675	    1.75471
139.60000	    5.71266	    0.56720	    2.80565	    1.75402
139.80000	    5.71267	    0.56740	    2.80456	    1.75333
140.00000	    5.71268	    0.56761	    2.80347	    1.75265
140.20000	    5.71269	    0.56781	    2.80238	    1.75197
140.40000	    5.71270	    0.56801	    2.80129	    1.75129
140.60000	    5.71271	    0.56821	    2.80020	    1.75061
140.80000	    5.71272	    0.56841	    2.79912	    1.74993
141.00000	    5.71273	    0.56861	    2.79804	    1.74926
141.20000	    5.71274	    0.56881	    2.79697	    1.74859
141.40000	    5.71275	    0.56901	    2.79590	    1.74792
141.60000	    5.71276	    0.56921	    2.79483	    1.74725
141.80000	    5.71277	    0.56940	    2.79376	    1.74658
142.00000	    5.71277	    0.56960	    2.79270	    1.74592
142.20000	    5.71278	    0.56980	    2.79163	    1.74525
142.40000	    5.71279	    0.56999	    2.79058	    1.74459
142.60000	    5.71280	    0.57019	    2.78952	    1.74393
142.80000	    5.71281	    0.57038	    2.78847	    1.74327
143.00000	    5.71282	    0.57057	    2.78742	    1.74262
143.20000	    5.71283	    0.57077	    2.78637	    1.74196
143.40000	    5.71283	    0.57096	    2.78533	    1.74131
143.60000	    5.71284	    0.57115	    2.78428	    1.74066
143.80000	    5.71285	    0.57134	    2.78325	    1.74001
144.00000	    5.71286	    0.57153	    2.78221	    1.73936
144.20000	    5.71287	    0.57172	    2.78118	    1.73872
144.40000	    5.71287	    0.57191	    2.78015	    1.73807
144.60000	    5.71288	    0.57210	    2.77912	    1.73743
144.80000	    5.71289	    0.57229	    2.77809	    1.73679
145.00000	    5.71290	    0.57248	    2.77707	    1.73615
145.20000	    5.71290	    0.57267	    2.77605	    1.73551
145.40000	    5.71291	    0.57285	    2.77503	    1.73487
145.60000	    5.71292	    0.57304	    2.77402	    1.73424
145.80000	    5.71292	    0.57323	    2.77301	    1.73361
146.00000	    5.71293	    0.57341	    2.77200	    1.73298
146.20000	    5.71294	    0.57359	    2.77099	    1.73235
146.40000	    5.71294	    0.57378	    2.76999	    1.73172
146.60000	    5.71295	    0.57396	    2.76899	    1.73109
146.80000	    5.71296	    0.57415	    2.76799	    1.73047
147.00000	    5.71296	    0.57433	    2.76699	    1.72985
147.20000	    5.71297	    0.57451	    2.76600	    1.72923
147.40000	    5.71298	    0.57469	    2.76501	    1.72861
147.60000	    5.71298	    0.57487	    2.76402	    1.72799
147.80000	    5.71299	    0.57505	    2.76303	    1.72737
148.00000	    5.71299	    0.57523	    2.76205	    1.72676
148.20000	    5.71300	    0.57541	    2.76107	    1.72614
148.40000	    5.71301	    0.57559	    2.76009	    1.72553
148.60000	    5.71301	    0.57577	    2.75912	    1.72492
148.80000	    5.71302	    0.57595	    2.75814	    1.72432
149.00000	    5.71302	    0.57612	    2.75717	    1.72371
149.20000	    5.71303	    0.57630	    2.75620	    1.72310
149.40000	    5.71303	    0.57648	    2.75524	    1.72250
149.60000	    5.71304	    0.57665	    2.75428	    1.72190
149.80000	    5.71304	    0.57683	    2.75331	    1.72130
150.00000	    5.71305	    0.57700	    2.75236	    1.72070
150.20000	    5.71305	    0.57717	    2.75140	    1.72010
150.40000	    5.71306	    0.57735	    2.75045	    1.71950
150.60000	    5.71306	    0.57752	    2.74950	    1.71891
150.80000	    5.71307	    0.57769	    2.74855	    1.71832
151.00000	    5.71307	    0.57787	    2.74760	    1.71772
151.20000	    5.71308	    0.57804	    2.74666	    1.71713
151.40000	    5.71308	    0.57821	    2.74572	    1.71655
151.60000	    5.71309	    0.57838	    2.74478	    1.71596
151.80000	    5.71309	    0.57855	    2.74384	    1.71537
152.00000	    5.71310	    0.57872	    2.74291	    1.71479
152.20000	    5.71310	    0.57889	    2.74197	    1.71421
152.40000	    5.71311	    0.57906	    2.74104	    1.71363
152.60000	    5.71311	    0.57923	    2.74012	    1.71305
152.80000	    5.71311	    0.57939	    2.73919	    1.71247
153.00000	    5.71312	    0.57956	    2.73827	    1.71189
153.20000	    5.71312	    0.57973	    2.73735	    1.71132
153.40000	    5.71312	    0.57989	    2.73643	    1.71074
153.60000	    5.71313	    0.58006	    2.73552	    1.71017
153.80000	    5.71313	    0.58022	    2.73460	    1.70960
154.00000	    5.71314	    0.58039	    2.73369	    1.70903
154.20000	    5.71314	    0.58055	    2.73278	    1.70846
154.40000	    5.71314	    0.58072	    2.73188	    1.70789
154.60000	    5.71315	    0.58088	    2.73097	    1.70733
154.80000	    5.71315	    0.58104	    2.73007	    1.70676
155.00000	    5.71315	    0.58121	    2.72917	    1.70620
155.20000	    5.71316	    0.58137	    2.72827	    1.70564
155.40000	    5.71316	    0.58153	    2.72738	    1.70508
155.60000	    5.71316	    0.58169	    2.72648	    1.70452
155.80000	    5.71317	    0.58185	    2.72559	    1.70397
156.00000	    5.71317	    0.58201	    2.72470	    1.70341
156.20000	    5.71317	    0.58217	    2.72382	    1.70286
156.40000	    5.71317	    0.58233	    2.72293	    1.70230
156.60000	    5.71318	    0.58249	    2.72205	    1.70175
156.80000	    5.71318	    0.58265	    2.72117	    1.70120
157.00000	    5.71318	    0.58281	    2.72029	    1.70065
157.20000	    5.71318	    0.58297	    2.71942	    1.70011
157.40000	    5.71319	    0.58312	    2.71854	    1.69956
157.60000	    5.71319	    0.58328	    2.71767	    1.69901
157.80000	    5.71319	    0.58344	    2.71680	    1.69847
158.00000	    5.71319	    0.58359	    2.71594	    1.69793
158.20000	    5.71320	    0.58375	    2.71507	    1.69739
158.40000	    5.71320	    0.58390	    2.71421	    1.69685
158.60000	    5.71320	    0.58406	    2.71335	    1.69631
158.80000	    5.71320	    0.58421	    2.71249	    1.69577
159.00000	    5.71320	    0.58436	    2.71163	    1.69524
159.20000	    5.71321	    0.58452	    2.71078	    1.69470
159.40000	    5.71321	    0.58467	    2.70992	    1.69417
159.60000	    5.71321	    0.58482	    2.70907	    1.69364
159.80000	    5.71321	    0.58498	    2.70823	    1.69311
160.00000	    5.71321	    0.58513	    2.70738	    1.69258
160.20000	    5.71321	    0.58528	    2.70653	    1.69205
160.40000	    5.71322	    0.58543	    2.70569	    1.69152
160.60000	    5.71322	    0.58558	    2.70485	    1.69100
160.80000	    5.71322	    0.58573	    2.70401	    1.69048
161.00000	    5.71322	    0.58588	    2.70318	    1.68995
161.20000	    5.71322	    0.58603	    2.70234	    1.68943
161.40000	    5.71322	    0.58618	    2.70151	    1.68891
161.60000	    5.71322	    0.58633	    2.70068	    1.68839
161.80000	    5.71322	    0.58647	    2.69985	    1.68787
162.00000	    5.71323	    0.58662	    2.69903	    1.68736
162.20000	    5.71323	    0.58677	    2.69820	    1.68684
162.40000	    5.71323	    0.58692	    2.69738	    1.68633
162.60000	    5.71323	    0.58706	    2.69656	    1.68581
162.80000	    5.71323	    0.58721	    2.69574	    1.68530
163.00000	    5.71323	    0.58735	    2.69492	    1.68479
163.20000	    5.71323	    0.58750	    2.69411	    1.68428
163.40000	    5.71323	    0.58764	    2.69330	    1.68378
163.60000	    5.71323	    0.58779	    2.69249	    1.68327
163.80000	    5.71323	    0.58793	    2.69168	    1.68276
164.00000	    5.71323	    0.58808	    2.69087	    1.68226
164.20000	    5.71323	    0.58822	    2.69007	    1.68175
164.40000	    5.71323	    0.58836	    2.68926	    1.68125
164.60000	    5.71323	    0.58851	    2.68846	    1.68075
164.80000	    5.71324	    0.58865	    2.68766	    1.68025
165.00000	    5.71324	    0.58879	    2.68686	    1.67975
165.20000	    5.71324	    0.58893	    2.68607	    1.67926
165.40000	    5.71324	    0.58907	    2.68527	    1.67876
165.60000	    5.71324	    0.58921	    2.68448	    1.67826
165.80000	    5.71324	    0.58935	    2.68369	    1.67777
166.00000	    5.71324	    0.58949	    2.68290	    1.67728
166.20000	    5.71324	    0.58963	    2.68212	    1.67679
166.40000	    5.71324	    0.58977	    2.68133	    1.67630
166.60000	    5.71324	    0.58991	    2.68055	    1.67581
166.80000	    5.71324	    0.59005	    2.67977	    1.67532
167.00000	    5.71324	    0.59019	    2.67899	    1.67483
167.20000	    5.71324	    0.59033	    2.67821	    1.67435
167.40000	    5.71324	    0.59046	    2.67744	    1.67386
167.60000	    5.71324	    0.59060	    2.67666	    1.67338
167.80000	    5.71323	    0.59074	    2.67589	    1.67289
168.00000	    5.71323	    0.59087	    2.67512	    1.67241
168.20000	    5.71323	    0.59101	    2.67435	    1.67193
168.40000	    5.71323	    0.59114	    2.67359	    1.67145
168.60000	    5.71323	    0.59128	    2.67282	    1.67098
168.80000	    5.71323	    0.59142	    2.67206	    1.67050
169.00000	    5.71323	    0.59155	    2.67130	    1.67002
169.20000	    5.71323	    0.59168	    2.67054	    1.66955
169.40000	    5.71323	    0.59182	    2.66978	    1.66907
169.60000	    5.71323	    0.59195	    2.66902	    1.66860
169.80000	    5.71323	    0.59208	    2.66827	    1.66813
170.00000	    5.71323	    0.59222	    2.66752	    1.66766
170.20000	    5.71323	    0.59235	    2.66677	    1.66719
170.40000	    5.71323	    0.59248	    2.66602	    1.66672
170.60000	    5.71322	    0.59261	    2.66527	    1.66625
170.80000	    5.71322	    0.59275	    2.66452	    1.66579
171.00000	    5.71322	    0.59288	    2.66378	    1.66532
171.20000	    5.71322	    0.59301	    2.66304	    1.66486
171.40000	    5.71322	    0.59314	    2.66230	    1.66439
171.60000	    5.71322	    0.59327	    2.66156	    1.66393
171.80000	    5.71322	    0.59340	    2.66082	    1.66347
172.00000	    5.71322	    0.59353	    2.66008	    1.66301
172.20000	    5.71322	    0.59366	    2.65935	    1.66255
172.40000	    5.71321	    0.59379	    2.65862	    1.66210
172.60000	    5.71321	    0.59391	    2.65789	    1.66164
172.80000	    5.71321	    0.59404	    2.65716	    1.66118
173.00000	    5.71321	    0.59417	    2.65643	    1.66073
173.20000	    5.71321	    0.59430	    2.65571	    1.66027
173.40000	    5.71321	    0.59443	    2.65498	    1.65982
173.60000	    5.71321	    0.59455	    2.65426	    1.65937
173.80000	    5.71320	    0.59468	    2.65354	    1.65892
174.00000	    5.71320	    0.59481	    2.65282	    1.65847
174.20000	    5.71320	    0.59493	    2.65210	    1.65802
174.40000	    5.71320	    0.59506	    2.65138	    1.65757
174.60000	    5.71320	    0.59518	    2.65067	    1.65713
174.80000	    5.71320	    0.59531	    2.64996	    1.65668
175.00000	    5.71319	    0.59543	    2.64925	    1.65624
175.20000	    5.71319	    0.59556	    2.64854	    1.65579
175.40000	    5.71319	    0.59568	    2.64783	    1.65535
175.60000	    5.71319	    0.59580	    2.64712	    1.65491
175.80000	    5.71319	    0.59593	    2.64642	    1.65447
176.00000	    5.71318	    0.59605	    2.64571	    1.65403
176.20000	    5.71318	    0.59617	    2.64501	    1.65359
176.40000	    5.71318	    0.59630	    2.64431	    1.65315
176.60000	    5.71318	    0.59642	    2.64361	    1.65271
176.80000	    5.71318	    0.59654	    2.64291	    1.65228
177.00000	    5.71317	    0.59666	    2.64222	    1.65184
177.20000	    5.71317	    0.59678	    2.64152	    1.65141
177.40000	    5.71317	    0.59691	    2.64083	    1.65097
177.60000	    5.71317	    0.59703	    2.64014	    1.65054
177.80000	    5.71316	    0.59715	    2.63945	    1.65011
178.00000	    5.71316	    0.59727	    2.63876	    1.64968
178.20000	    5.71316	    0.59739	    2.63807	    1.64925
178.40000	    5.71316	    0.59751	    2.63739	    1.64882
178.60000	    5.71316	    0.59763	    2.63671	    1.64840
178.80000	    5.71315	    0.59774	    2.63602	    1.64797
179.00000	    5.71315	    0.59786	    2.63534	    1.64754
179.20000	    5.71315	    0.59798	    2.63466	    1.64712
179.40000	    5.71315	    0.59810	    2.63399	    1.64670
179.60000	    5.71314	    0.59822	    2.63331	    1.64627
179.80000	    5.71314	    0.59834	    2.63263	    1.64585
180.00000	    5.71314	    0.59845	    2.63196	    1.64543
180.20000	    5.71313	    0.59857	    2.63129	    1.64501
180.40000	    5.71313	    0.59869	    2.63062	    1.64459
180.60000	    5.71313	    0.59880	    2.62995	    1.64417
180.80000	    5.71313	    0.59892	    2.62928	    1.64376
181.00000	    5.71312	    0.59903	    2.62862	    1.64334
181.20000	    5.71312	    0.59915	    2.62795	    1.64292
181.40000	    5.71312	    0.59927	    2.62729	    1.64251
181.60000	    5.71312	    0.59938	    2.62663	    1.64210
181.80000	    5.71311	    0.59950	    2.62597	    1.64168
182.00000	    5.71311	    0.59961	    2.62531	    1.64127
182.20000	    5.71311	    0.59972	    2.62465	    1.64086
182.40000	    5.71310	    0.59984	    2.62399	    1.64045
182.60000	    5.71310	    0.59995	    2.62334	    1.64004
182.80000	    5.71310	    0.60006	    2.62269	    1.63963
183.00000	    5.71309	    0.60018	    2.62203	    1.63922
183.20000	    5.71309	    0.60029	    2.62138	    1.63882
183.40000	    5.71309	    0.60040	    2.62073	    1.63841
183.60000	    5.71309	    0.60052	    2.62009	    1.63801
183.80000	    5.71308	    0.60063	    2.61944	    1.63760
184.00000	    5.71308	    0.60074	    2.61879	    1.63720
184.20000	    5.71308	    0.60085	    2.61815	    1.63680
184.40000	    5.71307	    0.60096	    2.61751	    1.63639
184.60000	    5.71307	    0.60107	    2.61687	    1.63599
184.80000	    5.71307	    0.60118	    2.61623	    1.63559
185.00000	    5.71306	    0.60129	    2.61559	    1.63520
185.20000	    5.71306	    0.60140	    2.61495	    1.63480
185.40000	    5.71306	    0.60151	    2.61432	    1.63440
185.60000	    5.71305	    0.60162	    2.61368	    1.63400
185.80000	    5.71305	    0.60173	    2.61305	    1.63361
186.00000	    5.71305	    0.60184	    2.61242	    1.63321
186.20000	    5.71304	    0.60195	    2.61179	    1.63282
186.40000	    5.71304	    0.60206	    2.61116	    1.63243
186.60000	    5.71304	    0.60217	    2.61053	    1.63203
186.80000	    5.71303	    0.60228	    2.60991	    1.63164
187.00000	    5.71303	    0.60238	    2.60928	    1.63125
187.20000	    5.71302	    0.60249	    2.60866	    1.63086
187.40000	    5.71302	    0.60260	    2.60804	    1.63047
187.60000	    5.71302	    0.60271	    2.60741	    1.63008
187.80000	    5.71301	    0.60281	    2.60679	    1.62970
188.00000	    5.71301	    0.60292	    2.60618	    1.62931
188.20000	    5.71301	    0.60303	    2.60556	    1.62892
188.40000	    5.71300	    0.60313	    2.60494	    1.62854
188.60000	    5.71300	    0.60324	    2.60433	    1.62815
188.80000	    5.71299	    0.60334	    2.60372	    1.62777
189.00000	    5.71299	    0.60345	    2.60310	    1.62739
189.20000	    5.71299	    0.60355	    2.60249	    1.62701
189.40000	    5.71298	    0.60366	    2.60188	    1.62663
189.60000	    5.71298	    0.60376	    2.60127	    1.62625
189.80000	    5.71298	    0.60387	    2.60067	    1.62587
190.00000	    5.71297	    0.60397	    2.60006	    1.62549
190.20000	    5.71297	    0.60408	    2.59946	    1.62511
190.40000	    5.71296	    0.60418	    2.59885	    1.62473
190.60000	    5.71296	    0.60428	    2.59825	    1.62436
190.80000	    5.71296	    0.60439	    2.59765	    1.62398
191.00000	    5.71295	    0.60449	    2.59705	    1.62361
191.20000	    5.71295	    0.60459	    2.59645	    1.62323
191.40000	    5.71294	    0.60470	    2.59586	    1.62286
191.60000	    5.71294	    0.60480	    2.59526	    1.62249
191.80000	    5.71294	    0.60490	    2.59467	    1.62211
192.00000	    5.71293	    0.60500	    2.59407	    1.62174
192.20000	    5.71293	    0.60510	    2.59348	    1.62137
192.40000	    5.71292	    0.60520	    2.59289	    1.62100
192.60000	    5.71292	    0.60531	    2.59230	    1.62063
192.80000	    5.71292	    0.60541	    2.59171	    1.62027
193.00000	    5.71291	    0.60551	    2.59112	    1.61990
193.20000	    5.71291	    0.60561	    2.59054	    1.61953
193.40000	    5.71290	    0.60571	    2.58995	    1.61917
193.60000	    5.71290	    0.60581	    2.58937	    1.61880
193.80000	    5.71289	    0.60591	    2.58879	    1.61844
194.00000	    5.71289	    0.60601	    2.58820	    1.61807
194.20000	    5.71289	    0.60611	    2.58762	    1.61771
194.40000	    5.71288	    0.60621	    2.58704	    1.61735
194.60000	    5.71288	    0.60630	    2.58647	    1.61699
194.80000	    5.71287	    0.60640	    2.58589	    1.61663
195.00000	    5.71287	    0.60650	    2.58531	    1.61627
195.20000	    5.71286	    0.60660	    2.58474	    1.61591
195.40000	    5.71286	    0.60670	    2.58417	    1.61555
195.60000	    5.71285	    0.60680	    2.58359	    1.61519
195.80000	    5.71285	    0.60689	    2.58302	    1.61483
196.00000	    5.71285	    0.60699	    2.58245	    1.61448
196.20000	    5.71284	    0.60709	    2.58188	    1.61412
196.40000	    5.71284	    0.60718	    2.58132	    1.61377
196.60000	    5.71283	    0.60728	    2.58075	    1.61341
196.80000	    5.71283	    0.60738	    2.58018	    1.61306
197.00000	    5.71282	    0.60747	    2.57962	    1.61271
197.20000	    5.71282	    0.60757	    2.57906	    1.61236
197.40000	    5.71281	    0.60767	    2.57850	    1.61200
197.60000	    5.71281	    0.60776	    2.57793	    1.61165
197.80000	    5.71280	    0.60786	    2.57737	    1.61130
198.00000	    5.71280	    0.60795	    2.57682	    1.61095
198.20000	    5.71280	    0.60805	    2.57626	    1.61061
198.40000	    5.71279	    0.60814	    2.57570	    1.61026
198.60000	    5.71279	    0.60824	    2.57515	    1.60991
198.80000	    5.71278	    0.60833	    2.57459	    1.60956
199.00000	    5.71278	    0.60842	    2.57404	    1.60922
199.20000	    5.71277	    0.60852	    2.57349	    1.60887
199.40000	    5.71277	    0.60861	    2.57294	    1.60853
199.60000	    5.71276	    0.60871	    2.57239	    1.60819
199.80000	    5.71276	    0.60880	    2.57184	    1.60784
200.00000	    5.71275	    0.60889	    2.57129	    1.60750
