0.00000	   11.92171	    0.84522	    3.73307
0.20000	   11.92171	    0.84522	    3.73307
0.40000	   11.92171	    0.84522	    3.73307
0.60000	   11.92171	    0.84522	    3.73307
0.80000	   11.92171	    0.84522	    3.73307
1.00000	   11.92171	    0.84522	    3.73307
1.20000	   11.92171	    0.84522	    3.73307
1.40000	   11.92171	    0.84522	    3.73307
1.60000	   11.92171	    0.84522	    3.73307
1.80000	   11.92171	    0.84522	    3.73307
2.00000	   11.92171	    0.84522	    3.73307
2.20000	   11.92171	    0.84522	    3.73307
2.40000	   11.92171	    0.84522	    3.73307
2.60000	   11.92171	    0.84522	    3.73307
2.80000	   11.92171	    0.84522	    3.73307
3.00000	   11.92171	    0.84522	    3.73307
3.20000	   11.92171	    0.84522	    3.73307
3.40000	   11.92171	    0.84522	    3.73307
3.60000	   11.92171	    0.84522	    3.73307
3.80000	   11.92171	    0.84522	    3.73307
4.00000	   11.92171	    0.84522	    3.73307
4.20000	   11.92171	    0.84522	    3.73307
4.40000	   11.92171	    0.84522	    3.73307
4.60000	   11.92171	    0.84522	    3.73307
4.80000	   11.92171	    0.84522	    3.73307
5.00000	   11.92171	    0.84522	    3.73307
5.20000	   11.92171	    0.84522	    3.73307
5.40000	   11.92172	    0.84522	    3.73307
5.60000	   11.92172	    0.84522	    3.73307
5.80000	   11.92172	    0.84522	    3.73306
6.00000	   11.92172	    0.84521	    3.73306
6.20000	   11.92173	    0.84521	    3.73306
6.40000	   11.92174	    0.84521	    3.73305
6.60000	   11.92175	    0.84521	    3.73304
6.80000	   11.92176	    0.84521	    3.73303
7.00000	   11.92166	    0.00012	    0.84520	    3.73302
7.20000	   11.92164	    0.00016	    0.84520	    3.73300
7.40000	   11.92162	    0.00021	    0.84520	    3.73297
7.60000	   11.92160	    0.00027	    0.84519	    3.73295
7.80000	   11.92156	    0.00034	    0.84518	    3.73291
8.00000	   11.92153	    0.00043	    0.84517	    3.73287
8.20000	    7.94757	    0.00054	    0.84516	    3.73282
8.40000	    7.94752	    0.00067	    0.84515	    3.73276
8.60000	    7.94745	    0.00082	    0.84513	    3.73269
8.80000	    7.94738	    0.00100	    0.84511	    3.73261
9.00000	    7.94729	    0.00120	    0.84509	    3.73251
9.20000	    7.94719	    0.00143	    0.84507	    3.73240
9.40000	    7.94708	    0.00169	    0.84504	    3.73228
9.60000	    7.94695	    0.00199	    0.84501	    3.73214
9.80000	    7.94680	    0.00233	    0.84497	    3.73198
10.00000	    7.94664	    0.00270	    0.84493	    3.73180
10.20000	    7.94646	    0.00312	    0.84489	    3.73160
10.40000	    7.94626	    0.00358	    0.84484	    3.73138
10.60000	    7.94603	    0.00409	    0.84478	    3.73114
10.80000	    7.94579	    0.00464	    0.84472	    3.73088
11.00000	    7.94552	    0.00525	    0.84465	    3.73058
11.20000	    7.94523	    0.00591	    0.84458	    3.73026
11.40000	    7.94491	    0.00663	    0.84450	    3.72992
11.60000	    7.94457	    0.00740	    0.84442	    3.72954
11.80000	    7.94420	    0.00823	    0.84433	    3.72914
12.00000	    7.94380	    0.00913	    0.84423	    3.72870
12.20000	    7.94338	    0.01009	    0.84412	    3.72823
12.40000	    7.94292	    0.01111	    0.84401	    3.72772
12.60000	    7.94243	    0.01220	    0.84388	    3.72718
12.80000	    7.94191	    0.01335	    0.84375	    3.72661
13.00000	    7.94136	    0.01457	    0.84362	    3.72600
13.20000	    7.94078	    0.01587	    0.84347	    3.72535
13.40000	    7.94016	    0.01723	    0.84331	    3.72466
13.60000	    7.93951	    0.01867	    0.84315	    3.72393
13.80000	    7.93882	    0.02018	    0.84297	    3.72316
14.00000	    7.93810	    0.02176	    0.84279	    3.72236
14.20000	    7.93734	    0.02341	    0.84260	    3.72150
14.40000	    7.93654	    0.02514	    0.84240	    3.72061
14.60000	    7.93571	    0.02695	    0.84218	    3.71968
14.80000	    7.93484	    0.02883	    0.84196	    3.71870
15.00000	    7.93393	    0.03078	    0.84173	    3.71767
15.20000	    7.93299	    0.03281	    0.84149	    3.71660
15.40000	    7.93201	    0.03491	    0.84124	    3.71549
15.60000	    7.93098	    0.03709	    0.84097	    3.71433
15.80000	    7.92992	    0.03935	    0.84070	    3.71312
16.00000	    7.92882	    0.04168	    0.84042	    3.71187
16.20000	    7.92768	    0.04408	    0.84012	    3.71057
16.40000	    7.92650	    0.04656	    0.83982	    3.70922
16.60000	    7.92529	    0.04911	    0.83950	    3.70782
16.80000	    7.92403	    0.05173	    0.83917	    3.70638
17.00000	    7.92273	    0.05443	    0.83884	    3.70489
17.20000	    7.92140	    0.05719	    0.83849	    3.70335
17.40000	    7.92002	    0.06003	    0.83813	    3.70176
17.60000	    7.91861	    0.06294	    0.83776	    3.70013
17.80000	    7.91716	    0.06592	    0.83738	    3.69844
18.00000	    7.91566	    0.06896	    0.83698	    3.69671
18.20000	    7.91413	    0.07207	    0.83658	    3.69493
18.40000	    7.91256	    0.07525	    0.83617	    3.69310
18.60000	    7.91096	    0.07850	    0.83574	    3.69122
18.80000	    7.90931	    0.08181	    0.83531	    3.68930
19.00000	    7.90763	    0.08518	    0.83486	    3.68732
19.20000	    7.90591	    0.08862	    0.83440	    3.68530
19.40000	    7.90415	    0.09211	    0.83393	    3.68323
19.60000	    7.90235	    0.09567	    0.83345	    3.68112
19.80000	    7.90052	    0.09928	    0.83296	    3.67895
20.00000	    7.89865	    0.10295	    0.83246	    3.67674
20.20000	    7.89675	    0.10668	    0.83195	    3.67448
20.40000	    7.89481	    0.11047	    0.83143	    3.67218
20.60000	    7.89283	    0.11431	    0.83090	    3.66983
20.80000	    7.89082	    0.11820	    0.83036	    3.66743
21.00000	    7.88878	    0.12214	    0.82980	    3.66499
21.20000	    7.88670	    0.12613	    0.82924	    3.66251
21.40000	    7.88458	    0.13017	    0.82867	    3.65998
21.60000	    7.88244	    0.13426	    0.82808	    3.65740
21.80000	    7.88026	    0.13840	    0.82749	    3.65478
22.00000	    7.87805	    0.14258	    0.82689	    3.65212
22.20000	    7.87581	    0.14680	    0.82628	    3.64941
22.40000	    7.87354	    0.15107	    0.82565	    3.64667
22.60000	    7.87123	    0.15538	    0.82502	    3.64388
22.80000	    7.86890	    0.15972	    0.82438	    3.64105
23.00000	    7.86653	    0.16411	    0.82373	    3.63818
23.20000	    7.86414	    0.16853	    0.82307	    3.63526
23.40000	    7.86172	    0.17299	    0.82240	    3.63231
23.60000	    7.85927	    0.17749	    0.82173	    3.62932
23.80000	    7.85679	    0.18202	    0.82104	    3.62629
24.00000	    7.85429	    0.18658	    0.82035	    3.62322
24.20000	    7.85176	    0.19117	    0.81964	    3.62012
24.40000	    7.84920	    0.19580	    0.81893	    3.61697
24.60000	    7.84662	    0.20045	    0.81821	    3.61380
24.80000	    7.84401	    0.20513	    0.81748	    3.61058
25.00000	    7.84137	    0.20983	    0.81675	    3.60733
25.20000	    7.83872	    0.21456	    0.81600	    3.60405
25.40000	    7.83604	    0.21932	    0.81525	    3.60073
25.60000	    7.83333	    0.22410	    0.81449	    3.59738
25.80000	    7.83061	    0.22890	    0.81373	    3.59399
26.00000	    7.82786	    0.23372	    0.81295	    3.59057
26.20000	    7.82509	    0.23856	    0.81217	    3.58712
26.40000	    7.82230	    0.24342	    0.81139	    3.58364
26.60000	    7.81949	    0.24830	    0.81059	    3.58013
26.80000	    7.81666	    0.25320	    0.80979	    3.57659
27.00000	    7.81382	    0.25811	    0.80898	    3.57302
27.20000	    7.81095	    0.26303	    0.80817	    3.56943
27.40000	    7.80806	    0.26797	    0.80735	    3.56580
27.60000	    7.80516	    0.27292	    0.80652	    3.56215
27.80000	    7.80224	    0.27789	    0.80569	    3.55847
28.00000	    7.79930	    0.28286	    0.80485	    3.55476
28.20000	    7.79635	    0.28784	    0.80400	    3.55103
28.40000	    7.79338	    0.29284	    0.80315	    3.54728
28.60000	    7.79040	    0.29784	    0.80230	    3.54350
28.80000	    7.78740	    0.30285	    0.80143	    3.53969
29.00000	    7.78438	    0.30786	    0.80057	    3.53587
29.20000	    7.78136	    0.31289	    0.79970	    3.53202
29.40000	    7.77832	    0.31791	    0.79882	    3.52815
29.60000	    7.77526	    0.32294	    0.79794	    3.52425
29.80000	    7.77220	    0.32797	    0.79705	    3.52034
30.00000	    7.76912	    0.33301	    0.79616	    3.51641
30.20000	    7.76603	    0.33805	    0.79527	    3.51246
30.40000	    7.76293	    0.34309	    0.79437	    3.50849
30.60000	    7.75982	    0.34813	    0.79346	    3.50450
30.80000	    7.75670	    0.35316	    0.79256	    3.50049
31.00000	    7.75357	    0.35820	    0.79165	    3.49647
31.20000	    7.75044	    0.36324	    0.79073	    3.49242
31.40000	    7.74729	    0.36827	    0.78981	    3.48837
31.60000	    7.74413	    0.37330	    0.78889	    3.48429
31.80000	    7.74097	    0.37833	    0.78797	    3.48021
32.00000	    7.73780	    0.38335	    0.78704	    3.47611
32.20000	    7.73462	    0.38837	    0.78610	    3.47199
32.40000	    7.73143	    0.39338	    0.78517	    3.46786
32.60000	    7.72824	    0.39839	    0.78423	    3.46372
32.80000	    7.72504	    0.40339	    0.78329	    3.45956
33.00000	    7.72184	    0.40838	    0.78235	    3.45540
33.20000	    7.71863	    0.41337	    0.78140	    3.45122
33.40000	    7.71542	    0.41835	    0.78045	    3.44703
33.60000	    7.71220	    0.42332	    0.77950	    3.44283
33.80000	    7.70898	    0.42828	    0.77855	    3.43862
34.00000	    7.70575	    0.43323	    0.77760	    3.43440
34.20000	    7.70252	    0.43817	    0.77664	    3.43018
34.40000	    7.69929	    0.44311	    0.77568	    3.42594
34.60000	    7.69605	    0.44803	    0.77472	    3.42170
34.80000	    7.69281	    0.45294	    0.77376	    3.41745
35.00000	    7.68957	    0.45784	    0.77279	    3.41319
35.20000	    7.68633	    0.46272	    0.77183	    3.40892
35.40000	    7.68309	    0.46760	    0.77086	    3.40465
35.60000	    7.67984	    0.47246	    0.76989	    3.40037
35.80000	    7.67659	    0.47731	    0.76892	    3.39609
36.00000	    7.67335	    0.48215	    0.76795	    3.39180
36.20000	    7.67010	    0.48697	    0.76698	    3.38751
36.40000	    7.66685	    0.49178	    0.76601	    3.38321
36.60000	    7.66361	    0.49658	    0.76503	    3.37891
36.80000	    7.66036	    0.50136	    0.76406	    3.37461
37.00000	    7.65711	    0.50612	    0.76308	    3.37030
37.20000	    7.65387	    0.51087	    0.76211	    3.36599
37.40000	    7.65062	    0.51561	    0.76113	    3.36168
37.60000	    7.64738	    0.52033	    0.76015	    3.35737
37.80000	    7.64414	    0.52503	    0.75918	    3.35305
38.00000	    7.64090	    0.52972	    0.75820	    3.34873
38.20000	    7.63766	    0.53440	    0.75722	    3.34442
38.40000	    7.63443	    0.53905	    0.75624	    3.34010
38.60000	    7.63119	    0.54369	    0.75526	    3.33578
38.80000	    7.62797	    0.54832	    0.75429	    3.33146
39.00000	    7.62474	    0.55292	    0.75331	    3.32714
39.20000	    7.62152	    0.55751	    0.75233	    3.32282
39.40000	    7.61830	    0.56208	    0.75135	    3.31851
39.60000	    7.61508	    0.56664	    0.75038	    3.31419
39.80000	    7.61187	    0.57117	    0.74940	    3.30988
40.00000	    7.60866	    0.57569	    0.74842	    3.30556
40.20000	    7.60545	    0.58019	    0.74745	    3.30125
40.40000	    7.60225	    0.58468	    0.74647	    3.29695
40.60000	    7.59906	    0.58914	    0.74550	    3.29264
40.80000	    7.59587	    0.59359	    0.74452	    3.28834
41.00000	    7.59268	    0.59802	    0.74355	    3.28404
41.20000	    7.58950	    0.60243	    0.74258	    3.27974
41.40000	    7.58632	    0.60682	    0.74161	    3.27545
41.60000	    7.58315	    0.61119	    0.74064	    3.27116
41.80000	    7.57999	    0.61555	    0.73967	    3.26688
42.00000	    7.57683	    0.61988	    0.73870	    3.26260
42.20000	    7.57367	    0.62420	    0.73773	    3.25833
42.40000	    7.57053	    0.62849	    0.73676	    3.25406
42.60000	    7.56739	    0.63277	    0.73580	    3.24979
42.80000	    7.56425	    0.63703	    0.73483	    3.24553
43.00000	    7.56112	    0.64127	    0.73387	    3.24128
43.20000	    7.55800	    0.64549	    0.73291	    3.23703
43.40000	    7.55488	    0.64969	    0.73195	    3.23278
43.60000	    7.55177	    0.65387	    0.73099	    3.22855
43.80000	    7.54867	    0.65803	    0.73003	    3.22432
44.00000	    7.54557	    0.66218	    0.72907	    3.22009
44.20000	    7.54248	    0.66630	    0.72812	    3.21588
44.40000	    7.53940	    0.67041	    0.72716	    3.21166
44.60000	    7.53633	    0.67449	    0.72621	    3.20746
44.80000	    7.53326	    0.67855	    0.72526	    3.20326
45.00000	    7.53020	    0.68260	    0.72431	    3.19907
45.20000	    7.52714	    0.68663	    0.72337	    3.19489
45.40000	    7.52410	    0.69063	    0.72242	    3.19072
45.60000	    7.52106	    0.69462	    0.72148	    3.18655
45.80000	    7.51803	    0.69859	    0.72054	    3.18239
46.00000	    7.51501	    0.70253	    0.71960	    3.17824
46.20000	    7.51200	    0.70646	    0.71866	    3.17410
46.40000	    7.50899	    0.71037	    0.71772	    3.16996
46.60000	    7.50599	    0.71426	    0.71679	    3.16584
46.80000	    7.50300	    0.71813	    0.71586	    3.16172
47.00000	    7.50002	    0.72198	    0.71493	    3.15761
47.20000	    7.49704	    0.72581	    0.71400	    3.15351
47.40000	    7.49408	    0.72962	    0.71307	    3.14942
47.60000	    7.49112	    0.73341	    0.71215	    3.14534
47.80000	    7.48817	    0.73719	    0.71122	    3.14127
48.00000	    7.48523	    0.74094	    0.71030	    3.13720
48.20000	    7.48230	    0.74467	    0.70939	    3.13315
48.40000	    7.47938	    0.74839	    0.70847	    3.12910
48.60000	    7.47646	    0.75208	    0.70756	    3.12507
48.80000	    7.47356	    0.75576	    0.70665	    3.12104
49.00000	    7.47066	    0.75942	    0.70574	    3.11703
49.20000	    7.46777	    0.76305	    0.70483	    3.11302
49.40000	    7.46489	    0.76667	    0.70392	    3.10902
49.60000	    7.46202	    0.77027	    0.70302	    3.10504
49.80000	    7.45916	    0.77385	    0.70212	    3.10106
50.00000	    7.45631	    0.77742	    0.70122	    3.09710
50.20000	    7.45346	    0.78096	    0.70033	    3.09314
50.40000	    7.45063	    0.78448	    0.69943	    3.08919
50.60000	    7.44780	    0.78799	    0.69854	    3.08526
50.80000	    7.44499	    0.79148	    0.69766	    3.08133
51.00000	    7.44218	    0.79494	    0.69677	    3.07742
51.20000	    7.43938	    0.79839	    0.69588	    3.07352
51.40000	    7.43659	    0.80182	    0.69500	    3.06962
51.60000	    7.43381	    0.80524	    0.69412	    3.06574
51.80000	    7.43104	    0.80863	    0.69325	    3.06187
52.00000	    7.42827	    0.81201	    0.69237	    3.05801
52.20000	    7.42552	    0.81537	    0.69150	    3.05416
52.40000	    7.42278	    0.81871	    0.69063	    3.05032
52.60000	    7.42004	    0.82203	    0.68977	    3.04649
52.80000	    7.41732	    0.82533	    0.68890	    3.04267
53.00000	    7.41460	    0.82862	    0.68804	    3.03886
53.20000	    7.41189	    0.83188	    0.68718	    3.03507
53.40000	    7.40919	    0.83513	    0.68632	    3.03128
53.60000	    7.40651	    0.83837	    0.68547	    3.02751
53.80000	    7.40383	    0.84158	    0.68462	    3.02375
54.00000	    7.40116	    0.84478	    0.68377	    3.02000
54.20000	    7.39850	    0.84796	    0.68292	    3.01626
54.40000	    7.39584	    0.85112	    0.68208	    3.01253
54.60000	    7.39320	    0.85426	    0.68123	    3.00881
54.80000	    7.39057	    0.85739	    0.68040	    3.00510
55.00000	    7.38795	    0.86050	    0.67956	    3.00141
55.20000	    7.38533	    0.86360	    0.67872	    2.99772
55.40000	    7.38273	    0.86667	    0.67789	    2.99405
55.60000	    7.38013	    0.86973	    0.67706	    2.99039
55.80000	    7.37754	    0.87277	    0.67624	    2.98674
56.00000	    7.37497	    0.87580	    0.67541	    2.98310
56.20000	    7.37240	    0.87881	    0.67459	    2.97948
56.40000	    7.36984	    0.88180	    0.67377	    2.97586
56.60000	    7.36729	    0.88477	    0.67296	    2.97226
56.80000	    7.36475	    0.88773	    0.67215	    2.96866
57.00000	    7.36222	    0.89068	    0.67133	    2.96508
57.20000	    7.35970	    0.89360	    0.67053	    2.96151
57.40000	    7.35719	    0.89651	    0.66972	    2.95796
57.60000	    7.35468	    0.89941	    0.66892	    2.95441
57.80000	    7.35219	    0.90228	    0.66812	    2.95087
58.00000	    7.34970	    0.90514	    0.66732	    2.94735
58.20000	    7.34723	    0.90799	    0.66652	    2.94384
58.40000	    7.34476	    0.91082	    0.66573	    2.94034
58.60000	    7.34231	    0.91364	    0.66494	    2.93685
58.80000	    7.33986	    0.91643	    0.66415	    2.93337
59.00000	    7.33742	    0.91922	    0.66337	    2.92990
59.20000	    7.33499	    0.92198	    0.66259	    2.92645
59.40000	    7.33257	    0.92474	    0.66181	    2.92301
59.60000	    7.33016	    0.92747	    0.66103	    2.91957
59.80000	    7.32775	    0.93020	    0.66026	    2.91615
60.00000	    7.32536	    0.93290	    0.65948	    2.91274
60.20000	    7.32297	    0.93559	    0.65871	    2.90935
60.40000	    7.32060	    0.93827	    0.65795	    2.90596
60.60000	    7.31823	    0.94093	    0.65718	    2.90258
60.80000	    7.31587	    0.94358	    0.65642	    2.89922
61.00000	    7.31353	    0.94621	    0.65566	    2.89587
61.20000	    7.31119	    0.94883	    0.65491	    2.89253
61.40000	    7.30885	    0.95143	    0.65415	    2.88920
61.60000	    7.30653	    0.95402	    0.65340	    2.88588
61.80000	    7.30422	    0.95659	    0.65265	    2.88257
62.00000	    7.30191	    0.95915	    0.65191	    2.87928
62.20000	    7.29962	    0.96170	    0.65116	    2.87599
62.40000	    7.29733	    0.96423	    0.65042	    2.87272
62.60000	    7.29505	    0.96675	    0.64968	    2.86946
62.80000	    7.29278	    0.96925	    0.64895	    2.86621
63.00000	    7.29052	    0.97174	    0.64822	    2.86297
63.20000	    7.28827	    0.97421	    0.64748	    2.85974
63.40000	    7.28603	    0.97668	    0.64676	    2.85653
63.60000	    7.28379	    0.97912	    0.64603	    2.85332
63.80000	    7.28157	    0.98156	    0.64531	    2.85013
64.00000	    7.27935	    0.98398	    0.64459	    2.84694
64.20000	    7.27714	    0.98639	    0.64387	    2.84377
64.40000	    7.27494	    0.98878	    0.64315	    2.84061
64.60000	    7.27275	    0.99116	    0.64244	    2.83746
64.80000	    7.27056	    0.99353	    0.64173	    2.83432
65.00000	    7.26839	    0.99589	    0.64102	    2.83119
65.20000	    7.26622	    0.99823	    0.64031	    2.82808
65.40000	    7.26406	    1.00056	    0.63961	    2.82497
65.60000	    7.26191	    1.00287	    0.63891	    2.82188
65.80000	    7.25977	    1.00517	    0.63821	    2.81879
66.00000	    7.25764	    1.00746	    0.63752	    2.81572
66.20000	    7.25551	    1.00974	    0.63682	    2.81266
66.40000	    7.25340	    1.01201	    0.63613	    2.80960
66.60000	    7.25129	    1.01426	    0.63544	    2.80656
66.80000	    7.24919	    1.01650	    0.63476	    2.80353
67.00000	    7.24710	    1.01873	    0.63407	    2.80051
67.20000	    7.24501	    1.02094	    0.63339	    2.79751
67.40000	    7.24294	    1.02315	    0.63271	    2.79451
67.60000	    7.24087	    1.02534	    0.63204	    2.79152
67.80000	    7.23881	    1.02752	    0.63136	    2.78854
68.00000	    7.23676	    1.02969	    0.63069	    2.78558
68.20000	    7.23471	    1.03184	    0.63002	    2.78262
68.40000	    7.23268	    1.03399	    0.62936	    2.77968
68.60000	    7.23065	    1.03612	    0.62869	    2.77674
68.80000	    7.22863	    1.03824	    0.62803	    2.77382
69.00000	    7.22662	    1.04035	    0.62737	    2.77091
69.20000	    7.22461	    1.04244	    0.62671	    2.76800
69.40000	    7.22262	    1.04453	    0.62606	    2.76511
69.60000	    7.22063	    1.04661	    0.62541	    2.76223
69.80000	    7.21865	    1.04867	    0.62475	    2.75936
70.00000	    7.21668	    1.05072	    0.62411	    2.75649
70.20000	    7.21471	    1.05276	    0.62346	    2.75364
70.40000	    7.21275	    1.05479	    0.62282	    2.75080
70.60000	    7.21080	    1.05681	    0.62218	    2.74797
70.80000	    7.20886	    1.05882	    0.62154	    2.74515
71.00000	    7.20692	    1.06082	    0.62090	    2.74234
71.20000	    7.20500	    1.06280	    0.62027	    2.73954
71.40000	    7.20308	    1.06478	    0.61964	    2.73675
71.60000	    7.20117	    1.06674	    0.61901	    2.73396
71.80000	    7.19926	    1.06870	    0.61838	    2.73119
72.00000	    7.19736	    1.07064	    0.61775	    2.72843
72.20000	    7.19547	    1.07257	    0.61713	    2.72568
72.40000	    7.19359	    1.07450	    0.61651	    2.72294
72.60000	    7.19171	    1.07641	    0.61589	    2.72021
72.80000	    7.18985	    1.07831	    0.61528	    2.71749
73.00000	    7.18799	    1.08020	    0.61466	    2.71478
73.20000	    7.18613	    1.08208	    0.61405	    2.71208
73.40000	    7.18428	    1.08396	    0.61344	    2.70938
73.60000	    7.18245	    1.08582	    0.61283	    2.70670
73.80000	    7.18061	    1.08767	    0.61223	    2.70403
74.00000	    7.17879	    1.08951	    0.61163	    2.70136
74.20000	    7.17697	    1.09134	    0.61102	    2.69871
74.40000	    7.17516	    1.09316	    0.61043	    2.69607
74.60000	    7.17336	    1.09498	    0.60983	    2.69343
74.80000	    7.17156	    1.09678	    0.60923	    2.69081
75.00000	    7.16977	    1.09857	    0.60864	    2.68819
75.20000	    7.16799	    1.10036	    0.60805	    2.68559
75.40000	    7.16621	    1.10213	    0.60746	    2.68299
75.60000	    7.16444	    1.10390	    0.60688	    2.68040
75.80000	    7.16268	    1.10565	    0.60629	    2.67782
76.00000	    7.16092	    1.10740	    0.60571	    2.67525
76.20000	    7.15917	    1.10914	    0.60513	    2.67269
76.40000	    7.15743	    1.11086	    0.60456	    2.67014
76.60000	    7.15570	    1.11258	    0.60398	    2.66760
76.80000	    7.15397	    1.11429	    0.60341	    2.66507
77.00000	    7.15225	    1.11599	    0.60284	    2.66255
77.20000	    7.15053	    1.11769	    0.60227	    2.66003
77.40000	    7.14882	    1.11937	    0.60170	    2.65753
77.60000	    7.14712	    1.12104	    0.60113	    2.65503
77.80000	    7.14543	    1.12271	    0.60057	    2.65254
78.00000	    7.14374	    1.12437	    0.60001	    2.65007
78.20000	    7.14205	    1.12601	    0.59945	    2.64760
78.40000	    7.14038	    1.12765	    0.59889	    2.64513
78.60000	    7.13871	    1.12929	    0.59834	    2.64268
78.80000	    7.13705	    1.13091	    0.59779	    2.64024
79.00000	    7.13539	    1.13252	    0.59723	    2.63781
79.20000	    7.13374	    1.13413	    0.59669	    2.63538
79.40000	    7.13209	    1.13573	    0.59614	    2.63296
79.60000	    7.13046	    1.13731	    0.59559	    2.63055
79.80000	    7.12883	    1.13890	    0.59505	    2.62816
80.00000	    7.12720	    1.14047	    0.59451	    2.62576
80.20000	    7.12558	    1.14203	    0.59397	    2.62338
80.40000	    7.12397	    1.14359	    0.59343	    2.62101
80.60000	    7.12236	    1.14514	    0.59290	    2.61864
80.80000	    7.12076	    1.14668	    0.59236	    2.61628
81.00000	    7.11917	    1.14821	    0.59183	    2.61394
81.20000	    7.11758	    1.14974	    0.59130	    2.61159
81.40000	    7.11600	    1.15126	    0.59077	    2.60926
81.60000	    7.11442	    1.15276	    0.59025	    2.60694
81.80000	    7.11285	    1.15427	    0.58972	    2.60462
82.00000	    7.11128	    1.15576	    0.58920	    2.60232
82.20000	    7.10973	    1.15725	    0.58868	    2.60002
82.40000	    7.10817	    1.15873	    0.58816	    2.59773
82.60000	    7.10663	    1.16020	    0.58764	    2.59544
82.80000	    7.10509	    1.16166	    0.58713	    2.59317
83.00000	    7.10355	    1.16312	    0.58661	    2.59090
83.20000	    7.10202	    1.16457	    0.58610	    2.58864
83.40000	    7.10050	    1.16601	    0.58559	    2.58639
83.60000	    7.09898	    1.16744	    0.58509	    2.58415
83.80000	    7.09747	    1.16887	    0.58458	    2.58191
84.00000	    7.09596	    1.17029	    0.58408	    2.57969
84.20000	    7.09446	    1.17170	    0.58357	    2.57747
84.40000	    7.09297	    1.17311	    0.58307	    2.57526
84.60000	    7.09148	    1.17451	    0.58257	    2.57305
84.80000	    7.08999	    1.17590	    0.58208	    2.57086
85.00000	    7.08851	    1.17729	    0.58158	    2.56867
85.20000	    7.08704	    1.17866	    0.58109	    2.56649
85.40000	    7.08557	    1.18003	    0.58060	    2.56432
85.60000	    7.08411	    1.18140	    0.58011	    2.56215
85.80000	    7.08266	    1.18276	    0.57962	    2.55999
86.00000	    7.08121	    1.18411	    0.57913	    2.55784
86.20000	    7.07976	    1.18545	    0.57864	    2.55570
86.40000	    7.07832	    1.18679	    0.57816	    2.55357
86.60000	    7.07689	    1.18812	    0.57768	    2.55144
86.80000	    7.07546	    1.18944	    0.57720	    2.54932
87.00000	    7.07403	    1.19076	    0.57672	    2.54721
87.20000	    7.07261	    1.19207	    0.57624	    2.54510
87.40000	    7.07120	    1.19338	    0.57577	    2.54300
87.60000	    7.06979	    1.19468	    0.57530	    2.54091
87.80000	    7.06839	    1.19597	    0.57482	    2.53883
88.00000	    7.06699	    1.19725	    0.57435	    2.53675
88.20000	    7.06560	    1.19853	    0.57389	    2.53468
88.40000	    7.06421	    1.19981	    0.57342	    2.53262
88.60000	    7.06283	    1.20107	    0.57295	    2.53057
88.80000	    7.06145	    1.20233	    0.57249	    2.52852
89.00000	    7.06008	    1.20359	    0.57203	    2.52648
89.20000	    7.05871	    1.20484	    0.57157	    2.52445
89.40000	    7.05735	    1.20608	    0.57111	    2.52242
89.60000	    7.05599	    1.20732	    0.57065	    2.52040
89.80000	    7.05464	    1.20855	    0.57020	    2.51839
90.00000	    7.05329	    1.20977	    0.56974	    2.51638
90.20000	    7.05195	    1.21099	    0.56929	    2.51439
90.40000	    7.05061	    1.21220	    0.56884	    2.51239
90.60000	    7.04928	    1.21341	    0.56839	    2.51041
90.80000	    7.04795	    1.21461	    0.56794	    2.50843
91.00000	    7.04663	    1.21580	    0.56750	    2.50646
91.20000	    7.04531	    1.21699	    0.56705	    2.50450
91.40000	    7.04400	    1.21818	    0.56661	    2.50254
91.60000	    7.04269	    1.21936	    0.56617	    2.50059
91.80000	    7.04138	    1.22053	    0.56573	    2.49865
92.00000	    7.04009	    1.22169	    0.56529	    2.49671
92.20000	    7.03879	    1.22286	    0.56485	    2.49478
92.40000	    7.03750	    1.22401	    0.56442	    2.49285
92.60000	    7.03622	    1.22516	    0.56398	    2.49094
92.80000	    7.03494	    1.22631	    0.56355	    2.48902
93.00000	    7.03366	    1.22745	    0.56312	    2.48712
93.20000	    7.03239	    1.22858	    0.56269	    2.48522
93.40000	    7.03112	    1.22971	    0.56226	    2.48333
93.60000	    7.02986	    1.23083	    0.56183	    2.48144
93.80000	    7.02860	    1.23195	    0.56141	    2.47957
94.00000	    7.02735	    1.23306	    0.56098	    2.47769
94.20000	    7.02610	    1.23417	    0.56056	    2.47583
94.40000	    7.02486	    1.23527	    0.56014	    2.47397
94.60000	    7.02362	    1.23637	    0.55972	    2.47211
94.80000	    7.02238	    1.23746	    0.55930	    2.47027
95.00000	    7.02115	    1.23855	    0.55888	    2.46843
95.20000	    7.01992	    1.23963	    0.55847	    2.46659
95.40000	    7.01870	    1.24071	    0.55806	    2.46476
95.60000	    7.01748	    1.24178	    0.55764	    2.46294
95.80000	    7.01627	    1.24285	    0.55723	    2.46112
96.00000	    7.01506	    1.24391	    0.55682	    2.45931
96.20000	    7.01386	    1.24497	    0.55641	    2.45751
96.40000	    7.01266	    1.24602	    0.55601	    2.45571
96.60000	    7.01146	    1.24707	    0.55560	    2.45392
96.80000	    7.01027	    1.24811	    0.55520	    2.45213
97.00000	    7.00908	    1.24915	    0.55479	    2.45035
97.20000	    7.00790	    1.25018	    0.55439	    2.44858
97.40000	    7.00672	    1.25121	    0.55399	    2.44681
97.60000	    7.00554	    1.25223	    0.55359	    2.44505
97.80000	    7.00437	    1.25325	    0.55319	    2.44329
98.00000	    7.00320	    1.25426	    0.55280	    2.44154
98.20000	    7.00204	    1.25527	    0.55240	    2.43980
98.40000	    7.00088	    1.25628	    0.55201	    2.43806
98.60000	    6.99973	    1.25728	    0.55162	    2.43632
98.80000	    6.99857	    1.25827	    0.55123	    2.43460
99.00000	    6.99743	    1.25926	    0.55084	    2.43287
99.20000	    6.99628	    1.26025	    0.55045	    2.43116
99.40000	    6.99514	    1.26123	    0.55006	    2.42945
99.60000	    6.99401	    1.26221	    0.54967	    2.42774
99.80000	    6.99288	    1.26318	    0.54929	    2.42604
100.00000	    6.99175	    1.26415	    0.54891	    2.42435
100.20000	    6.99063	    1.26512	    0.54852	    2.42266
100.40000	    6.98951	    1.26608	    0.54814	    2.42098
100.60000	    6.98839	    1.26703	    0.54776	    2.41930
100.80000	    6.98728	    1.26798	    0.54738	    2.41763
101.00000	    6.98617	    1.26893	    0.54701	    2.41596
101.20000	    6.98507	    1.26987	    0.54663	    2.41430
101.40000	    6.98397	    1.27081	    0.54626	    2.41265
101.60000	    6.98287	    1.27175	    0.54588	    2.41100
101.80000	    6.98178	    1.27268	    0.54551	    2.40935
102.00000	    6.98069	    1.27361	    0.54514	    2.40771
102.20000	    6.97961	    1.27453	    0.54477	    2.40608
102.40000	    6.97852	    1.27545	    0.54440	    2.40445
102.60000	    6.97745	    1.27636	    0.54403	    2.40283
102.80000	    6.97637	    1.27727	    0.54367	    2.40121
103.00000	    6.97530	    1.27818	    0.54330	    2.39960
103.20000	    6.97423	    1.27908	    0.54294	    2.39799
103.40000	    6.97317	    1.27998	    0.54257	    2.39639
103.60000	    6.97211	    1.28087	    0.54221	    2.39479
103.80000	    6.97106	    1.28176	    0.54185	    2.39320
104.00000	    6.97000	    1.28265	    0.54149	    2.39161
104.20000	    6.96895	    1.28353	    0.54114	    2.39003
104.40000	    6.96791	    1.28441	    0.54078	    2.38846
104.60000	    6.96687	    1.28528	    0.54042	    2.38688
104.80000	    6.96583	    1.28615	    0.54007	    2.38532
105.00000	    6.96479	    1.28702	    0.53971	    2.38376
105.20000	    6.96376	    1.28788	    0.53936	    2.38220
105.40000	    6.96273	    1.28874	    0.53901	    2.38065
105.60000	    6.96171	    1.28960	    0.53866	    2.37910
105.80000	    6.96069	    1.29045	    0.53831	    2.37756
106.00000	    6.95967	    1.29130	    0.53796	    2.37602
106.20000	    6.95866	    1.29214	    0.53762	    2.37449
106.40000	    6.95765	    1.29299	    0.53727	    2.37296
106.60000	    6.95664	    1.29382	    0.53693	    2.37144
106.80000	    6.95563	    1.29466	    0.53658	    2.36993
107.00000	    6.95463	    1.29549	    0.53624	    2.36841
107.20000	    6.95364	    1.29631	    0.53590	    2.36691
107.40000	    6.95264	    1.29714	    0.53556	    2.36540
107.60000	    6.95165	    1.29796	    0.53522	    2.36390
107.80000	    6.95066	    1.29877	    0.53488	    2.36241
108.00000	    6.94968	    1.29959	    0.53454	    2.36092
108.20000	    6.94870	    1.30039	    0.53421	    2.35944
108.40000	    6.94772	    1.30120	    0.53387	    2.35796
108.60000	    6.94674	    1.30200	    0.53354	    2.35648
108.80000	    6.94577	    1.30280	    0.53321	    2.35501
109.00000	    6.94480	    1.30360	    0.53288	    2.35355
109.20000	    6.94384	    1.30439	    0.53254	    2.35209
109.40000	    6.94288	    1.30518	    0.53221	    2.35063
109.60000	    6.94192	    1.30596	    0.53189	    2.34918
109.80000	    6.94096	    1.30675	    0.53156	    2.34773
110.00000	    6.94001	    1.30753	    0.53123	    2.34629
110.20000	    6.93906	    1.30830	    0.53091	    2.34485
110.40000	    6.93811	    1.30907	    0.53058	    2.34342
110.60000	    6.93717	    1.30984	    0.53026	    2.34199
110.80000	    6.93623	    1.31061	    0.52994	    2.34057
111.00000	    6.93529	    1.31137	    0.52961	    2.33914
111.20000	    6.93436	    1.31213	    0.52929	    2.33773
111.40000	    6.93343	    1.31289	    0.52897	    2.33632
111.60000	    6.93250	    1.31364	    0.52865	    2.33491
111.80000	    6.93158	    1.31439	    0.52834	    2.33351
112.00000	    6.93065	    1.31514	    0.52802	    2.33211
112.20000	    6.92973	    1.31588	    0.52770	    2.33071
112.40000	    6.92882	    1.31662	    0.52739	    2.32932
112.60000	    6.92791	    1.31736	    0.52708	    2.32794
112.80000	    6.92700	    1.31810	    0.52676	    2.32656
113.00000	    6.92609	    1.31883	    0.52645	    2.32518
113.20000	    6.92518	    1.31956	    0.52614	    2.32381
113.40000	    6.92428	    1.32028	    0.52583	    2.32244
113.60000	    6.92338	    1.32100	    0.52552	    2.32107
113.80000	    6.92249	    1.32172	    0.52521	    2.31971
114.00000	    6.92159	    1.32244	    0.52491	    2.31836
114.20000	    6.92070	    1.32316	    0.52460	    2.31700
114.40000	    6.91982	    1.32387	    0.52430	    2.31566
114.60000	    6.91893	    1.32457	    0.52399	    2.31431
114.80000	    6.91805	    1.32528	    0.52369	    2.31297
115.00000	    6.91717	    1.32598	    0.52339	    2.31164
115.20000	    6.91630	    1.32668	    0.52308	    2.31031
115.40000	    6.91542	    1.32738	    0.52278	    2.30898
115.60000	    6.91455	    1.32807	    0.52248	    2.30765
115.80000	    6.91368	    1.32876	    0.52218	    2.30633
116.00000	    6.91282	    1.32945	    0.52189	    2.30502
116.20000	    6.91196	    1.33014	    0.52159	    2.30371
116.40000	    6.91110	    1.33082	    0.52129	    2.30240
116.60000	    6.91024	    1.33150	    0.52100	    2.30109
116.80000	    6.90939	    1.33218	    0.52070	    2.29979
117.00000	    6.90853	    1.33285	    0.52041	    2.29850
117.20000	    6.90769	    1.33352	    0.52012	    2.29721
117.40000	    6.90684	    1.33419	    0.51983	    2.29592
117.60000	    6.90600	    1.33486	    0.51954	    2.29463
117.80000	    6.90515	    1.33552	    0.51925	    2.29335
118.00000	    6.90432	    1.33618	    0.51896	    2.29208
118.20000	    6.90348	    1.33684	    0.51867	    2.29080
118.40000	    6.90265	    1.33750	    0.51838	    2.28953
118.60000	    6.90182	    1.33815	    0.51809	    2.28827
118.80000	    6.90099	    1.33880	    0.51781	    2.28701
119.00000	    6.90016	    1.33945	    0.51752	    2.28575
119.20000	    6.89934	    1.34010	    0.51724	    2.28449
119.40000	    6.89852	    1.34074	    0.51696	    2.28324
119.60000	    6.89770	    1.34138	    0.51667	    2.28200
119.80000	    6.89689	    1.34202	    0.51639	    2.28075
120.00000	    6.89607	    1.34265	    0.51611	    2.27951
120.20000	    6.89526	    1.34329	    0.51583	    2.27828
120.40000	    6.89446	    1.34392	    0.51555	    2.27705
120.60000	    6.89365	    1.34455	    0.51528	    2.27582
120.80000	    6.89285	    1.34517	    0.51500	    2.27459
121.00000	    6.89205	    1.34579	    0.51472	    2.27337
121.20000	    6.89125	    1.34642	    0.51445	    2.27215
121.40000	    6.89045	    1.34703	    0.51417	    2.27094
121.60000	    6.88966	    1.34765	    0.51390	    2.26973
121.80000	    6.88887	    1.34826	    0.51362	    2.26852
122.00000	    6.88808	    1.34887	    0.51335	    2.26732
122.20000	    6.88729	    1.34948	    0.51308	    2.26612
122.40000	    6.88651	    1.35009	    0.51281	    2.26492
122.60000	    6.88573	    1.35069	    0.51254	    2.26373
122.80000	    6.88495	    1.35130	    0.51227	    2.26254
123.00000	    6.88417	    1.35190	    0.51200	    2.26135
123.20000	    6.88340	    1.35249	    0.51173	    2.26017
123.40000	    6.88263	    1.35309	    0.51147	    2.25899
123.60000	    6.88186	    1.35368	    0.51120	    2.25781
123.80000	    6.88109	    1.35427	    0.51093	    2.25664
124.00000	    6.88033	    1.35486	    0.51067	    2.25547
124.20000	    6.87956	    1.35544	    0.51040	    2.25430
124.40000	    6.87880	    1.35603	    0.51014	    2.25314
124.60000	    6.87805	    1.35661	    0.50988	    2.25198
124.80000	    6.87729	    1.35719	    0.50962	    2.25083
125.00000	    6.87654	    1.35777	    0.50936	    2.24967
125.20000	    6.87579	    1.35834	    0.50910	    2.24853
125.40000	    6.87504	    1.35891	    0.50884	    2.24738
125.60000	    6.87429	    1.35948	    0.50858	    2.24624
125.80000	    6.87355	    1.36005	    0.50832	    2.24510
126.00000	    6.87280	    1.36062	    0.50806	    2.24396
126.20000	    6.87206	    1.36118	    0.50781	    2.24283
126.40000	    6.87132	    1.36174	    0.50755	    2.24170
126.60000	    6.87059	    1.36230	    0.50730	    2.24057
126.80000	    6.86985	    1.36286	    0.50704	    2.23945
127.00000	    6.86912	    1.36342	    0.50679	    2.23833
127.20000	    6.86839	    1.36397	    0.50653	    2.23721
127.40000	    6.86767	    1.36452	    0.50628	    2.23610
127.60000	    6.86694	    1.36507	    0.50603	    2.23499
127.80000	    6.86622	    1.36562	    0.50578	    2.23388
128.00000	    6.86550	    1.36617	    0.50553	    2.23277
128.20000	    6.86478	    1.36671	    0.50528	    2.23167
128.40000	    6.86406	    1.36725	    0.50503	    2.23057
128.60000	    6.86335	    1.36779	    0.50478	    2.22948
128.80000	    6.86264	    1.36833	    0.50454	    2.22839
129.00000	    6.86193	    1.36886	    0.50429	    2.22730
129.20000	    6.86122	    1.36940	    0.50404	    2.22621
129.40000	    6.86051	    1.36993	    0.50380	    2.22513
129.60000	    6.85981	    1.37046	    0.50355	    2.22405
129.80000	    6.85910	    1.37098	    0.50331	    2.22297
130.00000	    6.85840	    1.37151	    0.50307	    2.22190
130.20000	    6.85771	    1.37203	    0.50283	    2.22083
130.40000	    6.85701	    1.37255	    0.50258	    2.21976
130.60000	    6.85632	    1.37307	    0.50234	    2.21869
130.80000	    6.85562	    1.37359	    0.50210	    2.21763
131.00000	    6.85493	    1.37411	    0.50186	    2.21657
131.20000	    6.85425	    1.37462	    0.50162	    2.21552
131.40000	    6.85356	    1.37514	    0.50138	    2.21446
131.60000	    6.85288	    1.37565	    0.50115	    2.21341
131.80000	    6.85219	    1.37615	    0.50091	    2.21237
132.00000	    6.85151	    1.37666	    0.50067	    2.21132
132.20000	    6.85083	    1.37717	    0.50044	    2.21028
132.40000	    6.85016	    1.37767	    0.50020	    2.20924
132.60000	    6.84948	    1.37817	    0.49997	    2.20820
132.80000	    6.84881	    1.37867	    0.49973	    2.20717
133.00000	    6.84814	    1.37917	    0.49950	    2.20614
133.20000	    6.84747	    1.37966	    0.49927	    2.20511
133.40000	    6.84680	    1.38016	    0.49904	    2.20409
133.60000	    6.84614	    1.38065	    0.49880	    2.20307
133.80000	    6.84548	    1.38114	    0.49857	    2.20205
134.00000	    6.84482	    1.38163	    0.49834	    2.20103
134.20000	    6.84416	    1.38212	    0.49811	    2.20002
134.40000	    6.84350	    1.38260	    0.49788	    2.19901
134.60000	    6.84284	    1.38309	    0.49766	    2.19800
134.80000	    6.84219	    1.38357	    0.49743	    2.19699
135.00000	    6.84154	    1.38405	    0.49720	    2.19599
135.20000	    6.84089	    1.38453	    0.49698	    2.19499
135.40000	    6.84024	    1.38500	    0.49675	    2.19399
135.60000	    6.83959	    1.38548	    0.49652	    2.19300
135.80000	    6.83895	    1.38595	    0.49630	    2.19201
136.00000	    6.83831	    1.38642	    0.49608	    2.19102
136.20000	    6.83766	    1.38689	    0.49585	    2.19003
136.40000	    6.83703	    1.38736	    0.49563	    2.18905
136.60000	    6.83639	    1.38783	    0.49541	    2.18807
136.80000	    6.83575	    1.38829	    0.49519	    2.18709
137.00000	    6.83512	    1.38876	    0.49496	    2.18611
137.20000	    6.83449	    1.38922	    0.49474	    2.18514
137.40000	    6.83386	    1.38968	    0.49452	    2.18417
137.60000	    6.83323	    1.39014	    0.49431	    2.18320
137.80000	    6.83260	    1.39059	    0.49409	    2.18223
138.00000	    6.83197	    1.39105	    0.49387	    2.18127
138.20000	    6.83135	    1.39150	    0.49365	    2.18031
138.40000	    6.83073	    1.39196	    0.49343	    2.17935
138.60000	    6.83011	    1.39241	    0.49322	    2.17840
138.80000	    6.82949	    1.39286	    0.49300	    2.17744
139.00000	    6.82887	    1.39330	    0.49279	    2.17649
139.20000	    6.82826	    1.39375	    0.49257	    2.17555
139.40000	    6.82765	    1.39419	    0.49236	    2.17460
139.60000	    6.82703	    1.39464	    0.49215	    2.17366
139.80000	    6.82642	    1.39508	    0.49193	    2.17272
140.00000	    6.82582	    1.39552	    0.49172	    2.17178
140.20000	    6.82521	    1.39596	    0.49151	    2.17084
140.40000	    6.82460	    1.39639	    0.49130	    2.16991
140.60000	    6.82400	    1.39683	    0.49109	    2.16898
140.80000	    6.82340	    1.39726	    0.49088	    2.16805
141.00000	    6.82280	    1.39770	    0.49067	    2.16713
141.20000	    6.82220	    1.39813	    0.49046	    2.16620
141.40000	    6.82160	    1.39856	    0.49025	    2.16528
141.60000	    6.82101	    1.39898	    0.49004	    2.16436
141.80000	    6.82042	    1.39941	    0.48983	    2.16345
142.00000	    6.81982	    1.39984	    0.48963	    2.16253
142.20000	    6.81923	    1.40026	    0.48942	    2.16162
142.40000	    6.81864	    1.40068	    0.48921	    2.16071
142.60000	    6.81806	    1.40110	    0.48901	    2.15981
142.80000	    6.81747	    1.40152	    0.48880	    2.15890
143.00000	    6.81689	    1.40194	    0.48860	    2.15800
143.20000	    6.81630	    1.40236	    0.48840	    2.15710
143.40000	    6.81572	    1.40277	    0.48819	    2.15620
143.60000	    6.81514	    1.40319	    0.48799	    2.15531
143.80000	    6.81457	    1.40360	    0.48779	    2.15442
144.00000	    6.81399	    1.40401	    0.48759	    2.15353
144.20000	    6.81342	    1.40442	    0.48739	    2.15264
144.40000	    6.81284	    1.40483	    0.48719	    2.15175
144.60000	    6.81227	    1.40523	    0.48699	    2.15087
144.80000	    6.81170	    1.40564	    0.48679	    2.14999
145.00000	    6.81113	    1.40604	    0.48659	    2.14911
145.20000	    6.81056	    1.40645	    0.48639	    2.14823
145.40000	    6.81000	    1.40685	    0.48619	    2.14736
145.60000	    6.80943	    1.40725	    0.48599	    2.14649
145.80000	    6.80887	    1.40765	    0.48580	    2.14562
146.00000	    6.80831	    1.40805	    0.48560	    2.14475
146.20000	    6.80775	    1.40844	    0.48540	    2.14388
146.40000	    6.80719	    1.40884	    0.48521	    2.14302
146.60000	    6.80664	    1.40923	    0.48501	    2.14216
146.80000	    6.80608	    1.40962	    0.48482	    2.14130
147.00000	    6.80553	    1.41001	    0.48463	    2.14044
147.20000	    6.80497	    1.41040	    0.48443	    2.13959
147.40000	    6.80442	    1.41079	    0.48424	    2.13874
147.60000	    6.80387	    1.41118	    0.48405	    2.13789
147.80000	    6.80333	    1.41157	    0.48385	    2.13704
148.00000	    6.80278	    1.41195	    0.48366	    2.13619
148.20000	    6.80223	    1.41233	    0.48347	    2.13535
148.40000	    6.80169	    1.41272	    0.48328	    2.13451
148.60000	    6.80115	    1.41310	    0.48309	    2.13367
148.80000	    6.80061	    1.41348	    0.48290	    2.13283
149.00000	    6.80007	    1.41385	    0.48271	    2.13199
149.20000	    6.79953	    1.41423	    0.48252	    2.13116
149.40000	    6.79899	    1.41461	    0.48234	    2.13033
149.60000	    6.79846	    1.41498	    0.48215	    2.12950
149.80000	    6.79792	    1.41536	    0.48196	    2.12867
150.00000	    6.79739	    1.41573	    0.48177	    2.12785
150.20000	    6.79686	    1.41610	    0.48159	    2.12702
150.40000	    6.79633	    1.41647	    0.48140	    2.12620
150.60000	    6.79580	    1.41684	    0.48122	    2.12538
150.80000	    6.79527	    1.41721	    0.48103	    2.12457
151.00000	    6.79475	    1.41757	    0.48085	    2.12375
151.20000	    6.79422	    1.41794	    0.48066	    2.12294
151.40000	    6.79370	    1.41830	    0.48048	    2.12213
151.60000	    6.79318	    1.41866	    0.48030	    2.12132
151.80000	    6.79266	    1.41903	    0.48011	    2.12051
152.00000	    6.79214	    1.41939	    0.47993	    2.11971
152.20000	    6.79162	    1.41975	    0.47975	    2.11891
152.40000	    6.79110	    1.42010	    0.47957	    2.11811
152.60000	    6.79059	    1.42046	    0.47939	    2.11731
152.80000	    6.79007	    1.42082	    0.47921	    2.11651
153.00000	    6.78956	    1.42117	    0.47903	    2.11571
153.20000	    6.78905	    1.42153	    0.47885	    2.11492
153.40000	    6.78854	    1.42188	    0.47867	    2.11413
153.60000	    6.78803	    1.42223	    0.47849	    2.11334
153.80000	    6.78752	    1.42258	    0.47831	    2.11255
154.00000	    6.78702	    1.42293	    0.47813	    2.11177
154.20000	    6.78651	    1.42328	    0.47796	    2.11099
154.40000	    6.78601	    1.42363	    0.47778	    2.11020
154.60000	    6.78551	    1.42397	    0.47760	    2.10942
154.80000	    6.78500	    1.42432	    0.47743	    2.10865
155.00000	    6.78450	    1.42466	    0.47725	    2.10787
155.20000	    6.78401	    1.42500	    0.47707	    2.10710
155.40000	    6.78351	    1.42534	    0.47690	    2.10632
155.60000	    6.78301	    1.42569	    0.47673	    2.10555
155.80000	    6.78252	    1.42603	    0.47655	    2.10479
156.00000	    6.78202	    1.42636	    0.47638	    2.10402
156.20000	    6.78153	    1.42670	    0.47620	    2.10325
156.40000	    6.78104	    1.42704	    0.47603	    2.10249
156.60000	    6.78055	    1.42737	    0.47586	    2.10173
156.80000	    6.78006	    1.42771	    0.47569	    2.10097
157.00000	    6.77957	    1.42804	    0.47552	    2.10021
157.20000	    6.77909	    1.42837	    0.47535	    2.09946
157.40000	    6.77860	    1.42870	    0.47517	    2.09871
157.60000	    6.77812	    1.42903	    0.47500	    2.09795
157.80000	    6.77764	    1.42936	    0.47483	    2.09720
158.00000	    6.77715	    1.42969	    0.47467	    2.09645
158.20000	    6.77667	    1.43002	    0.47450	    2.09571
158.40000	    6.77620	    1.43034	    0.47433	    2.09496
158.60000	    6.77572	    1.43067	    0.47416	    2.09422
158.80000	    6.77524	    1.43099	    0.47399	    2.09348
159.00000	    6.77476	    1.43132	    0.47382	    2.09274
159.20000	    6.77429	    1.43164	    0.47366	    2.09200
159.40000	    6.77382	    1.43196	    0.47349	    2.09127
159.60000	    6.77334	    1.43228	    0.47332	    2.09053
159.80000	    6.77287	    1.43260	    0.47316	    2.08980
160.00000	    6.77240	    1.43292	    0.47299	    2.08907
160.20000	    6.77193	    1.43324	    0.47283	    2.08834
160.40000	    6.77147	    1.43355	    0.47266	    2.08761
160.60000	    6.77100	    1.43387	    0.47250	    2.08689
160.80000	    6.77054	    1.43418	    0.47234	    2.08616
161.00000	    6.77007	    1.43450	    0.47217	    2.08544
161.20000	    6.76961	    1.43481	    0.47201	    2.08472
161.40000	    6.76915	    1.43512	    0.47185	    2.08400
161.60000	    6.76869	    1.43543	    0.47168	    2.08328
161.80000	    6.76823	    1.43574	    0.47152	    2.08257
162.00000	    6.76777	    1.43605	    0.47136	    2.08186
162.20000	    6.76731	    1.43636	    0.47120	    2.08114
162.40000	    6.76685	    1.43666	    0.47104	    2.08043
162.60000	    6.76640	    1.43697	    0.47088	    2.07972
162.80000	    6.76594	    1.43728	    0.47072	    2.07902
163.00000	    6.76549	    1.43758	    0.47056	    2.07831
163.20000	    6.76504	    1.43788	    0.47040	    2.07761
163.40000	    6.76459	    1.43818	    0.47024	    2.07691
163.60000	    6.76414	    1.43849	    0.47008	    2.07621
163.80000	    6.76369	    1.43879	    0.46992	    2.07551
164.00000	    6.76324	    1.43909	    0.46976	    2.07481
164.20000	    6.76279	    1.43939	    0.46961	    2.07411
164.40000	    6.76235	    1.43968	    0.46945	    2.07342
164.60000	    6.76190	    1.43998	    0.46929	    2.07273
164.80000	    6.76146	    1.44028	    0.46914	    2.07204
165.00000	    6.76102	    1.44057	    0.46898	    2.07135
165.20000	    6.76058	    1.44087	    0.46882	    2.07066
165.40000	    6.76014	    1.44116	    0.46867	    2.06997
165.60000	    6.75970	    1.44145	    0.46851	    2.06929
165.80000	    6.75926	    1.44174	    0.46836	    2.06861
166.00000	    6.75882	    1.44204	    0.46821	    2.06792
166.20000	    6.75839	    1.44233	    0.46805	    2.06724
166.40000	    6.75795	    1.44261	    0.46790	    2.06657
166.60000	    6.75752	    1.44290	    0.46774	    2.06589
166.80000	    6.75708	    1.44319	    0.46759	    2.06521
167.00000	    6.75665	    1.44348	    0.46744	    2.06454
167.20000	    6.75622	    1.44376	    0.46729	    2.06387
167.40000	    6.75579	    1.44405	    0.46714	    2.06320
167.60000	    6.75536	    1.44433	    0.46698	    2.06253
167.80000	    6.75493	    1.44462	    0.46683	    2.06186
168.00000	    6.75451	    1.44490	    0.46668	    2.06119
168.20000	    6.75408	    1.44518	    0.46653	    2.06053
168.40000	    6.75365	    1.44546	    0.46638	    2.05987
168.60000	    6.75323	    1.44574	    0.46623	    2.05921
168.80000	    6.75281	    1.44602	    0.46608	    2.05855
169.00000	    6.75239	    1.44630	    0.46593	    2.05789
169.20000	    6.75196	    1.44658	    0.46578	    2.05723
169.40000	    6.75154	    1.44685	    0.46564	    2.05657
169.60000	    6.75112	    1.44713	    0.46549	    2.05592
169.80000	    6.75071	    1.44741	    0.46534	    2.05527
170.00000	    6.75029	    1.44768	    0.46519	    2.05462
170.20000	    6.74987	    1.44795	    0.46505	    2.05397
170.40000	    6.74946	    1.44823	    0.46490	    2.05332
170.60000	    6.74904	    1.44850	    0.46475	    2.05267
170.80000	    6.74863	    1.44877	    0.46461	    2.05203
171.00000	    6.74822	    1.44904	    0.46446	    2.05138
171.20000	    6.74781	    1.44931	    0.46431	    2.05074
171.40000	    6.74740	    1.44958	    0.46417	    2.05010
171.60000	    6.74699	    1.44985	    0.46402	    2.04946
171.80000	    6.74658	    1.45012	    0.46388	    2.04882
172.00000	    6.74617	    1.45038	    0.46374	    2.04818
172.20000	    6.74576	    1.45065	    0.46359	    2.04755
172.40000	    6.74536	    1.45091	    0.46345	    2.04691
172.60000	    6.74495	    1.45118	    0.46331	    2.04628
172.80000	    6.74455	    1.45144	    0.46316	    2.04565
173.00000	    6.74414	    1.45170	    0.46302	    2.04502
173.20000	    6.74374	    1.45197	    0.46288	    2.04439
173.40000	    6.74334	    1.45223	    0.46274	    2.04377
173.60000	    6.74294	    1.45249	    0.46259	    2.04314
173.80000	    6.74254	    1.45275	    0.46245	    2.04252
174.00000	    6.74214	    1.45301	    0.46231	    2.04189
174.20000	    6.74175	    1.45327	    0.46217	    2.04127
174.40000	    6.74135	    1.45353	    0.46203	    2.04065
174.60000	    6.74095	    1.45378	    0.46189	    2.04003
174.80000	    6.74056	    1.45404	    0.46175	    2.03942
175.00000	    6.74016	    1.45429	    0.46161	    2.03880
175.20000	    6.73977	    1.45455	    0.46147	    2.03818
175.40000	    6.73938	    1.45480	    0.46133	    2.03757
175.60000	    6.73899	    1.45506	    0.46119	    2.03696
175.80000	    6.73860	    1.45531	    0.46106	    2.03635
176.00000	    6.73821	    1.45556	    0.46092	    2.03574
176.20000	    6.73782	    1.45581	    0.46078	    2.03513
176.40000	    6.73743	    1.45607	    0.46064	    2.03452
176.60000	    6.73704	    1.45632	    0.46051	    2.03392
176.80000	    6.73666	    1.45656	    0.46037	    2.03331
177.00000	    6.73627	    1.45681	    0.46023	    2.03271
177.20000	    6.73589	    1.45706	    0.46010	    2.03211
177.40000	    6.73550	    1.45731	    0.45996	    2.03151
177.60000	    6.73512	    1.45756	    0.45983	    2.03091
177.80000	    6.73474	    1.45780	    0.45969	    2.03031
178.00000	    6.73436	    1.45805	    0.45956	    2.02972
178.20000	    6.73398	    1.45829	    0.45942	    2.02912
178.40000	    6.73360	    1.45854	    0.45929	    2.02853
178.60000	    6.73322	    1.45878	    0.45915	    2.02794
178.80000	    6.73284	    1.45902	    0.45902	    2.02735
179.00000	    6.73246	    1.45926	    0.45888	    2.02676
179.20000	    6.73209	    1.45950	    0.45875	    2.02617
179.40000	    6.73171	    1.45975	    0.45862	    2.02558
179.60000	    6.73134	    1.45999	    0.45849	    2.02499
179.80000	    6.73097	    1.46022	    0.45835	    2.02441
180.00000	    6.73059	    1.46046	    0.45822	    2.02382
180.20000	    6.73022	    1.46070	    0.45809	    2.02324
180.40000	    6.72985	    1.46094	    0.45796	    2.02266
180.60000	    6.72948	    1.46118	    0.45783	    2.02208
180.80000	    6.72911	    1.46141	    0.45770	    2.02150
181.00000	    6.72874	    1.46165	    0.45756	    2.02093
181.20000	    6.72837	    1.46188	    0.45743	    2.02035
181.40000	    6.72801	    1.46212	    0.45730	    2.01977
181.60000	    6.72764	    1.46235	    0.45717	    2.01920
181.80000	    6.72727	    1.46258	    0.45704	    2.01863
182.00000	    6.72691	    1.46282	    0.45691	    2.01806
182.20000	    6.72655	    1.46305	    0.45679	    2.01749
182.40000	    6.72618	    1.46328	    0.45666	    2.01692
182.60000	    6.72582	    1.46351	    0.45653	    2.01635
182.80000	    6.72546	    1.46374	    0.45640	    2.01578
183.00000	    6.72510	    1.46397	    0.45627	    2.01522
183.20000	    6.72474	    1.46420	    0.45614	    2.01465
183.40000	    6.72438	    1.46442	    0.45602	    2.01409
183.60000	    6.72402	    1.46465	    0.45589	    2.01353
183.80000	    6.72366	    1.46488	    0.45576	    2.01297
184.00000	    6.72331	    1.46510	    0.45564	    2.01241
184.20000	    6.72295	    1.46533	    0.45551	    2.01185
184.40000	    6.72260	    1.46555	    0.45538	    2.01129
184.60000	    6.72224	    1.46578	    0.45526	    2.01074
184.80000	    6.72189	    1.46600	    0.45513	    2.01018
185.00000	    6.72153	    1.46623	    0.45501	    2.00963
185.20000	    6.72118	    1.46645	    0.45488	    2.00908
185.40000	    6.72083	    1.46667	    0.45476	    2.00853
185.60000	    6.72048	    1.46689	    0.45463	    2.00798
185.80000	    6.72013	    1.46711	    0.45451	    2.00743
186.00000	    6.71978	    1.46733	    0.45438	    2.00688
186.20000	    6.71943	    1.46755	    0.45426	    2.00633
186.40000	    6.71908	    1.46777	    0.45414	    2.00579
186.60000	    6.71874	    1.46799	    0.45401	    2.00524
186.80000	    6.71839	    1.46821	    0.45389	    2.00470
187.00000	    6.71804	    1.46843	    0.45377	    2.00416
187.20000	    6.71770	    1.46864	    0.45365	    2.00361
187.40000	    6.71736	    1.46886	    0.45352	    2.00307
187.60000	    6.71701	    1.46908	    0.45340	    2.00254
187.80000	    6.71667	    1.46929	    0.45328	    2.00200
188.00000	    6.71633	    1.46950	    0.45316	    2.00146
188.20000	    6.71599	    1.46972	    0.45304	    2.00093
188.40000	    6.71565	    1.46993	    0.45292	    2.00039
188.60000	    6.71531	    1.47015	    0.45279	    1.99986
188.80000	    6.71497	    1.47036	    0.45267	    1.99933
189.00000	    6.71463	    1.47057	    0.45255	    1.99879
189.20000	    6.71429	    1.47078	    0.45243	    1.99826
189.40000	    6.71395	    1.47099	    0.45231	    1.99774
189.60000	    6.71362	    1.47120	    0.45219	    1.99721
189.80000	    6.71328	    1.47141	    0.45208	    1.99668
190.00000	    6.71295	    1.47162	    0.45196	    1.99616
190.20000	    6.71261	    1.47183	    0.45184	    1.99563
190.40000	    6.71228	    1.47204	    0.45172	    1.99511
190.60000	    6.71195	    1.47224	    0.45160	    1.99458
190.80000	    6.71162	    1.47245	    0.45148	    1.99406
191.00000	    6.71128	    1.47266	    0.45136	    1.99354
191.20000	    6.71095	    1.47286	    0.45125	    1.99302
191.40000	    6.71062	    1.47307	    0.45113	    1.99250
191.60000	    6.71029	    1.47327	    0.45101	    1.99199
191.80000	    6.70997	    1.47348	    0.45090	    1.99147
192.00000	    6.70964	    1.47368	    0.45078	    1.99096
192.20000	    6.70931	    1.47389	    0.45066	    1.99044
192.40000	    6.70898	    1.47409	    0.45055	    1.98993
192.60000	    6.70866	    1.47429	    0.45043	    1.98942
192.80000	    6.70833	    1.47449	    0.45031	    1.98890
193.00000	    6.70801	    1.47469	    0.45020	    1.98839
193.20000	    6.70768	    1.47489	    0.45008	    1.98789
193.40000	    6.70736	    1.47509	    0.44997	    1.98738
193.60000	    6.70704	    1.47529	    0.44985	    1.98687
193.80000	    6.70672	    1.47549	    0.44974	    1.98636
194.00000	    6.70640	    1.47569	    0.44963	    1.98586
194.20000	    6.70608	    1.47589	    0.44951	    1.98536
194.40000	    6.70576	    1.47609	    0.44940	    1.98485
194.60000	    6.70544	    1.47628	    0.44928	    1.98435
194.80000	    6.70512	    1.47648	    0.44917	    1.98385
195.00000	    6.70480	    1.47668	    0.44906	    1.98335
195.20000	    6.70448	    1.47687	    0.44894	    1.98285
195.40000	    6.70417	    1.47707	    0.44883	    1.98235
195.60000	    6.70385	    1.47726	    0.44872	    1.98186
195.80000	    6.70353	    1.47746	    0.44861	    1.98136
196.00000	    6.70322	    1.47765	    0.44849	    1.98086
196.20000	    6.70291	    1.47784	    0.44838	    1.98037
196.40000	    6.70259	    1.47804	    0.44827	    1.97988
196.60000	    6.70228	    1.47823	    0.44816	    1.97939
196.80000	    6.70197	    1.47842	    0.44805	    1.97889
197.00000	    6.70166	    1.47861	    0.44794	    1.97840
197.20000	    6.70134	    1.47880	    0.44783	    1.97792
197.40000	    6.70103	    1.47899	    0.44772	    1.97743
197.60000	    6.70072	    1.47918	    0.44761	    1.97694
197.80000	    6.70042	    1.47937	    0.44750	    1.97645
198.00000	    6.70011	    1.47956	    0.44739	    1.97597
198.20000	    6.69980	    1.47975	    0.44728	    1.97548
198.40000	    6.69949	    1.47994	    0.44717	    1.97500
198.60000	    6.69919	    1.48013	    0.44706	    1.97452
198.80000	    6.69888	    1.48031	    0.44695	    1.97404
199.00000	    6.69857	    1.48050	    0.44684	    1.97356
199.20000	    6.69827	    1.48069	    0.44673	    1.97308
199.40000	    6.69797	    1.48087	    0.44662	    1.97260
199.60000	    6.69766	    1.48106	    0.44651	    1.97212
199.80000	    6.69736	    1.48124	    0.44641	    1.97164
200.00000	    6.69706	    1.48143	    0.44630	    1.97117
