0.00000	    8.76858	    3.91369	    3.81773
0.20000	    8.76858	    3.91369	    3.81773
0.40000	    8.76858	    3.91369	    3.81773
0.60000	    8.76858	    3.91369	    3.81773
0.80000	    8.76858	    3.91369	    3.81773
1.00000	    8.76858	    3.91369	    3.81773
1.20000	    8.76858	    3.91369	    3.81773
1.40000	    8.76858	    3.91369	    3.81773
1.60000	    8.76858	    3.91369	    3.81773
1.80000	    8.76858	    3.91369	    3.81773
2.00000	    8.76858	    3.91369	    3.81773
2.20000	    8.76858	    3.91369	    3.81773
2.40000	    8.76858	    3.91369	    3.81773
2.60000	    8.76858	    3.91369	    3.81773
2.80000	    8.76858	    3.91369	    3.81773
3.00000	    8.76858	    3.91369	    3.81773
3.20000	    8.76858	    3.91369	    3.81773
3.40000	    8.76858	    3.91369	    3.81773
3.60000	    8.76858	    3.91369	    3.81773
3.80000	    8.76858	    3.91369	    3.81773
4.00000	    8.76858	    3.91368	    3.81773
4.20000	    8.76858	    3.91368	    3.81773
4.40000	    8.76858	    3.91368	    3.81773
4.60000	    8.76858	    3.91368	    3.81773
4.80000	    8.76858	    3.91368	    3.81773
5.00000	    8.76858	    3.91368	    3.81773
5.20000	    8.76858	    3.91368	    3.81773
5.40000	    8.76859	    3.91368	    3.81773
5.60000	    8.76859	    3.91368	    3.81773
5.80000	    8.76859	    3.91368	    3.81773
6.00000	    8.76860	    3.91368	    3.81773
6.20000	    8.76861	    3.91367	    3.81772
6.40000	    8.76862	    3.91366	    3.81771
6.60000	    8.76864	    3.91365	    3.81771
6.80000	    8.76866	    3.91364	    3.81769
7.00000	    4.62182	    3.91363	    3.81768
7.20000	    4.62182	    3.91361	    3.81766
7.40000	    4.62182	    3.91358	    3.81764
7.60000	    4.62182	    3.91355	    3.81761
7.80000	    4.62182	    3.91352	    3.81757
8.00000	    4.62182	    0.00010	    3.91347	    3.81753
8.20000	    4.62182	    0.00013	    3.91342	    3.81748
8.40000	    4.62182	    0.00016	    3.91336	    3.81742
8.60000	    4.62181	    0.00020	    3.91328	    3.81734
8.80000	    4.62181	    0.00024	    3.91320	    3.81726
9.00000	    4.62181	    0.00029	    3.91310	    3.81716
9.20000	    4.62181	    0.00035	    3.91298	    3.81705
9.40000	    4.62181	    0.00041	    3.91285	    3.81692
9.60000	    4.62180	    0.00048	    3.91271	    3.81678
9.80000	    4.62180	    0.00056	    3.91254	    3.81662
10.00000	    4.62180	    0.00065	    3.91236	    3.81644
10.20000	    4.62179	    0.00075	    3.91215	    3.81624
10.40000	    4.62179	    0.00086	    3.91192	    3.81601
10.60000	    4.62179	    0.00099	    3.91166	    3.81576
10.80000	    4.62179	    0.00112	    3.91138	    3.81549
11.00000	    4.62179	    0.00127	    3.91108	    3.81519
11.20000	    4.62179	    0.00143	    3.91074	    3.81487
11.40000	    4.62179	    0.00160	    3.91038	    3.81451
11.60000	    4.62179	    0.00178	    3.90999	    3.81413
11.80000	    4.62180	    0.00199	    3.90956	    3.81371
12.00000	    4.62180	    0.00220	    3.90910	    3.81326
12.20000	    4.62181	    0.00243	    3.90861	    3.81278
12.40000	    4.62182	    0.00268	    3.90808	    3.81227
12.60000	    4.62183	    0.00294	    3.90751	    3.81171
12.80000	    4.62184	    0.00322	    3.90691	    3.81113
13.00000	    4.62186	    0.00351	    3.90627	    3.81050
13.20000	    4.62188	    0.00383	    3.90559	    3.80984
13.40000	    4.62191	    0.00416	    3.90487	    3.80913
13.60000	    4.62194	    0.00450	    3.90410	    3.80839
13.80000	    4.62197	    0.00487	    3.90330	    3.80760
14.00000	    4.62201	    0.00525	    3.90245	    3.80678
14.20000	    4.62205	    0.00565	    3.90156	    3.80591
14.40000	    4.62210	    0.00606	    3.90062	    3.80499
14.60000	    4.62216	    0.00650	    3.89964	    3.80404
14.80000	    4.62222	    0.00695	    3.89861	    3.80303
15.00000	    4.62229	    0.00742	    3.89754	    3.80199
15.20000	    4.62236	    0.00791	    3.89642	    3.80089
15.40000	    4.62245	    0.00842	    3.89525	    3.79975
15.60000	    4.62254	    0.00895	    3.89403	    3.79857
15.80000	    4.62264	    0.00949	    3.89277	    3.79733
16.00000	    4.62274	    0.01005	    3.89145	    3.79605
16.20000	    4.62286	    0.01063	    3.89009	    3.79472
16.40000	    4.62299	    0.01123	    3.88868	    3.79334
16.60000	    4.62313	    0.01184	    3.88722	    3.79191
16.80000	    4.62328	    0.01248	    3.88570	    3.79044
17.00000	    4.62344	    0.01313	    3.88414	    3.78891
17.20000	    4.62361	    0.01379	    3.88253	    3.78734
17.40000	    4.62379	    0.01448	    3.88086	    3.78572
17.60000	    4.62398	    0.01518	    3.87915	    3.78404
17.80000	    4.62419	    0.01590	    3.87738	    3.78232
18.00000	    4.62441	    0.01663	    3.87557	    3.78055
18.20000	    4.62464	    0.01738	    3.87370	    3.77873
18.40000	    4.62489	    0.01815	    3.87178	    3.77686
18.60000	    4.62515	    0.01893	    3.86981	    3.77494
18.80000	    4.62542	    0.01973	    3.86779	    3.77297
19.00000	    4.62571	    0.02054	    3.86572	    3.77095
19.20000	    4.62602	    0.02137	    3.86361	    3.76888
19.40000	    4.62634	    0.02221	    3.86144	    3.76677
19.60000	    4.62667	    0.02307	    3.85922	    3.76460
19.80000	    4.62702	    0.02394	    3.85695	    3.76239
20.00000	    4.62739	    0.02483	    3.85463	    3.76013
20.20000	    4.62777	    0.02573	    3.85226	    3.75782
20.40000	    4.62817	    0.02664	    3.84985	    3.75546
20.60000	    4.62859	    0.02757	    3.84738	    3.75306
20.80000	    4.62902	    0.02851	    3.84487	    3.75061
21.00000	    4.62947	    0.02946	    3.84231	    3.74811
21.20000	    4.62994	    0.03042	    3.83971	    3.74557
21.40000	    4.63042	    0.03139	    3.83705	    3.74298
21.60000	    4.63093	    0.03238	    3.83435	    3.74035
21.80000	    4.63145	    0.03338	    3.83161	    3.73767
22.00000	    4.63199	    0.03438	    3.82882	    3.73495
22.20000	    4.63254	    0.03540	    3.82598	    3.73218
22.40000	    4.63312	    0.03643	    3.82310	    3.72937
22.60000	    4.63371	    0.03747	    3.82018	    3.72652
22.80000	    4.63432	    0.03852	    3.81721	    3.72362
23.00000	    4.63496	    0.03958	    3.81420	    3.72069
23.20000	    4.63560	    0.04064	    3.81114	    3.71771
23.40000	    4.63627	    0.04172	    3.80805	    3.71469
23.60000	    4.63696	    0.04280	    3.80491	    3.71163
23.80000	    4.63766	    0.04390	    3.80174	    3.70853
24.00000	    4.63839	    0.04500	    3.79852	    3.70539
24.20000	    4.63913	    0.04610	    3.79527	    3.70222
24.40000	    4.63989	    0.04722	    3.79197	    3.69901
24.60000	    4.64067	    0.04834	    3.78864	    3.69575
24.80000	    4.64147	    0.04947	    3.78527	    3.69247
25.00000	    4.64229	    0.05060	    3.78186	    3.68914
25.20000	    4.64313	    0.05175	    3.77842	    3.68578
25.40000	    4.64398	    0.05289	    3.77494	    3.68239
25.60000	    4.64485	    0.05405	    3.77142	    3.67896
25.80000	    4.64575	    0.05520	    3.76787	    3.67550
26.00000	    4.64666	    0.05637	    3.76429	    3.67200
26.20000	    4.64759	    0.05753	    3.76068	    3.66848
26.40000	    4.64853	    0.05871	    3.75703	    3.66492
26.60000	    4.64950	    0.05988	    3.75335	    3.66133
26.80000	    4.65048	    0.06106	    3.74964	    3.65771
27.00000	    4.65149	    0.06225	    3.74589	    3.65406
27.20000	    4.65251	    0.06343	    3.74212	    3.65038
27.40000	    4.65354	    0.06463	    3.73832	    3.64667
27.60000	    4.65460	    0.06582	    3.73449	    3.64294
27.80000	    4.65567	    0.06702	    3.73063	    3.63917
28.00000	    4.65676	    0.06822	    3.72675	    3.63538
28.20000	    4.65787	    0.06942	    3.72284	    3.63157
28.40000	    4.65899	    0.07062	    3.71890	    3.62773
28.60000	    4.66013	    0.07183	    3.71494	    3.62386
28.80000	    4.66129	    0.07304	    3.71095	    3.61997
29.00000	    4.66247	    0.07425	    3.70694	    3.61606
29.20000	    4.66366	    0.07546	    3.70290	    3.61212
29.40000	    4.66486	    0.07667	    3.69884	    3.60816
29.60000	    4.66609	    0.07788	    3.69476	    3.60418
29.80000	    4.66733	    0.07910	    3.69066	    3.60018
30.00000	    4.66858	    0.08031	    3.68654	    3.59616
30.20000	    4.66985	    0.08153	    3.68240	    3.59212
30.40000	    4.67114	    0.08274	    3.67823	    3.58805
30.60000	    4.67244	    0.08396	    3.67405	    3.58397
30.80000	    4.67375	    0.08517	    3.66985	    3.57988
31.00000	    4.67508	    0.08639	    3.66563	    3.57576
31.20000	    4.67643	    0.08760	    3.66139	    3.57163
31.40000	    4.67779	    0.08882	    3.65714	    3.56748
31.60000	    4.67916	    0.09003	    3.65287	    3.56331
31.80000	    4.68055	    0.09124	    3.64859	    3.55913
32.00000	    4.68195	    0.09245	    3.64428	    3.55494
32.20000	    4.68336	    0.09366	    3.63997	    3.55073
32.40000	    4.68479	    0.09487	    3.63564	    3.54651
32.60000	    4.68623	    0.09608	    3.63130	    3.54227
32.80000	    4.68769	    0.09728	    3.62694	    3.53802
33.00000	    4.68915	    0.09849	    3.62257	    3.53376
33.20000	    4.69063	    0.09969	    3.61819	    3.52949
33.40000	    4.69212	    0.10089	    3.61380	    3.52521
33.60000	    4.69363	    0.10209	    3.60940	    3.52091
33.80000	    4.69514	    0.10329	    3.60499	    3.51661
34.00000	    4.69667	    0.10448	    3.60057	    3.51229
34.20000	    4.69821	    0.10567	    3.59613	    3.50797
34.40000	    4.69976	    0.10686	    3.59169	    3.50364
34.60000	    4.70132	    0.10805	    3.58725	    3.49930
34.80000	    4.70289	    0.10923	    3.58279	    3.49495
35.00000	    4.70447	    0.11042	    3.57832	    3.49060
35.20000	    4.70606	    0.11159	    3.57385	    3.48623
35.40000	    4.70767	    0.11277	    3.56937	    3.48186
35.60000	    4.70928	    0.11394	    3.56489	    3.47749
35.80000	    4.71090	    0.11511	    3.56040	    3.47311
36.00000	    4.71253	    0.11628	    3.55590	    3.46873
36.20000	    4.71417	    0.11744	    3.55140	    3.46434
36.40000	    4.71582	    0.11860	    3.54690	    3.45994
36.60000	    4.71748	    0.11976	    3.54239	    3.45554
36.80000	    4.71915	    0.12091	    3.53788	    3.45114
37.00000	    4.72082	    0.12206	    3.53336	    3.44674
37.20000	    4.72251	    0.12321	    3.52884	    3.44233
37.40000	    4.72420	    0.12435	    3.52432	    3.43792
37.60000	    4.72590	    0.12549	    3.51980	    3.43351
37.80000	    4.72761	    0.12662	    3.51528	    3.42909
38.00000	    4.72932	    0.12775	    3.51075	    3.42468
38.20000	    4.73104	    0.12888	    3.50622	    3.42026
38.40000	    4.73277	    0.13000	    3.50170	    3.41585
38.60000	    4.73451	    0.13112	    3.49717	    3.41143
38.80000	    4.73625	    0.13224	    3.49264	    3.40701
39.00000	    4.73800	    0.13335	    3.48811	    3.40260
39.20000	    4.73976	    0.13445	    3.48359	    3.39818
39.40000	    4.74152	    0.13556	    3.47906	    3.39377
39.60000	    4.74329	    0.13665	    3.47454	    3.38935
39.80000	    4.74506	    0.13775	    3.47001	    3.38494
40.00000	    4.74684	    0.13884	    3.46549	    3.38053
40.20000	    4.74863	    0.13992	    3.46097	    3.37612
40.40000	    4.75042	    0.14101	    3.45646	    3.37172
40.60000	    4.75221	    0.14208	    3.45194	    3.36731
40.80000	    4.75401	    0.14315	    3.44743	    3.36291
41.00000	    4.75582	    0.14422	    3.44293	    3.35852
41.20000	    4.75763	    0.14529	    3.43842	    3.35412
41.40000	    4.75944	    0.14635	    3.43392	    3.34973
41.60000	    4.76126	    0.14740	    3.42943	    3.34535
41.80000	    4.76308	    0.14845	    3.42494	    3.34097
42.00000	    4.76491	    0.14950	    3.42045	    3.33659
42.20000	    4.76674	    0.15054	    3.41597	    3.33222
42.40000	    4.76857	    0.15157	    3.41149	    3.32785
42.60000	    4.77041	    0.15260	    3.40702	    3.32349
42.80000	    4.77225	    0.15363	    3.40255	    3.31913
43.00000	    4.77410	    0.15465	    3.39809	    3.31478
43.20000	    4.77594	    0.15567	    3.39364	    3.31044
43.40000	    4.77779	    0.15668	    3.38919	    3.30610
43.60000	    4.77965	    0.15769	    3.38475	    3.30177
43.80000	    4.78150	    0.15870	    3.38031	    3.29744
44.00000	    4.78336	    0.15970	    3.37588	    3.29312
44.20000	    4.78522	    0.16069	    3.37146	    3.28881
44.40000	    4.78708	    0.16168	    3.36705	    3.28450
44.60000	    4.78894	    0.16267	    3.36264	    3.28020
44.80000	    4.79081	    0.16365	    3.35824	    3.27591
45.00000	    4.79268	    0.16462	    3.35385	    3.27162
45.20000	    4.79455	    0.16559	    3.34946	    3.26735
45.40000	    4.79642	    0.16656	    3.34509	    3.26308
45.60000	    4.79829	    0.16752	    3.34072	    3.25882
45.80000	    4.80016	    0.16848	    3.33636	    3.25456
46.00000	    4.80204	    0.16943	    3.33201	    3.25032
46.20000	    4.80391	    0.17038	    3.32766	    3.24608
46.40000	    4.80579	    0.17132	    3.32333	    3.24185
46.60000	    4.80767	    0.17226	    3.31900	    3.23763
46.80000	    4.80955	    0.17319	    3.31469	    3.23342
47.00000	    4.81143	    0.17412	    3.31038	    3.22922
47.20000	    4.81331	    0.17504	    3.30608	    3.22503
47.40000	    4.81519	    0.17596	    3.30179	    3.22084
47.60000	    4.81707	    0.17688	    3.29751	    3.21667
47.80000	    4.81895	    0.17779	    3.29324	    3.21250
48.00000	    4.82083	    0.17869	    3.28898	    3.20835
48.20000	    4.82271	    0.17959	    3.28473	    3.20420
48.40000	    4.82459	    0.18049	    3.28049	    3.20007
48.60000	    4.82647	    0.18138	    3.27626	    3.19594
48.80000	    4.82835	    0.18226	    3.27204	    3.19182
49.00000	    4.83023	    0.18315	    3.26783	    3.18772
49.20000	    4.83211	    0.18402	    3.26363	    3.18362
49.40000	    4.83398	    0.18490	    3.25944	    3.17953
49.60000	    4.83586	    0.18576	    3.25526	    3.17545
49.80000	    4.83774	    0.18663	    3.25109	    3.17139
50.00000	    4.83961	    0.18749	    3.24694	    3.16733
50.20000	    4.84149	    0.18834	    3.24279	    3.16329
50.40000	    4.84336	    0.18919	    3.23865	    3.15925
50.60000	    4.84524	    0.19004	    3.23453	    3.15523
50.80000	    4.84711	    0.19088	    3.23041	    3.15121
51.00000	    4.84898	    0.19171	    3.22631	    3.14721
51.20000	    4.85085	    0.19255	    3.22221	    3.14322
51.40000	    4.85272	    0.19337	    3.21813	    3.13924
51.60000	    4.85458	    0.19420	    3.21406	    3.13526
51.80000	    4.85645	    0.19502	    3.21000	    3.13130
52.00000	    4.85831	    0.19583	    3.20595	    3.12736
52.20000	    4.86017	    0.19664	    3.20192	    3.12342
52.40000	    4.86203	    0.19745	    3.19789	    3.11949
52.60000	    4.86389	    0.19825	    3.19388	    3.11558
52.80000	    4.86575	    0.19904	    3.18988	    3.11167
53.00000	    4.86760	    0.19984	    3.18589	    3.10778
53.20000	    4.86945	    0.20062	    3.18191	    3.10390
53.40000	    4.87130	    0.20141	    3.17794	    3.10003
53.60000	    4.87315	    0.20219	    3.17398	    3.09617
53.80000	    4.87500	    0.20296	    3.17004	    3.09232
54.00000	    4.87684	    0.20373	    3.16611	    3.08848
54.20000	    4.87868	    0.20450	    3.16218	    3.08466
54.40000	    4.88052	    0.20526	    3.15828	    3.08085
54.60000	    4.88236	    0.20602	    3.15438	    3.07704
54.80000	    4.88419	    0.20678	    3.15049	    3.07325
55.00000	    4.88602	    0.20753	    3.14662	    3.06947
55.20000	    4.88785	    0.20827	    3.14276	    3.06571
55.40000	    4.88968	    0.20901	    3.13891	    3.06195
55.60000	    4.89150	    0.20975	    3.13507	    3.05821
55.80000	    4.89332	    0.21048	    3.13124	    3.05447
56.00000	    4.89514	    0.21121	    3.12743	    3.05075
56.20000	    4.89696	    0.21194	    3.12363	    3.04704
56.40000	    4.89877	    0.21266	    3.11984	    3.04335
56.60000	    4.90058	    0.21338	    3.11606	    3.03966
56.80000	    4.90238	    0.21409	    3.11229	    3.03599
57.00000	    4.90419	    0.21480	    3.10854	    3.03233
57.20000	    4.90599	    0.21551	    3.10479	    3.02867
57.40000	    4.90779	    0.21621	    3.10106	    3.02504
57.60000	    4.90958	    0.21691	    3.09735	    3.02141
57.80000	    4.91137	    0.21760	    3.09364	    3.01779
58.00000	    4.91316	    0.21829	    3.08994	    3.01419
58.20000	    4.91495	    0.21898	    3.08626	    3.01060
58.40000	    4.91673	    0.21966	    3.08259	    3.00702
58.60000	    4.91851	    0.22034	    3.07893	    3.00345
58.80000	    4.92029	    0.22101	    3.07529	    2.99989
59.00000	    4.92206	    0.22169	    3.07165	    2.99635
59.20000	    4.92383	    0.22235	    3.06803	    2.99281
59.40000	    4.92559	    0.22302	    3.06442	    2.98929
59.60000	    4.92736	    0.22368	    3.06082	    2.98578
59.80000	    4.92911	    0.22433	    3.05724	    2.98228
60.00000	    4.93087	    0.22499	    3.05366	    2.97880
60.20000	    4.93262	    0.22563	    3.05010	    2.97532
60.40000	    4.93437	    0.22628	    3.04655	    2.97186
60.60000	    4.93612	    0.22692	    3.04301	    2.96841
60.80000	    4.93786	    0.22756	    3.03949	    2.96497
61.00000	    4.93959	    0.22820	    3.03597	    2.96154
61.20000	    4.94133	    0.22883	    3.03247	    2.95812
61.40000	    4.94306	    0.22945	    3.02898	    2.95472
61.60000	    4.94479	    0.23008	    3.02550	    2.95133
61.80000	    4.94651	    0.23070	    3.02203	    2.94794
62.00000	    4.94823	    0.23132	    3.01858	    2.94457
62.20000	    4.94995	    0.23193	    3.01514	    2.94122
62.40000	    4.95166	    0.23254	    3.01171	    2.93787
62.60000	    4.95337	    0.23315	    3.00829	    2.93453
62.80000	    4.95507	    0.23375	    3.00488	    2.93121
63.00000	    4.95677	    0.23435	    3.00148	    2.92790
63.20000	    4.95847	    0.23495	    2.99810	    2.92460
63.40000	    4.96016	    0.23554	    2.99473	    2.92131
63.60000	    4.96185	    0.23613	    2.99137	    2.91803
63.80000	    4.96354	    0.23672	    2.98802	    2.91476
64.00000	    4.96522	    0.23730	    2.98468	    2.91151
64.20000	    4.96690	    0.23788	    2.98135	    2.90826
64.40000	    4.96857	    0.23846	    2.97804	    2.90503
64.60000	    4.97024	    0.23904	    2.97474	    2.90181
64.80000	    4.97191	    0.23961	    2.97145	    2.89860
65.00000	    4.97357	    0.24018	    2.96817	    2.89540
65.20000	    4.97523	    0.24074	    2.96490	    2.89221
65.40000	    4.97688	    0.24130	    2.96164	    2.88904
65.60000	    4.97854	    0.24186	    2.95840	    2.88587
65.80000	    4.98018	    0.24242	    2.95517	    2.88272
66.00000	    4.98182	    0.24297	    2.95194	    2.87957
66.20000	    4.98346	    0.24352	    2.94873	    2.87644
66.40000	    4.98510	    0.24406	    2.94553	    2.87332
66.60000	    4.98673	    0.24461	    2.94235	    2.87021
66.80000	    4.98836	    0.24515	    2.93917	    2.86711
67.00000	    4.98998	    0.24568	    2.93600	    2.86402
67.20000	    4.99160	    0.24622	    2.93285	    2.86095
67.40000	    4.99321	    0.24675	    2.92971	    2.85788
67.60000	    4.99482	    0.24728	    2.92658	    2.85483
67.80000	    4.99643	    0.24780	    2.92346	    2.85178
68.00000	    4.99803	    0.24833	    2.92035	    2.84875
68.20000	    4.99963	    0.24885	    2.91725	    2.84573
68.40000	    5.00123	    0.24936	    2.91416	    2.84271
68.60000	    5.00282	    0.24988	    2.91108	    2.83971
68.80000	    5.00440	    0.25039	    2.90802	    2.83672
69.00000	    5.00599	    0.25090	    2.90496	    2.83374
69.20000	    5.00756	    0.25140	    2.90192	    2.83077
69.40000	    5.00914	    0.25191	    2.89889	    2.82782
69.60000	    5.01071	    0.25241	    2.89587	    2.82487
69.80000	    5.01228	    0.25290	    2.89285	    2.82193
70.00000	    5.01384	    0.25340	    2.88985	    2.81900
70.20000	    5.01540	    0.25389	    2.88686	    2.81609
70.40000	    5.01695	    0.25438	    2.88389	    2.81318
70.60000	    5.01850	    0.25487	    2.88092	    2.81029
70.80000	    5.02005	    0.25535	    2.87796	    2.80740
71.00000	    5.02159	    0.25583	    2.87501	    2.80453
71.20000	    5.02313	    0.25631	    2.87208	    2.80166
71.40000	    5.02466	    0.25679	    2.86915	    2.79881
71.60000	    5.02619	    0.25726	    2.86624	    2.79597
71.80000	    5.02771	    0.25773	    2.86333	    2.79313
72.00000	    5.02924	    0.25820	    2.86044	    2.79031
72.20000	    5.03075	    0.25867	    2.85755	    2.78749
72.40000	    5.03227	    0.25913	    2.85468	    2.78469
72.60000	    5.03378	    0.25959	    2.85182	    2.78190
72.80000	    5.03528	    0.26005	    2.84896	    2.77912
73.00000	    5.03678	    0.26051	    2.84612	    2.77634
73.20000	    5.03828	    0.26096	    2.84329	    2.77358
73.40000	    5.03977	    0.26141	    2.84046	    2.77083
73.60000	    5.04126	    0.26186	    2.83765	    2.76808
73.80000	    5.04275	    0.26231	    2.83485	    2.76535
74.00000	    5.04423	    0.26275	    2.83206	    2.76263
74.20000	    5.04571	    0.26320	    2.82928	    2.75991
74.40000	    5.04718	    0.26364	    2.82650	    2.75721
74.60000	    5.04865	    0.26407	    2.82374	    2.75451
74.80000	    5.05011	    0.26451	    2.82099	    2.75183
75.00000	    5.05157	    0.26494	    2.81825	    2.74915
75.20000	    5.05303	    0.26537	    2.81552	    2.74649
75.40000	    5.05448	    0.26580	    2.81279	    2.74383
75.60000	    5.05593	    0.26622	    2.81008	    2.74119
75.80000	    5.05738	    0.26665	    2.80738	    2.73855
76.00000	    5.05882	    0.26707	    2.80468	    2.73592
76.20000	    5.06026	    0.26749	    2.80200	    2.73330
76.40000	    5.06169	    0.26790	    2.79933	    2.73070
76.60000	    5.06312	    0.26832	    2.79666	    2.72810
76.80000	    5.06454	    0.26873	    2.79401	    2.72551
77.00000	    5.06596	    0.26914	    2.79136	    2.72293
77.20000	    5.06738	    0.26955	    2.78873	    2.72036
77.40000	    5.06879	    0.26996	    2.78610	    2.71779
77.60000	    5.07020	    0.27036	    2.78348	    2.71524
77.80000	    5.07161	    0.27076	    2.78087	    2.71270
78.00000	    5.07301	    0.27116	    2.77828	    2.71016
78.20000	    5.07441	    0.27156	    2.77569	    2.70764
78.40000	    5.07580	    0.27195	    2.77311	    2.70512
78.60000	    5.07719	    0.27235	    2.77054	    2.70261
78.80000	    5.07858	    0.27274	    2.76798	    2.70011
79.00000	    5.07996	    0.27313	    2.76542	    2.69763
79.20000	    5.08133	    0.27351	    2.76288	    2.69514
79.40000	    5.08271	    0.27390	    2.76035	    2.69267
79.60000	    5.08408	    0.27428	    2.75782	    2.69021
79.80000	    5.08545	    0.27466	    2.75531	    2.68776
80.00000	    5.08681	    0.27504	    2.75280	    2.68531
80.20000	    5.08817	    0.27542	    2.75030	    2.68287
80.40000	    5.08952	    0.27580	    2.74781	    2.68045
80.60000	    5.09087	    0.27617	    2.74533	    2.67803
80.80000	    5.09222	    0.27654	    2.74286	    2.67562
81.00000	    5.09356	    0.27691	    2.74040	    2.67321
81.20000	    5.09490	    0.27728	    2.73794	    2.67082
81.40000	    5.09624	    0.27765	    2.73550	    2.66843
81.60000	    5.09757	    0.27801	    2.73306	    2.66606
81.80000	    5.09890	    0.27837	    2.73064	    2.66369
82.00000	    5.10022	    0.27873	    2.72822	    2.66133
82.20000	    5.10154	    0.27909	    2.72581	    2.65898
82.40000	    5.10286	    0.27945	    2.72340	    2.65664
82.60000	    5.10417	    0.27980	    2.72101	    2.65430
82.80000	    5.10548	    0.28015	    2.71863	    2.65197
83.00000	    5.10678	    0.28051	    2.71625	    2.64966
83.20000	    5.10809	    0.28086	    2.71388	    2.64735
83.40000	    5.10938	    0.28120	    2.71152	    2.64504
83.60000	    5.11068	    0.28155	    2.70917	    2.64275
83.80000	    5.11197	    0.28189	    2.70683	    2.64047
84.00000	    5.11326	    0.28224	    2.70449	    2.63819
84.20000	    5.11454	    0.28258	    2.70217	    2.63592
84.40000	    5.11582	    0.28292	    2.69985	    2.63366
84.60000	    5.11709	    0.28325	    2.69754	    2.63140
84.80000	    5.11837	    0.28359	    2.69524	    2.62916
85.00000	    5.11963	    0.28392	    2.69294	    2.62692
85.20000	    5.12090	    0.28426	    2.69066	    2.62469
85.40000	    5.12216	    0.28459	    2.68838	    2.62247
85.60000	    5.12342	    0.28492	    2.68611	    2.62025
85.80000	    5.12467	    0.28524	    2.68385	    2.61805
86.00000	    5.12592	    0.28557	    2.68159	    2.61585
86.20000	    5.12717	    0.28589	    2.67935	    2.61366
86.40000	    5.12841	    0.28621	    2.67711	    2.61147
86.60000	    5.12965	    0.28654	    2.67488	    2.60930
86.80000	    5.13089	    0.28686	    2.67266	    2.60713
87.00000	    5.13212	    0.28717	    2.67044	    2.60497
87.20000	    5.13335	    0.28749	    2.66823	    2.60282
87.40000	    5.13458	    0.28780	    2.66603	    2.60067
87.60000	    5.13580	    0.28812	    2.66384	    2.59853
87.80000	    5.13702	    0.28843	    2.66166	    2.59640
88.00000	    5.13823	    0.28874	    2.65948	    2.59428
88.20000	    5.13944	    0.28905	    2.65731	    2.59216
88.40000	    5.14065	    0.28935	    2.65515	    2.59006
88.60000	    5.14186	    0.28966	    2.65300	    2.58796
88.80000	    5.14306	    0.28996	    2.65085	    2.58586
89.00000	    5.14425	    0.29027	    2.64871	    2.58378
89.20000	    5.14545	    0.29057	    2.64658	    2.58170
89.40000	    5.14664	    0.29087	    2.64446	    2.57962
89.60000	    5.14783	    0.29117	    2.64234	    2.57756
89.80000	    5.14901	    0.29146	    2.64023	    2.57550
90.00000	    5.15019	    0.29176	    2.63813	    2.57345
90.20000	    5.15137	    0.29205	    2.63603	    2.57141
90.40000	    5.15254	    0.29234	    2.63395	    2.56937
90.60000	    5.15371	    0.29263	    2.63186	    2.56734
90.80000	    5.15488	    0.29292	    2.62979	    2.56532
91.00000	    5.15604	    0.29321	    2.62773	    2.56330
91.20000	    5.15720	    0.29350	    2.62567	    2.56129
91.40000	    5.15836	    0.29378	    2.62361	    2.55929
91.60000	    5.15951	    0.29407	    2.62157	    2.55730
91.80000	    5.16066	    0.29435	    2.61953	    2.55531
92.00000	    5.16181	    0.29463	    2.61750	    2.55333
92.20000	    5.16296	    0.29491	    2.61548	    2.55135
92.40000	    5.16410	    0.29519	    2.61346	    2.54938
92.60000	    5.16523	    0.29547	    2.61145	    2.54742
92.80000	    5.16637	    0.29575	    2.60944	    2.54547
93.00000	    5.16750	    0.29602	    2.60745	    2.54352
93.20000	    5.16863	    0.29629	    2.60546	    2.54158
93.40000	    5.16975	    0.29657	    2.60347	    2.53965
93.60000	    5.17087	    0.29684	    2.60150	    2.53772
93.80000	    5.17199	    0.29711	    2.59953	    2.53580
94.00000	    5.17310	    0.29737	    2.59757	    2.53388
94.20000	    5.17421	    0.29764	    2.59561	    2.53197
94.40000	    5.17532	    0.29791	    2.59366	    2.53007
94.60000	    5.17643	    0.29817	    2.59172	    2.52818
94.80000	    5.17753	    0.29844	    2.58978	    2.52629
95.00000	    5.17863	    0.29870	    2.58785	    2.52440
95.20000	    5.17972	    0.29896	    2.58593	    2.52253
95.40000	    5.18082	    0.29922	    2.58401	    2.52066
95.60000	    5.18191	    0.29948	    2.58210	    2.51879
95.80000	    5.18299	    0.29973	    2.58019	    2.51694
96.00000	    5.18408	    0.29999	    2.57830	    2.51508
96.20000	    5.18516	    0.30025	    2.57640	    2.51324
96.40000	    5.18623	    0.30050	    2.57452	    2.51140
96.60000	    5.18731	    0.30075	    2.57264	    2.50957
96.80000	    5.18838	    0.30100	    2.57077	    2.50774
97.00000	    5.18945	    0.30125	    2.56890	    2.50592
97.20000	    5.19051	    0.30150	    2.56704	    2.50411
97.40000	    5.19157	    0.30175	    2.56519	    2.50230
97.60000	    5.19263	    0.30200	    2.56334	    2.50050
97.80000	    5.19369	    0.30224	    2.56150	    2.49870
98.00000	    5.19474	    0.30249	    2.55966	    2.49691
98.20000	    5.19579	    0.30273	    2.55783	    2.49512
98.40000	    5.19684	    0.30297	    2.55601	    2.49335
98.60000	    5.19788	    0.30321	    2.55419	    2.49157
98.80000	    5.19892	    0.30345	    2.55238	    2.48981
99.00000	    5.19996	    0.30369	    2.55058	    2.48805
99.20000	    5.20099	    0.30393	    2.54878	    2.48629
99.40000	    5.20203	    0.30417	    2.54698	    2.48454
99.60000	    5.20306	    0.30440	    2.54520	    2.48280
99.80000	    5.20408	    0.30464	    2.54342	    2.48106
100.00000	    5.20511	    0.30487	    2.54164	    2.47933
100.20000	    5.20613	    0.30510	    2.53987	    2.47760
100.40000	    5.20714	    0.30534	    2.53811	    2.47588
100.60000	    5.20816	    0.30557	    2.53635	    2.47417
100.80000	    5.20917	    0.30580	    2.53460	    2.47246
101.00000	    5.21018	    0.30603	    2.53285	    2.47075
101.20000	    5.21119	    0.30625	    2.53111	    2.46905
101.40000	    5.21219	    0.30648	    2.52937	    2.46736
101.60000	    5.21319	    0.30670	    2.52764	    2.46567
101.80000	    5.21419	    0.30693	    2.52592	    2.46399
102.00000	    5.21518	    0.30715	    2.52420	    2.46232
102.20000	    5.21617	    0.30737	    2.52249	    2.46065
102.40000	    5.21716	    0.30760	    2.52078	    2.45898
102.60000	    5.21815	    0.30782	    2.51908	    2.45732
102.80000	    5.21913	    0.30804	    2.51738	    2.45567
103.00000	    5.22012	    0.30825	    2.51569	    2.45402
103.20000	    5.22109	    0.30847	    2.51401	    2.45237
103.40000	    5.22207	    0.30869	    2.51233	    2.45073
103.60000	    5.22304	    0.30890	    2.51065	    2.44910
103.80000	    5.22401	    0.30912	    2.50898	    2.44747
104.00000	    5.22498	    0.30933	    2.50732	    2.44585
104.20000	    5.22594	    0.30955	    2.50566	    2.44423
104.40000	    5.22691	    0.30976	    2.50401	    2.44262
104.60000	    5.22787	    0.30997	    2.50236	    2.44101
104.80000	    5.22882	    0.31018	    2.50072	    2.43941
105.00000	    5.22978	    0.31039	    2.49908	    2.43781
105.20000	    5.23073	    0.31060	    2.49745	    2.43622
105.40000	    5.23168	    0.31080	    2.49583	    2.43464
105.60000	    5.23262	    0.31101	    2.49420	    2.43305
105.80000	    5.23357	    0.31121	    2.49259	    2.43148
106.00000	    5.23451	    0.31142	    2.49098	    2.42991
106.20000	    5.23545	    0.31162	    2.48937	    2.42834
106.40000	    5.23638	    0.31183	    2.48777	    2.42678
106.60000	    5.23731	    0.31203	    2.48617	    2.42522
106.80000	    5.23824	    0.31223	    2.48458	    2.42367
107.00000	    5.23917	    0.31243	    2.48300	    2.42212
107.20000	    5.24010	    0.31263	    2.48142	    2.42058
107.40000	    5.24102	    0.31283	    2.47984	    2.41904
107.60000	    5.24194	    0.31302	    2.47827	    2.41751
107.80000	    5.24286	    0.31322	    2.47671	    2.41599
108.00000	    5.24377	    0.31342	    2.47515	    2.41446
108.20000	    5.24469	    0.31361	    2.47359	    2.41295
108.40000	    5.24560	    0.31381	    2.47204	    2.41143
108.60000	    5.24650	    0.31400	    2.47049	    2.40992
108.80000	    5.24741	    0.31419	    2.46895	    2.40842
109.00000	    5.24831	    0.31439	    2.46742	    2.40692
109.20000	    5.24921	    0.31458	    2.46588	    2.40543
109.40000	    5.25011	    0.31477	    2.46436	    2.40394
109.60000	    5.25100	    0.31496	    2.46284	    2.40245
109.80000	    5.25190	    0.31514	    2.46132	    2.40097
110.00000	    5.25279	    0.31533	    2.45981	    2.39950
110.20000	    5.25368	    0.31552	    2.45830	    2.39803
110.40000	    5.25456	    0.31571	    2.45679	    2.39656
110.60000	    5.25544	    0.31589	    2.45530	    2.39510
110.80000	    5.25633	    0.31608	    2.45380	    2.39364
111.00000	    5.25720	    0.31626	    2.45231	    2.39219
111.20000	    5.25808	    0.31644	    2.45083	    2.39074
111.40000	    5.25895	    0.31663	    2.44935	    2.38930
111.60000	    5.25982	    0.31681	    2.44787	    2.38786
111.80000	    5.26069	    0.31699	    2.44640	    2.38643
112.00000	    5.26156	    0.31717	    2.44494	    2.38500
112.20000	    5.26242	    0.31735	    2.44348	    2.38357
112.40000	    5.26329	    0.31753	    2.44202	    2.38215
112.60000	    5.26414	    0.31770	    2.44057	    2.38073
112.80000	    5.26500	    0.31788	    2.43912	    2.37932
113.00000	    5.26586	    0.31806	    2.43767	    2.37791
113.20000	    5.26671	    0.31823	    2.43623	    2.37651
113.40000	    5.26756	    0.31841	    2.43480	    2.37511
113.60000	    5.26841	    0.31858	    2.43337	    2.37371
113.80000	    5.26925	    0.31876	    2.43194	    2.37232
114.00000	    5.27010	    0.31893	    2.43052	    2.37093
114.20000	    5.27094	    0.31910	    2.42910	    2.36955
114.40000	    5.27178	    0.31927	    2.42769	    2.36817
114.60000	    5.27261	    0.31944	    2.42628	    2.36680
114.80000	    5.27345	    0.31961	    2.42488	    2.36543
115.00000	    5.27428	    0.31978	    2.42348	    2.36406
115.20000	    5.27511	    0.31995	    2.42208	    2.36270
115.40000	    5.27594	    0.32012	    2.42069	    2.36134
115.60000	    5.27676	    0.32029	    2.41930	    2.35999
115.80000	    5.27758	    0.32045	    2.41792	    2.35864
116.00000	    5.27841	    0.32062	    2.41654	    2.35729
116.20000	    5.27922	    0.32079	    2.41516	    2.35595
116.40000	    5.28004	    0.32095	    2.41379	    2.35461
116.60000	    5.28085	    0.32111	    2.41242	    2.35328
116.80000	    5.28167	    0.32128	    2.41106	    2.35195
117.00000	    5.28248	    0.32144	    2.40970	    2.35062
117.20000	    5.28329	    0.32160	    2.40835	    2.34930
117.40000	    5.28409	    0.32176	    2.40700	    2.34798
117.60000	    5.28489	    0.32192	    2.40565	    2.34667
117.80000	    5.28570	    0.32208	    2.40431	    2.34536
118.00000	    5.28650	    0.32224	    2.40297	    2.34406
118.20000	    5.28729	    0.32240	    2.40163	    2.34275
118.40000	    5.28809	    0.32256	    2.40030	    2.34146
118.60000	    5.28888	    0.32272	    2.39898	    2.34016
118.80000	    5.28967	    0.32288	    2.39765	    2.33887
119.00000	    5.29046	    0.32303	    2.39633	    2.33758
119.20000	    5.29125	    0.32319	    2.39502	    2.33630
119.40000	    5.29203	    0.32334	    2.39371	    2.33502
119.60000	    5.29282	    0.32350	    2.39240	    2.33375
119.80000	    5.29360	    0.32365	    2.39110	    2.33248
120.00000	    5.29437	    0.32380	    2.38980	    2.33121
120.20000	    5.29515	    0.32396	    2.38850	    2.32994
120.40000	    5.29593	    0.32411	    2.38721	    2.32868
120.60000	    5.29670	    0.32426	    2.38592	    2.32743
120.80000	    5.29747	    0.32441	    2.38464	    2.32618
121.00000	    5.29824	    0.32456	    2.38336	    2.32493
121.20000	    5.29900	    0.32471	    2.38208	    2.32368
121.40000	    5.29977	    0.32486	    2.38081	    2.32244
121.60000	    5.30053	    0.32501	    2.37954	    2.32120
121.80000	    5.30129	    0.32516	    2.37827	    2.31997
122.00000	    5.30205	    0.32530	    2.37701	    2.31874
122.20000	    5.30281	    0.32545	    2.37575	    2.31751
122.40000	    5.30356	    0.32560	    2.37450	    2.31628
122.60000	    5.30431	    0.32574	    2.37325	    2.31506
122.80000	    5.30506	    0.32589	    2.37200	    2.31385
123.00000	    5.30581	    0.32603	    2.37076	    2.31263
123.20000	    5.30656	    0.32618	    2.36952	    2.31142
123.40000	    5.30730	    0.32632	    2.36828	    2.31022
123.60000	    5.30805	    0.32646	    2.36705	    2.30902
123.80000	    5.30879	    0.32661	    2.36582	    2.30782
124.00000	    5.30953	    0.32675	    2.36459	    2.30662
124.20000	    5.31026	    0.32689	    2.36337	    2.30543
124.40000	    5.31100	    0.32703	    2.36215	    2.30424
124.60000	    5.31173	    0.32717	    2.36094	    2.30305
124.80000	    5.31246	    0.32731	    2.35972	    2.30187
125.00000	    5.31319	    0.32745	    2.35852	    2.30069
125.20000	    5.31392	    0.32759	    2.35731	    2.29952
125.40000	    5.31465	    0.32773	    2.35611	    2.29834
125.60000	    5.31537	    0.32786	    2.35491	    2.29718
125.80000	    5.31609	    0.32800	    2.35372	    2.29601
126.00000	    5.31681	    0.32814	    2.35252	    2.29485
126.20000	    5.31753	    0.32827	    2.35134	    2.29369
126.40000	    5.31825	    0.32841	    2.35015	    2.29253
126.60000	    5.31896	    0.32854	    2.34897	    2.29138
126.80000	    5.31968	    0.32868	    2.34779	    2.29023
127.00000	    5.32039	    0.32881	    2.34662	    2.28909
127.20000	    5.32110	    0.32895	    2.34545	    2.28795
127.40000	    5.32180	    0.32908	    2.34428	    2.28681
127.60000	    5.32251	    0.32921	    2.34312	    2.28567
127.80000	    5.32321	    0.32934	    2.34195	    2.28454
128.00000	    5.32392	    0.32947	    2.34080	    2.28341
128.20000	    5.32462	    0.32961	    2.33964	    2.28228
128.40000	    5.32532	    0.32974	    2.33849	    2.28116
128.60000	    5.32601	    0.32987	    2.33734	    2.28004
128.80000	    5.32671	    0.33000	    2.33620	    2.27892
129.00000	    5.32740	    0.33013	    2.33506	    2.27781
129.20000	    5.32809	    0.33025	    2.33392	    2.27670
129.40000	    5.32878	    0.33038	    2.33278	    2.27559
129.60000	    5.32947	    0.33051	    2.33165	    2.27449
129.80000	    5.33016	    0.33064	    2.33052	    2.27338
130.00000	    5.33084	    0.33076	    2.32939	    2.27229
130.20000	    5.33152	    0.33089	    2.32827	    2.27119
130.40000	    5.33221	    0.33102	    2.32715	    2.27010
130.60000	    5.33288	    0.33114	    2.32604	    2.26901
130.80000	    5.33356	    0.33127	    2.32492	    2.26792
131.00000	    5.33424	    0.33139	    2.32381	    2.26684
131.20000	    5.33491	    0.33151	    2.32270	    2.26576
131.40000	    5.33559	    0.33164	    2.32160	    2.26468
131.60000	    5.33626	    0.33176	    2.32050	    2.26361
131.80000	    5.33693	    0.33188	    2.31940	    2.26254
132.00000	    5.33759	    0.33201	    2.31831	    2.26147
132.20000	    5.33826	    0.33213	    2.31721	    2.26040
132.40000	    5.33892	    0.33225	    2.31612	    2.25934
132.60000	    5.33959	    0.33237	    2.31504	    2.25828
132.80000	    5.34025	    0.33249	    2.31396	    2.25723
133.00000	    5.34091	    0.33261	    2.31288	    2.25617
133.20000	    5.34157	    0.33273	    2.31180	    2.25512
133.40000	    5.34222	    0.33285	    2.31072	    2.25407
133.60000	    5.34288	    0.33297	    2.30965	    2.25303
133.80000	    5.34353	    0.33309	    2.30858	    2.25199
134.00000	    5.34418	    0.33320	    2.30752	    2.25095
134.20000	    5.34483	    0.33332	    2.30646	    2.24991
134.40000	    5.34548	    0.33344	    2.30540	    2.24888
134.60000	    5.34613	    0.33356	    2.30434	    2.24784
134.80000	    5.34677	    0.33367	    2.30328	    2.24682
135.00000	    5.34741	    0.33379	    2.30223	    2.24579
135.20000	    5.34806	    0.33390	    2.30119	    2.24477
135.40000	    5.34870	    0.33402	    2.30014	    2.24375
135.60000	    5.34934	    0.33413	    2.29910	    2.24273
135.80000	    5.34997	    0.33425	    2.29806	    2.24172
136.00000	    5.35061	    0.33436	    2.29702	    2.24071
136.20000	    5.35124	    0.33447	    2.29599	    2.23970
136.40000	    5.35188	    0.33459	    2.29495	    2.23869
136.60000	    5.35251	    0.33470	    2.29393	    2.23769
136.80000	    5.35314	    0.33481	    2.29290	    2.23669
137.00000	    5.35376	    0.33492	    2.29188	    2.23569
137.20000	    5.35439	    0.33503	    2.29086	    2.23469
137.40000	    5.35501	    0.33515	    2.28984	    2.23370
137.60000	    5.35564	    0.33526	    2.28882	    2.23271
137.80000	    5.35626	    0.33537	    2.28781	    2.23172
138.00000	    5.35688	    0.33548	    2.28680	    2.23074
138.20000	    5.35750	    0.33559	    2.28579	    2.22975
138.40000	    5.35812	    0.33569	    2.28479	    2.22877
138.60000	    5.35873	    0.33580	    2.28379	    2.22780
138.80000	    5.35935	    0.33591	    2.28279	    2.22682
139.00000	    5.35996	    0.33602	    2.28179	    2.22585
139.20000	    5.36057	    0.33613	    2.28080	    2.22488
139.40000	    5.36118	    0.33623	    2.27981	    2.22392
139.60000	    5.36179	    0.33634	    2.27882	    2.22295
139.80000	    5.36240	    0.33645	    2.27783	    2.22199
140.00000	    5.36300	    0.33655	    2.27685	    2.22103
140.20000	    5.36361	    0.33666	    2.27587	    2.22007
140.40000	    5.36421	    0.33676	    2.27489	    2.21912
140.60000	    5.36481	    0.33687	    2.27392	    2.21817
140.80000	    5.36541	    0.33697	    2.27294	    2.21722
141.00000	    5.36601	    0.33708	    2.27197	    2.21627
141.20000	    5.36661	    0.33718	    2.27101	    2.21533
141.40000	    5.36720	    0.33729	    2.27004	    2.21439
141.60000	    5.36780	    0.33739	    2.26908	    2.21345
141.80000	    5.36839	    0.33749	    2.26812	    2.21251
142.00000	    5.36898	    0.33760	    2.26716	    2.21158
142.20000	    5.36957	    0.33770	    2.26620	    2.21064
142.40000	    5.37016	    0.33780	    2.26525	    2.20971
142.60000	    5.37074	    0.33790	    2.26430	    2.20879
142.80000	    5.37133	    0.33800	    2.26335	    2.20786
143.00000	    5.37191	    0.33810	    2.26241	    2.20694
143.20000	    5.37250	    0.33820	    2.26146	    2.20602
143.40000	    5.37308	    0.33830	    2.26052	    2.20510
143.60000	    5.37366	    0.33840	    2.25959	    2.20419
143.80000	    5.37424	    0.33850	    2.25865	    2.20328
144.00000	    5.37482	    0.33860	    2.25772	    2.20236
144.20000	    5.37539	    0.33870	    2.25679	    2.20146
144.40000	    5.37597	    0.33880	    2.25586	    2.20055
144.60000	    5.37654	    0.33890	    2.25493	    2.19965
144.80000	    5.37711	    0.33899	    2.25401	    2.19875
145.00000	    5.37768	    0.33909	    2.25309	    2.19785
145.20000	    5.37825	    0.33919	    2.25217	    2.19695
145.40000	    5.37882	    0.33929	    2.25125	    2.19606
145.60000	    5.37939	    0.33938	    2.25034	    2.19516
145.80000	    5.37995	    0.33948	    2.24942	    2.19428
146.00000	    5.38052	    0.33957	    2.24851	    2.19339
146.20000	    5.38108	    0.33967	    2.24761	    2.19250
146.40000	    5.38164	    0.33977	    2.24670	    2.19162
146.60000	    5.38220	    0.33986	    2.24580	    2.19074
146.80000	    5.38276	    0.33996	    2.24490	    2.18986
147.00000	    5.38332	    0.34005	    2.24400	    2.18898
147.20000	    5.38387	    0.34014	    2.24310	    2.18811
147.40000	    5.38443	    0.34024	    2.24221	    2.18724
147.60000	    5.38498	    0.34033	    2.24132	    2.18637
147.80000	    5.38554	    0.34042	    2.24043	    2.18550
148.00000	    5.38609	    0.34052	    2.23954	    2.18464
148.20000	    5.38664	    0.34061	    2.23866	    2.18377
148.40000	    5.38719	    0.34070	    2.23778	    2.18291
148.60000	    5.38773	    0.34079	    2.23689	    2.18205
148.80000	    5.38828	    0.34088	    2.23602	    2.18120
149.00000	    5.38882	    0.34098	    2.23514	    2.18034
149.20000	    5.38937	    0.34107	    2.23427	    2.17949
149.40000	    5.38991	    0.34116	    2.23340	    2.17864
149.60000	    5.39045	    0.34125	    2.23253	    2.17779
149.80000	    5.39099	    0.34134	    2.23166	    2.17695
150.00000	    5.39153	    0.34143	    2.23079	    2.17610
150.20000	    5.39207	    0.34152	    2.22993	    2.17526
150.40000	    5.39260	    0.34161	    2.22907	    2.17442
150.60000	    5.39314	    0.34170	    2.22821	    2.17358
150.80000	    5.39367	    0.34178	    2.22736	    2.17275
151.00000	    5.39420	    0.34187	    2.22650	    2.17192
151.20000	    5.39474	    0.34196	    2.22565	    2.17108
151.40000	    5.39527	    0.34205	    2.22480	    2.17026
151.60000	    5.39579	    0.34214	    2.22395	    2.16943
151.80000	    5.39632	    0.34222	    2.22311	    2.16860
152.00000	    5.39685	    0.34231	    2.22226	    2.16778
152.20000	    5.39737	    0.34240	    2.22142	    2.16696
152.40000	    5.39790	    0.34248	    2.22058	    2.16614
152.60000	    5.39842	    0.34257	    2.21974	    2.16532
152.80000	    5.39894	    0.34266	    2.21891	    2.16451
153.00000	    5.39946	    0.34274	    2.21807	    2.16369
153.20000	    5.39998	    0.34283	    2.21724	    2.16288
153.40000	    5.40050	    0.34291	    2.21641	    2.16207
153.60000	    5.40102	    0.34300	    2.21559	    2.16127
153.80000	    5.40153	    0.34308	    2.21476	    2.16046
154.00000	    5.40205	    0.34316	    2.21394	    2.15966
154.20000	    5.40256	    0.34325	    2.21312	    2.15886
154.40000	    5.40307	    0.34333	    2.21230	    2.15806
154.60000	    5.40359	    0.34342	    2.21148	    2.15726
154.80000	    5.40410	    0.34350	    2.21066	    2.15647
155.00000	    5.40461	    0.34358	    2.20985	    2.15567
155.20000	    5.40511	    0.34366	    2.20904	    2.15488
155.40000	    5.40562	    0.34375	    2.20823	    2.15409
155.60000	    5.40613	    0.34383	    2.20742	    2.15330
155.80000	    5.40663	    0.34391	    2.20662	    2.15252
156.00000	    5.40713	    0.34399	    2.20581	    2.15173
156.20000	    5.40764	    0.34407	    2.20501	    2.15095
156.40000	    5.40814	    0.34416	    2.20421	    2.15017
156.60000	    5.40864	    0.34424	    2.20341	    2.14939
156.80000	    5.40914	    0.34432	    2.20262	    2.14862
157.00000	    5.40963	    0.34440	    2.20182	    2.14784
157.20000	    5.41013	    0.34448	    2.20103	    2.14707
157.40000	    5.41063	    0.34456	    2.20024	    2.14630
157.60000	    5.41112	    0.34464	    2.19945	    2.14553
157.80000	    5.41161	    0.34472	    2.19867	    2.14476
158.00000	    5.41211	    0.34480	    2.19788	    2.14400
158.20000	    5.41260	    0.34487	    2.19710	    2.14323
158.40000	    5.41309	    0.34495	    2.19632	    2.14247
158.60000	    5.41358	    0.34503	    2.19554	    2.14171
158.80000	    5.41407	    0.34511	    2.19476	    2.14096
159.00000	    5.41455	    0.34519	    2.19399	    2.14020
159.20000	    5.41504	    0.34527	    2.19321	    2.13944
159.40000	    5.41552	    0.34534	    2.19244	    2.13869
159.60000	    5.41601	    0.34542	    2.19167	    2.13794
159.80000	    5.41649	    0.34550	    2.19091	    2.13719
160.00000	    5.41697	    0.34557	    2.19014	    2.13644
160.20000	    5.41745	    0.34565	    2.18938	    2.13570
160.40000	    5.41793	    0.34573	    2.18861	    2.13496
160.60000	    5.41841	    0.34580	    2.18785	    2.13421
160.80000	    5.41889	    0.34588	    2.18709	    2.13347
161.00000	    5.41936	    0.34595	    2.18634	    2.13273
161.20000	    5.41984	    0.34603	    2.18558	    2.13200
161.40000	    5.42031	    0.34610	    2.18483	    2.13126
161.60000	    5.42079	    0.34618	    2.18408	    2.13053
161.80000	    5.42126	    0.34625	    2.18333	    2.12980
162.00000	    5.42173	    0.34633	    2.18258	    2.12907
162.20000	    5.42220	    0.34640	    2.18183	    2.12834
162.40000	    5.42267	    0.34648	    2.18109	    2.12761
162.60000	    5.42314	    0.34655	    2.18034	    2.12689
162.80000	    5.42361	    0.34662	    2.17960	    2.12617
163.00000	    5.42407	    0.34670	    2.17886	    2.12544
163.20000	    5.42454	    0.34677	    2.17812	    2.12472
163.40000	    5.42500	    0.34684	    2.17739	    2.12401
163.60000	    5.42547	    0.34692	    2.17665	    2.12329
163.80000	    5.42593	    0.34699	    2.17592	    2.12257
164.00000	    5.42639	    0.34706	    2.17519	    2.12186
164.20000	    5.42685	    0.34713	    2.17446	    2.12115
164.40000	    5.42731	    0.34720	    2.17373	    2.12044
164.60000	    5.42777	    0.34728	    2.17301	    2.11973
164.80000	    5.42822	    0.34735	    2.17228	    2.11903
165.00000	    5.42868	    0.34742	    2.17156	    2.11832
165.20000	    5.42914	    0.34749	    2.17084	    2.11762
165.40000	    5.42959	    0.34756	    2.17012	    2.11692
165.60000	    5.43004	    0.34763	    2.16940	    2.11622
165.80000	    5.43050	    0.34770	    2.16869	    2.11552
166.00000	    5.43095	    0.34777	    2.16797	    2.11482
166.20000	    5.43140	    0.34784	    2.16726	    2.11413
166.40000	    5.43185	    0.34791	    2.16655	    2.11343
166.60000	    5.43230	    0.34798	    2.16584	    2.11274
166.80000	    5.43274	    0.34805	    2.16513	    2.11205
167.00000	    5.43319	    0.34812	    2.16442	    2.11136
167.20000	    5.43364	    0.34819	    2.16372	    2.11067
167.40000	    5.43408	    0.34826	    2.16302	    2.10999
167.60000	    5.43453	    0.34833	    2.16231	    2.10930
167.80000	    5.43497	    0.34839	    2.16162	    2.10862
168.00000	    5.43541	    0.34846	    2.16092	    2.10794
168.20000	    5.43585	    0.34853	    2.16022	    2.10726
168.40000	    5.43629	    0.34860	    2.15952	    2.10658
168.60000	    5.43673	    0.34867	    2.15883	    2.10590
168.80000	    5.43717	    0.34873	    2.15814	    2.10523
169.00000	    5.43761	    0.34880	    2.15745	    2.10456
169.20000	    5.43804	    0.34887	    2.15676	    2.10388
169.40000	    5.43848	    0.34893	    2.15607	    2.10321
169.60000	    5.43891	    0.34900	    2.15539	    2.10254
169.80000	    5.43935	    0.34907	    2.15470	    2.10188
170.00000	    5.43978	    0.34913	    2.15402	    2.10121
170.20000	    5.44021	    0.34920	    2.15334	    2.10055
170.40000	    5.44064	    0.34927	    2.15266	    2.09988
170.60000	    5.44107	    0.34933	    2.15198	    2.09922
170.80000	    5.44150	    0.34940	    2.15130	    2.09856
171.00000	    5.44193	    0.34946	    2.15063	    2.09790
171.20000	    5.44236	    0.34953	    2.14996	    2.09725
171.40000	    5.44279	    0.34959	    2.14928	    2.09659
171.60000	    5.44321	    0.34966	    2.14861	    2.09594
171.80000	    5.44364	    0.34972	    2.14794	    2.09528
172.00000	    5.44406	    0.34979	    2.14728	    2.09463
172.20000	    5.44448	    0.34985	    2.14661	    2.09398
172.40000	    5.44491	    0.34991	    2.14595	    2.09333
172.60000	    5.44533	    0.34998	    2.14528	    2.09269
172.80000	    5.44575	    0.35004	    2.14462	    2.09204
173.00000	    5.44617	    0.35010	    2.14396	    2.09140
173.20000	    5.44659	    0.35017	    2.14330	    2.09076
173.40000	    5.44701	    0.35023	    2.14264	    2.09011
173.60000	    5.44742	    0.35029	    2.14199	    2.08947
173.80000	    5.44784	    0.35036	    2.14133	    2.08884
174.00000	    5.44825	    0.35042	    2.14068	    2.08820
174.20000	    5.44867	    0.35048	    2.14003	    2.08756
174.40000	    5.44908	    0.35054	    2.13938	    2.08693
174.60000	    5.44950	    0.35061	    2.13873	    2.08630
174.80000	    5.44991	    0.35067	    2.13808	    2.08567
175.00000	    5.45032	    0.35073	    2.13744	    2.08504
175.20000	    5.45073	    0.35079	    2.13679	    2.08441
175.40000	    5.45114	    0.35085	    2.13615	    2.08378
175.60000	    5.45155	    0.35091	    2.13551	    2.08315
175.80000	    5.45195	    0.35097	    2.13487	    2.08253
176.00000	    5.45236	    0.35103	    2.13423	    2.08191
176.20000	    5.45277	    0.35110	    2.13359	    2.08128
176.40000	    5.45317	    0.35116	    2.13296	    2.08066
176.60000	    5.45358	    0.35122	    2.13232	    2.08004
176.80000	    5.45398	    0.35128	    2.13169	    2.07943
177.00000	    5.45438	    0.35134	    2.13106	    2.07881
177.20000	    5.45479	    0.35140	    2.13043	    2.07819
177.40000	    5.45519	    0.35146	    2.12980	    2.07758
177.60000	    5.45559	    0.35152	    2.12917	    2.07697
177.80000	    5.45599	    0.35157	    2.12854	    2.07636
178.00000	    5.45639	    0.35163	    2.12792	    2.07575
178.20000	    5.45678	    0.35169	    2.12729	    2.07514
178.40000	    5.45718	    0.35175	    2.12667	    2.07453
178.60000	    5.45758	    0.35181	    2.12605	    2.07393
178.80000	    5.45797	    0.35187	    2.12543	    2.07332
179.00000	    5.45837	    0.35193	    2.12481	    2.07272
179.20000	    5.45876	    0.35199	    2.12419	    2.07212
179.40000	    5.45916	    0.35204	    2.12358	    2.07152
179.60000	    5.45955	    0.35210	    2.12296	    2.07092
179.80000	    5.45994	    0.35216	    2.12235	    2.07032
180.00000	    5.46033	    0.35222	    2.12174	    2.06972
180.20000	    5.46072	    0.35227	    2.12113	    2.06913
180.40000	    5.46111	    0.35233	    2.12052	    2.06853
180.60000	    5.46150	    0.35239	    2.11991	    2.06794
180.80000	    5.46189	    0.35245	    2.11930	    2.06735
181.00000	    5.46227	    0.35250	    2.11870	    2.06676
181.20000	    5.46266	    0.35256	    2.11810	    2.06617
181.40000	    5.46305	    0.35262	    2.11749	    2.06558
181.60000	    5.46343	    0.35267	    2.11689	    2.06499
181.80000	    5.46382	    0.35273	    2.11629	    2.06441
182.00000	    5.46420	    0.35278	    2.11569	    2.06382
182.20000	    5.46458	    0.35284	    2.11509	    2.06324
182.40000	    5.46496	    0.35290	    2.11450	    2.06266
182.60000	    5.46534	    0.35295	    2.11390	    2.06208
182.80000	    5.46572	    0.35301	    2.11331	    2.06150
183.00000	    5.46610	    0.35306	    2.11272	    2.06092
183.20000	    5.46648	    0.35312	    2.11212	    2.06034
183.40000	    5.46686	    0.35317	    2.11153	    2.05977
183.60000	    5.46724	    0.35323	    2.11095	    2.05919
183.80000	    5.46761	    0.35328	    2.11036	    2.05862
184.00000	    5.46799	    0.35334	    2.10977	    2.05805
184.20000	    5.46837	    0.35339	    2.10919	    2.05748
184.40000	    5.46874	    0.35344	    2.10860	    2.05691
184.60000	    5.46911	    0.35350	    2.10802	    2.05634
184.80000	    5.46949	    0.35355	    2.10744	    2.05577
185.00000	    5.46986	    0.35361	    2.10686	    2.05520
185.20000	    5.47023	    0.35366	    2.10628	    2.05464
185.40000	    5.47060	    0.35371	    2.10570	    2.05408
185.60000	    5.47097	    0.35377	    2.10512	    2.05351
185.80000	    5.47134	    0.35382	    2.10455	    2.05295
186.00000	    5.47171	    0.35387	    2.10397	    2.05239
186.20000	    5.47208	    0.35393	    2.10340	    2.05183
186.40000	    5.47244	    0.35398	    2.10283	    2.05127
186.60000	    5.47281	    0.35403	    2.10226	    2.05072
186.80000	    5.47318	    0.35408	    2.10169	    2.05016
187.00000	    5.47354	    0.35414	    2.10112	    2.04961
187.20000	    5.47390	    0.35419	    2.10055	    2.04905
187.40000	    5.47427	    0.35424	    2.09999	    2.04850
187.60000	    5.47463	    0.35429	    2.09942	    2.04795
187.80000	    5.47499	    0.35435	    2.09886	    2.04740
188.00000	    5.47535	    0.35440	    2.09829	    2.04685
188.20000	    5.47572	    0.35445	    2.09773	    2.04630
188.40000	    5.47608	    0.35450	    2.09717	    2.04576
188.60000	    5.47644	    0.35455	    2.09661	    2.04521
188.80000	    5.47679	    0.35460	    2.09606	    2.04467
189.00000	    5.47715	    0.35465	    2.09550	    2.04412
189.20000	    5.47751	    0.35470	    2.09494	    2.04358
189.40000	    5.47787	    0.35476	    2.09439	    2.04304
189.60000	    5.47822	    0.35481	    2.09383	    2.04250
189.80000	    5.47858	    0.35486	    2.09328	    2.04196
190.00000	    5.47893	    0.35491	    2.09273	    2.04142
190.20000	    5.47929	    0.35496	    2.09218	    2.04089
190.40000	    5.47964	    0.35501	    2.09163	    2.04035
190.60000	    5.47999	    0.35506	    2.09108	    2.03982
190.80000	    5.48034	    0.35511	    2.09054	    2.03928
191.00000	    5.48069	    0.35516	    2.08999	    2.03875
191.20000	    5.48105	    0.35521	    2.08945	    2.03822
191.40000	    5.48140	    0.35526	    2.08890	    2.03769
191.60000	    5.48174	    0.35531	    2.08836	    2.03716
191.80000	    5.48209	    0.35536	    2.08782	    2.03663
192.00000	    5.48244	    0.35540	    2.08728	    2.03611
192.20000	    5.48279	    0.35545	    2.08674	    2.03558
192.40000	    5.48313	    0.35550	    2.08620	    2.03506
192.60000	    5.48348	    0.35555	    2.08567	    2.03453
192.80000	    5.48383	    0.35560	    2.08513	    2.03401
193.00000	    5.48417	    0.35565	    2.08460	    2.03349
193.20000	    5.48451	    0.35570	    2.08406	    2.03297
193.40000	    5.48486	    0.35574	    2.08353	    2.03245
193.60000	    5.48520	    0.35579	    2.08300	    2.03193
193.80000	    5.48554	    0.35584	    2.08247	    2.03141
194.00000	    5.48588	    0.35589	    2.08194	    2.03090
194.20000	    5.48623	    0.35594	    2.08141	    2.03038
194.40000	    5.48657	    0.35598	    2.08088	    2.02987
194.60000	    5.48691	    0.35603	    2.08036	    2.02935
194.80000	    5.48724	    0.35608	    2.07983	    2.02884
195.00000	    5.48758	    0.35613	    2.07931	    2.02833
195.20000	    5.48792	    0.35617	    2.07878	    2.02782
195.40000	    5.48826	    0.35622	    2.07826	    2.02731
195.60000	    5.48859	    0.35627	    2.07774	    2.02680
195.80000	    5.48893	    0.35631	    2.07722	    2.02629
196.00000	    5.48926	    0.35636	    2.07670	    2.02579
196.20000	    5.48960	    0.35641	    2.07618	    2.02528
196.40000	    5.48993	    0.35645	    2.07567	    2.02478
196.60000	    5.49027	    0.35650	    2.07515	    2.02427
196.80000	    5.49060	    0.35655	    2.07464	    2.02377
197.00000	    5.49093	    0.35659	    2.07412	    2.02327
197.20000	    5.49126	    0.35664	    2.07361	    2.02277
197.40000	    5.49159	    0.35669	    2.07310	    2.02227
197.60000	    5.49192	    0.35673	    2.07259	    2.02177
197.80000	    5.49225	    0.35678	    2.07208	    2.02128
198.00000	    5.49258	    0.35682	    2.07157	    2.02078
198.20000	    5.49291	    0.35687	    2.07106	    2.02028
198.40000	    5.49324	    0.35691	    2.07055	    2.01979
198.60000	    5.49356	    0.35696	    2.07005	    2.01930
198.80000	    5.49389	    0.35700	    2.06954	    2.01880
199.00000	    5.49422	    0.35705	    2.06904	    2.01831
199.20000	    5.49454	    0.35709	    2.06853	    2.01782
199.40000	    5.49487	    0.35714	    2.06803	    2.01733
199.60000	    5.49519	    0.35718	    2.06753	    2.01684
199.80000	    5.49552	    0.35723	    2.06703	    2.01636
200.00000	    5.49584	    0.35727	    2.06653	    2.01587
