0.00000	    6.72222	    9.70410	    0.07368
0.20000	    6.72222	    9.70410	    0.07368
0.40000	    6.72222	    9.70410	    0.07368
0.60000	    6.72222	    9.70410	    0.07368
0.80000	    6.72222	    9.70410	    0.07368
1.00000	    6.72222	    9.70410	    0.07368
1.20000	    6.72222	    9.70410	    0.07368
1.40000	    6.72222	    9.70410	    0.07368
1.60000	    6.72222	    9.70410	    0.07368
1.80000	    6.72222	    9.70410	    0.07368
2.00000	    6.72222	    9.70410	    0.07368
2.20000	    6.72222	    9.70410	    0.07368
2.40000	    6.72222	    9.70410	    0.07368
2.60000	    6.72222	    9.70410	    0.07368
2.80000	    6.72222	    9.70410	    0.07368
3.00000	    6.72222	    9.70410	    0.07368
3.20000	    6.72222	    9.70410	    0.07368
3.40000	    6.72222	    9.70410	    0.07368
3.60000	    6.72222	    9.70410	    0.07368
3.80000	    6.72222	    9.70410	    0.07368
4.00000	    6.72222	    9.70410	    0.07368
4.20000	    6.72222	    9.70410	    0.07368
4.40000	    6.72222	    9.70410	    0.07368
4.60000	    6.72222	    9.70410	    0.07368
4.80000	    6.72223	    9.70410	    0.07368
5.00000	    6.72223	    9.70409	    0.07368
5.20000	    6.72224	    9.70409	    0.07368
5.40000	    6.72225	    9.70408	    0.07368
5.60000	    6.72226	    9.70406	    0.07368
5.80000	    6.72229	    9.70404	    0.07368
6.00000	    6.72232	    9.70400	    0.07368
6.20000	    6.72237	    9.70395	    0.07368
6.40000	    4.48147	    0.00013	    9.70389	    0.07368
6.60000	    4.48146	    0.00018	    9.70380	    0.07367
6.80000	    4.48146	    0.00025	    9.70368	    0.07367
7.00000	    4.48145	    0.00034	    9.70353	    0.07367
7.20000	    4.48143	    0.00046	    9.70334	    0.07367
7.40000	    4.48142	    0.00060	    9.70311	    0.07367
7.60000	    4.48140	    0.00078	    9.70281	    0.07367
7.80000	    4.48138	    0.00100	    9.70245	    0.07366
8.00000	    4.48135	    0.00126	    9.70201	    0.07366
8.20000	    4.48132	    0.00157	    9.70149	    0.07366
8.40000	    4.48128	    0.00194	    9.70087	    0.07365
8.60000	    4.48123	    0.00238	    9.70014	    0.07365
8.80000	    4.48118	    0.00289	    9.69930	    0.07364
9.00000	    4.48112	    0.00347	    9.69832	    0.07363
9.20000	    4.48105	    0.00414	    9.69720	    0.07362
9.40000	    4.48098	    0.00490	    9.69592	    0.07361
9.60000	    4.48089	    0.00576	    9.69448	    0.07360
9.80000	    4.48079	    0.00673	    9.69285	    0.07359
10.00000	    4.48068	    0.00781	    9.69104	    0.07358
10.20000	    4.48056	    0.00902	    9.68901	    0.07356
10.40000	    4.48043	    0.01035	    9.68677	    0.07355
10.60000	    4.48029	    0.01181	    9.68430	    0.07353
10.80000	    4.48013	    0.01342	    9.68159	    0.07351
11.00000	    4.47996	    0.01517	    9.67862	    0.07348
11.20000	    4.47978	    0.01708	    9.67539	    0.07346
11.40000	    4.47959	    0.01914	    9.67189	    0.07343
11.60000	    4.47938	    0.02137	    9.66809	    0.07340
11.80000	    4.47915	    0.02377	    9.66401	    0.07337
12.00000	    4.47891	    0.02634	    9.65961	    0.07334
12.20000	    4.47866	    0.02910	    9.65490	    0.07330
12.40000	    4.47840	    0.03203	    9.64987	    0.07327
12.60000	    4.47812	    0.03516	    9.64450	    0.07322
12.80000	    4.47782	    0.03847	    9.63879	    0.07318
13.00000	    4.47752	    0.04198	    9.63274	    0.07314
13.20000	    4.47720	    0.04568	    9.62633	    0.07309
13.40000	    4.47686	    0.04958	    9.61957	    0.07304
13.60000	    4.47652	    0.05368	    9.61244	    0.07298
13.80000	    4.47616	    0.05799	    9.60494	    0.07292
14.00000	    4.47579	    0.06250	    9.59706	    0.07286
14.20000	    4.47541	    0.06721	    9.58881	    0.07280
14.40000	    4.47502	    0.07212	    9.58017	    0.07274
14.60000	    4.47462	    0.07725	    9.57115	    0.07267
14.80000	    4.47421	    0.08257	    9.56175	    0.07260
15.00000	    4.47379	    0.08810	    9.55196	    0.07252
15.20000	    4.47337	    0.09384	    9.54178	    0.07244
15.40000	    4.47293	    0.09978	    9.53120	    0.07236
15.60000	    4.47249	    0.10592	    9.52024	    0.07228
15.80000	    4.47205	    0.11226	    9.50889	    0.07219
16.00000	    4.47160	    0.11879	    9.49715	    0.07211
16.20000	    4.47114	    0.12553	    9.48502	    0.07201
16.40000	    4.47069	    0.13245	    9.47251	    0.07192
16.60000	    4.47023	    0.13957	    9.45961	    0.07182
16.80000	    4.46977	    0.14688	    9.44633	    0.07172
17.00000	    4.46930	    0.15437	    9.43267	    0.07162
17.20000	    4.46884	    0.16204	    9.41864	    0.07151
17.40000	    4.46838	    0.16990	    9.40423	    0.07140
17.60000	    4.46793	    0.17793	    9.38946	    0.07129
17.80000	    4.46747	    0.18613	    9.37432	    0.07117
18.00000	    4.46702	    0.19450	    9.35882	    0.07106
18.20000	    4.46657	    0.20303	    9.34297	    0.07094
18.40000	    4.46613	    0.21172	    9.32676	    0.07081
18.60000	    4.46570	    0.22057	    9.31022	    0.07069
18.80000	    4.46527	    0.22957	    9.29333	    0.07056
19.00000	    4.46485	    0.23872	    9.27611	    0.07043
19.20000	    4.46444	    0.24802	    9.25856	    0.07029
19.40000	    4.46404	    0.25745	    9.24069	    0.07016
19.60000	    4.46365	    0.26701	    9.22250	    0.07002
19.80000	    4.46327	    0.27671	    9.20401	    0.06988
20.00000	    4.46291	    0.28653	    9.18522	    0.06974
20.20000	    4.46255	    0.29647	    9.16613	    0.06959
20.40000	    4.46221	    0.30653	    9.14675	    0.06945
20.60000	    4.46188	    0.31670	    9.12709	    0.06930
20.80000	    4.46157	    0.32698	    9.10715	    0.06914
21.00000	    4.46127	    0.33736	    9.08695	    0.06899
21.20000	    4.46099	    0.34784	    9.06649	    0.06884
21.40000	    4.46072	    0.35841	    9.04578	    0.06868
21.60000	    4.46047	    0.36908	    9.02482	    0.06852
21.80000	    4.46024	    0.37982	    9.00362	    0.06836
22.00000	    4.46002	    0.39065	    8.98219	    0.06820
22.20000	    4.45983	    0.40155	    8.96054	    0.06803
22.40000	    4.45965	    0.41252	    8.93867	    0.06787
22.60000	    4.45949	    0.42356	    8.91659	    0.06770
22.80000	    4.45935	    0.43466	    8.89431	    0.06753
23.00000	    4.45923	    0.44582	    8.87184	    0.06736
23.20000	    4.45913	    0.45704	    8.84918	    0.06719
23.40000	    4.45905	    0.46831	    8.82635	    0.06701
23.60000	    4.45899	    0.47962	    8.80334	    0.06684
23.80000	    4.45895	    0.49097	    8.78016	    0.06666
24.00000	    4.45893	    0.50236	    8.75683	    0.06648
24.20000	    4.45894	    0.51379	    8.73335	    0.06631
24.40000	    4.45896	    0.52524	    8.70972	    0.06613
24.60000	    4.45901	    0.53673	    8.68596	    0.06595
24.80000	    4.45908	    0.54823	    8.66206	    0.06577
25.00000	    4.45917	    0.55976	    8.63805	    0.06558
25.20000	    4.45929	    0.57130	    8.61392	    0.06540
25.40000	    4.45942	    0.58286	    8.58968	    0.06522
25.60000	    4.45958	    0.59443	    8.56533	    0.06503
25.80000	    4.45976	    0.60600	    8.54089	    0.06485
26.00000	    4.45996	    0.61757	    8.51636	    0.06466
26.20000	    4.46019	    0.62915	    8.49174	    0.06447
26.40000	    4.46043	    0.64072	    8.46705	    0.06428
26.60000	    4.46070	    0.65229	    8.44228	    0.06410
26.80000	    4.46099	    0.66385	    8.41745	    0.06391
27.00000	    4.46131	    0.67539	    8.39256	    0.06372
27.20000	    4.46164	    0.68693	    8.36762	    0.06353
27.40000	    4.46200	    0.69845	    8.34262	    0.06334
27.60000	    4.46238	    0.70994	    8.31758	    0.06315
27.80000	    4.46278	    0.72142	    8.29251	    0.06296
28.00000	    4.46321	    0.73287	    8.26740	    0.06277
28.20000	    4.46365	    0.74430	    8.24226	    0.06258
28.40000	    4.46412	    0.75570	    8.21710	    0.06239
28.60000	    4.46461	    0.76707	    8.19192	    0.06220
28.80000	    4.46512	    0.77841	    8.16673	    0.06200
29.00000	    4.46565	    0.78971	    8.14153	    0.06181
29.20000	    4.46620	    0.80098	    8.11633	    0.06162
29.40000	    4.46677	    0.81221	    8.09113	    0.06143
29.60000	    4.46736	    0.82340	    8.06594	    0.06124
29.80000	    4.46797	    0.83455	    8.04075	    0.06105
30.00000	    4.46860	    0.84565	    8.01558	    0.06086
30.20000	    4.46925	    0.85671	    7.99042	    0.06067
30.40000	    4.46992	    0.86773	    7.96529	    0.06048
30.60000	    4.47061	    0.87870	    7.94018	    0.06028
30.80000	    4.47132	    0.88962	    7.91510	    0.06009
31.00000	    4.47205	    0.90049	    7.89005	    0.05990
31.20000	    4.47279	    0.91131	    7.86504	    0.05971
31.40000	    4.47356	    0.92207	    7.84006	    0.05952
31.60000	    4.47434	    0.93278	    7.81513	    0.05934
31.80000	    4.47514	    0.94344	    7.79025	    0.05915
32.00000	    4.47596	    0.95405	    7.76541	    0.05896
32.20000	    4.47679	    0.96459	    7.74063	    0.05877
32.40000	    4.47764	    0.97508	    7.71590	    0.05858
32.60000	    4.47851	    0.98551	    7.69123	    0.05839
32.80000	    4.47939	    0.99588	    7.66661	    0.05821
33.00000	    4.48029	    1.00619	    7.64206	    0.05802
33.20000	    4.48121	    1.01645	    7.61758	    0.05784
33.40000	    4.48214	    1.02664	    7.59316	    0.05765
33.60000	    4.48309	    1.03677	    7.56882	    0.05747
33.80000	    4.48405	    1.04683	    7.54454	    0.05728
34.00000	    4.48502	    1.05683	    7.52034	    0.05710
34.20000	    4.48601	    1.06677	    7.49622	    0.05691
34.40000	    4.48702	    1.07665	    7.47217	    0.05673
34.60000	    4.48804	    1.08646	    7.44821	    0.05655
34.80000	    4.48907	    1.09621	    7.42432	    0.05637
35.00000	    4.49011	    1.10589	    7.40052	    0.05619
35.20000	    4.49117	    1.11551	    7.37681	    0.05601
35.40000	    4.49224	    1.12506	    7.35318	    0.05583
35.60000	    4.49332	    1.13455	    7.32964	    0.05565
35.80000	    4.49442	    1.14397	    7.30620	    0.05547
36.00000	    4.49552	    1.15332	    7.28284	    0.05529
36.20000	    4.49664	    1.16261	    7.25958	    0.05512
36.40000	    4.49777	    1.17183	    7.23641	    0.05494
36.60000	    4.49891	    1.18098	    7.21333	    0.05477
36.80000	    4.50007	    1.19007	    7.19035	    0.05459
37.00000	    4.50123	    1.19909	    7.16747	    0.05442
37.20000	    4.50240	    1.20805	    7.14469	    0.05425
37.40000	    4.50358	    1.21693	    7.12201	    0.05407
37.60000	    4.50477	    1.22575	    7.09943	    0.05390
37.80000	    4.50598	    1.23451	    7.07695	    0.05373
38.00000	    4.50719	    1.24320	    7.05457	    0.05356
38.20000	    4.50841	    1.25182	    7.03230	    0.05339
38.40000	    4.50963	    1.26037	    7.01013	    0.05322
38.60000	    4.51087	    1.26886	    6.98806	    0.05306
38.80000	    4.51212	    1.27728	    6.96610	    0.05289
39.00000	    4.51337	    1.28564	    6.94425	    0.05272
39.20000	    4.51463	    1.29393	    6.92250	    0.05256
39.40000	    4.51590	    1.30215	    6.90086	    0.05239
39.60000	    4.51718	    1.31031	    6.87932	    0.05223
39.80000	    4.51846	    1.31840	    6.85790	    0.05207
40.00000	    4.51975	    1.32643	    6.83658	    0.05191
40.20000	    4.52104	    1.33439	    6.81537	    0.05174
40.40000	    4.52235	    1.34229	    6.79426	    0.05158
40.60000	    4.52366	    1.35013	    6.77327	    0.05143
40.80000	    4.52497	    1.35790	    6.75239	    0.05127
41.00000	    4.52629	    1.36560	    6.73161	    0.05111
41.20000	    4.52762	    1.37325	    6.71094	    0.05095
41.40000	    4.52895	    1.38083	    6.69039	    0.05080
41.60000	    4.53029	    1.38834	    6.66994	    0.05064
41.80000	    4.53163	    1.39580	    6.64961	    0.05049
42.00000	    4.53297	    1.40319	    6.62938	    0.05033
42.20000	    4.53433	    1.41052	    6.60926	    0.05018
42.40000	    4.53568	    1.41779	    6.58926	    0.05003
42.60000	    4.53704	    1.42500	    6.56936	    0.04988
42.80000	    4.53841	    1.43214	    6.54957	    0.04973
43.00000	    4.53977	    1.43923	    6.52989	    0.04958
43.20000	    4.54114	    1.44626	    6.51033	    0.04943
43.40000	    4.54252	    1.45322	    6.49087	    0.04928
43.60000	    4.54390	    1.46013	    6.47152	    0.04913
43.80000	    4.54528	    1.46698	    6.45228	    0.04899
44.00000	    4.54666	    1.47377	    6.43315	    0.04884
44.20000	    4.54805	    1.48050	    6.41413	    0.04870
44.40000	    4.54944	    1.48717	    6.39521	    0.04855
44.60000	    4.55083	    1.49379	    6.37641	    0.04841
44.80000	    4.55223	    1.50035	    6.35771	    0.04827
45.00000	    4.55363	    1.50685	    6.33912	    0.04813
45.20000	    4.55503	    1.51330	    6.32064	    0.04799
45.40000	    4.55643	    1.51969	    6.30227	    0.04785
45.60000	    4.55783	    1.52602	    6.28400	    0.04771
45.80000	    4.55923	    1.53231	    6.26584	    0.04757
46.00000	    4.56064	    1.53853	    6.24779	    0.04744
46.20000	    4.56205	    1.54470	    6.22984	    0.04730
46.40000	    4.56346	    1.55082	    6.21200	    0.04716
46.60000	    4.56487	    1.55688	    6.19426	    0.04703
46.80000	    4.56628	    1.56290	    6.17663	    0.04690
47.00000	    4.56769	    1.56885	    6.15910	    0.04676
47.20000	    4.56910	    1.57476	    6.14167	    0.04663
47.40000	    4.57052	    1.58062	    6.12435	    0.04650
47.60000	    4.57193	    1.58642	    6.10714	    0.04637
47.80000	    4.57335	    1.59217	    6.09002	    0.04624
48.00000	    4.57476	    1.59788	    6.07301	    0.04611
48.20000	    4.57618	    1.60353	    6.05610	    0.04598
48.40000	    4.57759	    1.60913	    6.03929	    0.04585
48.60000	    4.57901	    1.61469	    6.02258	    0.04573
48.80000	    4.58042	    1.62019	    6.00597	    0.04560
49.00000	    4.58184	    1.62565	    5.98946	    0.04547
49.20000	    4.58325	    1.63106	    5.97306	    0.04535
49.40000	    4.58467	    1.63642	    5.95675	    0.04523
49.60000	    4.58608	    1.64173	    5.94053	    0.04510
49.80000	    4.58749	    1.64700	    5.92442	    0.04498
50.00000	    4.58891	    1.65222	    5.90841	    0.04486
50.20000	    4.59032	    1.65740	    5.89249	    0.04474
50.40000	    4.59173	    1.66253	    5.87667	    0.04462
50.60000	    4.59314	    1.66761	    5.86094	    0.04450
50.80000	    4.59455	    1.67265	    5.84531	    0.04438
51.00000	    4.59596	    1.67765	    5.82977	    0.04426
51.20000	    4.59736	    1.68260	    5.81433	    0.04414
51.40000	    4.59877	    1.68751	    5.79898	    0.04403
51.60000	    4.60018	    1.69238	    5.78373	    0.04391
51.80000	    4.60158	    1.69720	    5.76857	    0.04380
52.00000	    4.60298	    1.70198	    5.75350	    0.04368
52.20000	    4.60438	    1.70672	    5.73852	    0.04357
52.40000	    4.60578	    1.71141	    5.72364	    0.04346
52.60000	    4.60718	    1.71607	    5.70884	    0.04334
52.80000	    4.60857	    1.72068	    5.69414	    0.04323
53.00000	    4.60997	    1.72526	    5.67952	    0.04312
53.20000	    4.61136	    1.72979	    5.66499	    0.04301
53.40000	    4.61275	    1.73429	    5.65056	    0.04290
53.60000	    4.61414	    1.73874	    5.63621	    0.04279
53.80000	    4.61552	    1.74316	    5.62194	    0.04268
54.00000	    4.61691	    1.74754	    5.60777	    0.04258
54.20000	    4.61829	    1.75188	    5.59368	    0.04247
54.40000	    4.61967	    1.75618	    5.57967	    0.04236
54.60000	    4.62105	    1.76044	    5.56575	    0.04226
54.80000	    4.62242	    1.76467	    5.55192	    0.04215
55.00000	    4.62380	    1.76886	    5.53817	    0.04205
55.20000	    4.62517	    1.77301	    5.52450	    0.04194
55.40000	    4.62654	    1.77713	    5.51092	    0.04184
55.60000	    4.62790	    1.78121	    5.49742	    0.04174
55.80000	    4.62927	    1.78526	    5.48400	    0.04164
56.00000	    4.63063	    1.78927	    5.47067	    0.04154
56.20000	    4.63199	    1.79324	    5.45741	    0.04143
56.40000	    4.63334	    1.79719	    5.44423	    0.04133
56.60000	    4.63470	    1.80109	    5.43114	    0.04124
56.80000	    4.63605	    1.80497	    5.41812	    0.04114
57.00000	    4.63739	    1.80881	    5.40518	    0.04104
57.20000	    4.63874	    1.81262	    5.39232	    0.04094
57.40000	    4.64008	    1.81639	    5.37954	    0.04084
57.60000	    4.64142	    1.82013	    5.36684	    0.04075
57.80000	    4.64276	    1.82384	    5.35421	    0.04065
58.00000	    4.64409	    1.82752	    5.34166	    0.04056
58.20000	    4.64543	    1.83117	    5.32918	    0.04046
58.40000	    4.64675	    1.83478	    5.31678	    0.04037
58.60000	    4.64808	    1.83836	    5.30445	    0.04027
58.80000	    4.64940	    1.84192	    5.29220	    0.04018
59.00000	    4.65072	    1.84544	    5.28002	    0.04009
59.20000	    4.65204	    1.84893	    5.26792	    0.04000
59.40000	    4.65335	    1.85240	    5.25588	    0.03990
59.60000	    4.65466	    1.85583	    5.24392	    0.03981
59.80000	    4.65597	    1.85923	    5.23203	    0.03972
60.00000	    4.65728	    1.86261	    5.22022	    0.03963
60.20000	    4.65858	    1.86596	    5.20847	    0.03954
60.40000	    4.65987	    1.86927	    5.19679	    0.03946
60.60000	    4.66117	    1.87256	    5.18518	    0.03937
60.80000	    4.66246	    1.87583	    5.17364	    0.03928
61.00000	    4.66375	    1.87906	    5.16217	    0.03919
61.20000	    4.66504	    1.88227	    5.15077	    0.03911
61.40000	    4.66632	    1.88545	    5.13944	    0.03902
61.60000	    4.66760	    1.88860	    5.12817	    0.03893
61.80000	    4.66887	    1.89173	    5.11697	    0.03885
62.00000	    4.67014	    1.89483	    5.10583	    0.03877
62.20000	    4.67141	    1.89790	    5.09476	    0.03868
62.40000	    4.67268	    1.90095	    5.08376	    0.03860
62.60000	    4.67394	    1.90398	    5.07282	    0.03851
62.80000	    4.67520	    1.90697	    5.06195	    0.03843
63.00000	    4.67646	    1.90995	    5.05114	    0.03835
63.20000	    4.67771	    1.91290	    5.04039	    0.03827
63.40000	    4.67896	    1.91582	    5.02971	    0.03819
63.60000	    4.68021	    1.91872	    5.01908	    0.03811
63.80000	    4.68145	    1.92159	    5.00852	    0.03803
64.00000	    4.68269	    1.92445	    4.99803	    0.03795
64.20000	    4.68392	    1.92727	    4.98759	    0.03787
64.40000	    4.68516	    1.93008	    4.97721	    0.03779
64.60000	    4.68638	    1.93286	    4.96690	    0.03771
64.80000	    4.68761	    1.93562	    4.95664	    0.03763
65.00000	    4.68883	    1.93835	    4.94645	    0.03756
65.20000	    4.69005	    1.94107	    4.93631	    0.03748
65.40000	    4.69127	    1.94376	    4.92623	    0.03740
65.60000	    4.69248	    1.94642	    4.91621	    0.03733
65.80000	    4.69369	    1.94907	    4.90625	    0.03725
66.00000	    4.69489	    1.95170	    4.89634	    0.03717
66.20000	    4.69609	    1.95430	    4.88650	    0.03710
66.40000	    4.69729	    1.95688	    4.87670	    0.03703
66.60000	    4.69849	    1.95944	    4.86697	    0.03695
66.80000	    4.69968	    1.96198	    4.85729	    0.03688
67.00000	    4.70086	    1.96450	    4.84766	    0.03681
67.20000	    4.70205	    1.96700	    4.83809	    0.03673
67.40000	    4.70323	    1.96948	    4.82858	    0.03666
67.60000	    4.70441	    1.97194	    4.81912	    0.03659
67.80000	    4.70558	    1.97438	    4.80971	    0.03652
68.00000	    4.70675	    1.97680	    4.80036	    0.03645
68.20000	    4.70792	    1.97920	    4.79106	    0.03638
68.40000	    4.70908	    1.98158	    4.78181	    0.03631
68.60000	    4.71024	    1.98394	    4.77261	    0.03624
68.80000	    4.71140	    1.98629	    4.76347	    0.03617
69.00000	    4.71255	    1.98861	    4.75437	    0.03610
69.20000	    4.71370	    1.99092	    4.74533	    0.03603
69.40000	    4.71485	    1.99320	    4.73634	    0.03596
69.60000	    4.71599	    1.99547	    4.72740	    0.03589
69.80000	    4.71713	    1.99772	    4.71851	    0.03582
70.00000	    4.71827	    1.99996	    4.70967	    0.03576
70.20000	    4.71940	    2.00217	    4.70088	    0.03569
70.40000	    4.72053	    2.00437	    4.69214	    0.03562
70.60000	    4.72165	    2.00655	    4.68344	    0.03556
70.80000	    4.72277	    2.00871	    4.67480	    0.03549
71.00000	    4.72389	    2.01086	    4.66620	    0.03543
71.20000	    4.72501	    2.01299	    4.65765	    0.03536
71.40000	    4.72612	    2.01510	    4.64914	    0.03530
71.60000	    4.72723	    2.01720	    4.64069	    0.03523
71.80000	    4.72833	    2.01928	    4.63228	    0.03517
72.00000	    4.72944	    2.02134	    4.62391	    0.03511
72.20000	    4.73053	    2.02339	    4.61560	    0.03504
72.40000	    4.73163	    2.02542	    4.60732	    0.03498
72.60000	    4.73272	    2.02743	    4.59910	    0.03492
72.80000	    4.73381	    2.02943	    4.59091	    0.03486
73.00000	    4.73489	    2.03142	    4.58278	    0.03479
73.20000	    4.73597	    2.03338	    4.57468	    0.03473
73.40000	    4.73705	    2.03534	    4.56663	    0.03467
73.60000	    4.73813	    2.03728	    4.55863	    0.03461
73.80000	    4.73920	    2.03920	    4.55066	    0.03455
74.00000	    4.74026	    2.04111	    4.54274	    0.03449
74.20000	    4.74133	    2.04300	    4.53487	    0.03443
74.40000	    4.74239	    2.04488	    4.52703	    0.03437
74.60000	    4.74345	    2.04675	    4.51924	    0.03431
74.80000	    4.74450	    2.04860	    4.51149	    0.03425
75.00000	    4.74555	    2.05043	    4.50378	    0.03419
75.20000	    4.74660	    2.05226	    4.49611	    0.03414
75.40000	    4.74765	    2.05407	    4.48849	    0.03408
75.60000	    4.74869	    2.05586	    4.48090	    0.03402
75.80000	    4.74972	    2.05764	    4.47335	    0.03396
76.00000	    4.75076	    2.05941	    4.46585	    0.03391
76.20000	    4.75179	    2.06116	    4.45838	    0.03385
76.40000	    4.75282	    2.06291	    4.45095	    0.03379
76.60000	    4.75384	    2.06463	    4.44357	    0.03374
76.80000	    4.75486	    2.06635	    4.43622	    0.03368
77.00000	    4.75588	    2.06805	    4.42891	    0.03363
77.20000	    4.75690	    2.06974	    4.42164	    0.03357
77.40000	    4.75791	    2.07142	    4.41440	    0.03352
77.60000	    4.75892	    2.07308	    4.40721	    0.03346
77.80000	    4.75992	    2.07473	    4.40005	    0.03341
78.00000	    4.76093	    2.07637	    4.39293	    0.03335
78.20000	    4.76192	    2.07800	    4.38584	    0.03330
78.40000	    4.76292	    2.07961	    4.37880	    0.03325
78.60000	    4.76391	    2.08122	    4.37179	    0.03319
78.80000	    4.76490	    2.08281	    4.36481	    0.03314
79.00000	    4.76589	    2.08439	    4.35787	    0.03309
79.20000	    4.76687	    2.08595	    4.35097	    0.03303
79.40000	    4.76785	    2.08751	    4.34411	    0.03298
79.60000	    4.76883	    2.08906	    4.33727	    0.03293
79.80000	    4.76980	    2.09059	    4.33048	    0.03288
80.00000	    4.77077	    2.09211	    4.32372	    0.03283
80.20000	    4.77174	    2.09362	    4.31699	    0.03278
80.40000	    4.77270	    2.09512	    4.31030	    0.03273
80.60000	    4.77367	    2.09661	    4.30364	    0.03267
80.80000	    4.77462	    2.09809	    4.29701	    0.03262
81.00000	    4.77558	    2.09956	    4.29042	    0.03257
81.20000	    4.77653	    2.10101	    4.28386	    0.03252
81.40000	    4.77748	    2.10246	    4.27734	    0.03248
81.60000	    4.77843	    2.10389	    4.27085	    0.03243
81.80000	    4.77937	    2.10532	    4.26439	    0.03238
82.00000	    4.78031	    2.10673	    4.25796	    0.03233
82.20000	    4.78125	    2.10814	    4.25157	    0.03228
82.40000	    4.78218	    2.10953	    4.24521	    0.03223
82.60000	    4.78311	    2.11092	    4.23888	    0.03218
82.80000	    4.78404	    2.11229	    4.23258	    0.03214
83.00000	    4.78496	    2.11366	    4.22631	    0.03209
83.20000	    4.78589	    2.11501	    4.22008	    0.03204
83.40000	    4.78680	    2.11636	    4.21387	    0.03199
83.60000	    4.78772	    2.11769	    4.20770	    0.03195
83.80000	    4.78863	    2.11902	    4.20155	    0.03190
84.00000	    4.78954	    2.12033	    4.19544	    0.03185
84.20000	    4.79045	    2.12164	    4.18936	    0.03181
84.40000	    4.79135	    2.12294	    4.18330	    0.03176
84.60000	    4.79226	    2.12423	    4.17728	    0.03172
84.80000	    4.79315	    2.12551	    4.17129	    0.03167
85.00000	    4.79405	    2.12678	    4.16532	    0.03162
85.20000	    4.79494	    2.12804	    4.15939	    0.03158
85.40000	    4.79583	    2.12929	    4.15348	    0.03153
85.60000	    4.79672	    2.13054	    4.14760	    0.03149
85.80000	    4.79760	    2.13177	    4.14175	    0.03145
86.00000	    4.79849	    2.13300	    4.13593	    0.03140
86.20000	    4.79936	    2.13422	    4.13014	    0.03136
86.40000	    4.80024	    2.13543	    4.12438	    0.03131
86.60000	    4.80111	    2.13663	    4.11864	    0.03127
86.80000	    4.80198	    2.13782	    4.11293	    0.03123
87.00000	    4.80285	    2.13900	    4.10725	    0.03118
87.20000	    4.80371	    2.14018	    4.10159	    0.03114
87.40000	    4.80458	    2.14135	    4.09597	    0.03110
87.60000	    4.80544	    2.14251	    4.09037	    0.03106
87.80000	    4.80629	    2.14366	    4.08479	    0.03101
88.00000	    4.80715	    2.14480	    4.07925	    0.03097
88.20000	    4.80800	    2.14594	    4.07373	    0.03093
88.40000	    4.80884	    2.14707	    4.06823	    0.03089
88.60000	    4.80969	    2.14819	    4.06276	    0.03085
88.80000	    4.81053	    2.14930	    4.05732	    0.03080
89.00000	    4.81137	    2.15041	    4.05190	    0.03076
89.20000	    4.81221	    2.15151	    4.04651	    0.03072
89.40000	    4.81304	    2.15260	    4.04115	    0.03068
89.60000	    4.81388	    2.15368	    4.03581	    0.03064
89.80000	    4.81471	    2.15475	    4.03049	    0.03060
90.00000	    4.81553	    2.15582	    4.02520	    0.03056
90.20000	    4.81636	    2.15688	    4.01993	    0.03052
90.40000	    4.81718	    2.15794	    4.01469	    0.03048
90.60000	    4.81800	    2.15898	    4.00948	    0.03044
90.80000	    4.81881	    2.16002	    4.00428	    0.03040
91.00000	    4.81963	    2.16106	    3.99911	    0.03036
91.20000	    4.82044	    2.16208	    3.99397	    0.03032
91.40000	    4.82125	    2.16310	    3.98885	    0.03028
91.60000	    4.82205	    2.16411	    3.98375	    0.03025
91.80000	    4.82286	    2.16512	    3.97868	    0.03021
92.00000	    4.82366	    2.16612	    3.97363	    0.03017
92.20000	    4.82446	    2.16711	    3.96860	    0.03013
92.40000	    4.82525	    2.16809	    3.96359	    0.03009
92.60000	    4.82604	    2.16907	    3.95861	    0.03006
92.80000	    4.82684	    2.17004	    3.95365	    0.03002
93.00000	    4.82762	    2.17101	    3.94872	    0.02998
93.20000	    4.82841	    2.17197	    3.94380	    0.02994
93.40000	    4.82919	    2.17292	    3.93891	    0.02991
93.60000	    4.82997	    2.17387	    3.93404	    0.02987
93.80000	    4.83075	    2.17481	    3.92920	    0.02983
94.00000	    4.83153	    2.17574	    3.92437	    0.02980
94.20000	    4.83230	    2.17667	    3.91957	    0.02976
94.40000	    4.83307	    2.17759	    3.91478	    0.02972
94.60000	    4.83384	    2.17851	    3.91002	    0.02969
94.80000	    4.83461	    2.17942	    3.90528	    0.02965
95.00000	    4.83537	    2.18032	    3.90057	    0.02961
95.20000	    4.83613	    2.18122	    3.89587	    0.02958
95.40000	    4.83689	    2.18211	    3.89119	    0.02954
95.60000	    4.83765	    2.18300	    3.88654	    0.02951
95.80000	    4.83840	    2.18388	    3.88190	    0.02947
96.00000	    4.83915	    2.18475	    3.87729	    0.02944
96.20000	    4.83990	    2.18562	    3.87270	    0.02940
96.40000	    4.84065	    2.18649	    3.86812	    0.02937
96.60000	    4.84140	    2.18735	    3.86357	    0.02933
96.80000	    4.84214	    2.18820	    3.85904	    0.02930
97.00000	    4.84288	    2.18905	    3.85452	    0.02926
97.20000	    4.84362	    2.18989	    3.85003	    0.02923
97.40000	    4.84435	    2.19072	    3.84556	    0.02920
97.60000	    4.84509	    2.19155	    3.84110	    0.02916
97.80000	    4.84582	    2.19238	    3.83667	    0.02913
98.00000	    4.84655	    2.19320	    3.83225	    0.02910
98.20000	    4.84727	    2.19402	    3.82786	    0.02906
98.40000	    4.84800	    2.19483	    3.82348	    0.02903
98.60000	    4.84872	    2.19563	    3.81912	    0.02900
98.80000	    4.84944	    2.19643	    3.81478	    0.02896
99.00000	    4.85016	    2.19722	    3.81046	    0.02893
99.20000	    4.85087	    2.19801	    3.80616	    0.02890
99.40000	    4.85159	    2.19880	    3.80188	    0.02887
99.60000	    4.85230	    2.19958	    3.79761	    0.02883
99.80000	    4.85301	    2.20035	    3.79337	    0.02880
100.00000	    4.85371	    2.20112	    3.78914	    0.02877
100.20000	    4.85442	    2.20189	    3.78493	    0.02874
100.40000	    4.85512	    2.20265	    3.78074	    0.02870
100.60000	    4.85582	    2.20340	    3.77656	    0.02867
100.80000	    4.85652	    2.20415	    3.77240	    0.02864
101.00000	    4.85721	    2.20490	    3.76827	    0.02861
101.20000	    4.85791	    2.20564	    3.76414	    0.02858
101.40000	    4.85860	    2.20638	    3.76004	    0.02855
101.60000	    4.85929	    2.20711	    3.75595	    0.02852
101.80000	    4.85998	    2.20784	    3.75188	    0.02849
102.00000	    4.86066	    2.20856	    3.74783	    0.02845
102.20000	    4.86135	    2.20928	    3.74380	    0.02842
102.40000	    4.86203	    2.20999	    3.73978	    0.02839
102.60000	    4.86271	    2.21070	    3.73578	    0.02836
102.80000	    4.86338	    2.21141	    3.73179	    0.02833
103.00000	    4.86406	    2.21211	    3.72782	    0.02830
103.20000	    4.86473	    2.21281	    3.72387	    0.02827
103.40000	    4.86540	    2.21350	    3.71993	    0.02824
103.60000	    4.86607	    2.21419	    3.71602	    0.02821
103.80000	    4.86674	    2.21487	    3.71211	    0.02818
104.00000	    4.86740	    2.21555	    3.70823	    0.02815
104.20000	    4.86807	    2.21623	    3.70436	    0.02812
104.40000	    4.86873	    2.21690	    3.70050	    0.02810
104.60000	    4.86939	    2.21757	    3.69666	    0.02807
104.80000	    4.87004	    2.21823	    3.69284	    0.02804
105.00000	    4.87070	    2.21889	    3.68903	    0.02801
105.20000	    4.87135	    2.21954	    3.68524	    0.02798
105.40000	    4.87200	    2.22020	    3.68146	    0.02795
105.60000	    4.87265	    2.22084	    3.67770	    0.02792
105.80000	    4.87330	    2.22149	    3.67396	    0.02789
106.00000	    4.87394	    2.22213	    3.67023	    0.02787
106.20000	    4.87459	    2.22276	    3.66651	    0.02784
106.40000	    4.87523	    2.22339	    3.66281	    0.02781
106.60000	    4.87587	    2.22402	    3.65913	    0.02778
106.80000	    4.87650	    2.22465	    3.65546	    0.02775
107.00000	    4.87714	    2.22527	    3.65180	    0.02773
107.20000	    4.87777	    2.22588	    3.64816	    0.02770
107.40000	    4.87840	    2.22650	    3.64453	    0.02767
107.60000	    4.87903	    2.22711	    3.64092	    0.02764
107.80000	    4.87966	    2.22771	    3.63732	    0.02762
108.00000	    4.88029	    2.22832	    3.63374	    0.02759
108.20000	    4.88091	    2.22891	    3.63017	    0.02756
108.40000	    4.88154	    2.22951	    3.62662	    0.02753
108.60000	    4.88216	    2.23010	    3.62308	    0.02751
108.80000	    4.88277	    2.23069	    3.61955	    0.02748
109.00000	    4.88339	    2.23127	    3.61604	    0.02745
109.20000	    4.88401	    2.23186	    3.61254	    0.02743
109.40000	    4.88462	    2.23243	    3.60906	    0.02740
109.60000	    4.88523	    2.23301	    3.60559	    0.02737
109.80000	    4.88584	    2.23358	    3.60213	    0.02735
110.00000	    4.88645	    2.23415	    3.59869	    0.02732
110.20000	    4.88706	    2.23471	    3.59526	    0.02730
110.40000	    4.88766	    2.23527	    3.59184	    0.02727
110.60000	    4.88826	    2.23583	    3.58844	    0.02724
110.80000	    4.88886	    2.23639	    3.58505	    0.02722
111.00000	    4.88946	    2.23694	    3.58167	    0.02719
111.20000	    4.89006	    2.23749	    3.57831	    0.02717
111.40000	    4.89066	    2.23803	    3.57496	    0.02714
111.60000	    4.89125	    2.23857	    3.57162	    0.02712
111.80000	    4.89184	    2.23911	    3.56829	    0.02709
112.00000	    4.89243	    2.23965	    3.56498	    0.02707
112.20000	    4.89302	    2.24018	    3.56168	    0.02704
112.40000	    4.89361	    2.24071	    3.55840	    0.02702
112.60000	    4.89419	    2.24124	    3.55512	    0.02699
112.80000	    4.89478	    2.24176	    3.55186	    0.02697
113.00000	    4.89536	    2.24228	    3.54861	    0.02694
113.20000	    4.89594	    2.24280	    3.54538	    0.02692
113.40000	    4.89652	    2.24331	    3.54215	    0.02689
113.60000	    4.89709	    2.24382	    3.53894	    0.02687
113.80000	    4.89767	    2.24433	    3.53574	    0.02684
114.00000	    4.89824	    2.24484	    3.53256	    0.02682
114.20000	    4.89881	    2.24534	    3.52938	    0.02680
114.40000	    4.89938	    2.24584	    3.52622	    0.02677
114.60000	    4.89995	    2.24634	    3.52307	    0.02675
114.80000	    4.90052	    2.24683	    3.51993	    0.02672
115.00000	    4.90109	    2.24732	    3.51680	    0.02670
115.20000	    4.90165	    2.24781	    3.51369	    0.02668
115.40000	    4.90221	    2.24830	    3.51058	    0.02665
115.60000	    4.90277	    2.24878	    3.50749	    0.02663
115.80000	    4.90333	    2.24926	    3.50441	    0.02661
116.00000	    4.90389	    2.24974	    3.50134	    0.02658
116.20000	    4.90444	    2.25021	    3.49828	    0.02656
116.40000	    4.90500	    2.25069	    3.49524	    0.02654
116.60000	    4.90555	    2.25116	    3.49220	    0.02651
116.80000	    4.90610	    2.25162	    3.48918	    0.02649
117.00000	    4.90665	    2.25209	    3.48617	    0.02647
117.20000	    4.90720	    2.25255	    3.48317	    0.02645
117.40000	    4.90775	    2.25301	    3.48018	    0.02642
117.60000	    4.90829	    2.25347	    3.47720	    0.02640
117.80000	    4.90883	    2.25392	    3.47423	    0.02638
118.00000	    4.90938	    2.25437	    3.47127	    0.02636
118.20000	    4.90992	    2.25482	    3.46833	    0.02633
118.40000	    4.91045	    2.25527	    3.46539	    0.02631
118.60000	    4.91099	    2.25571	    3.46247	    0.02629
118.80000	    4.91153	    2.25615	    3.45955	    0.02627
119.00000	    4.91206	    2.25659	    3.45665	    0.02624
119.20000	    4.91259	    2.25703	    3.45376	    0.02622
119.40000	    4.91312	    2.25746	    3.45087	    0.02620
119.60000	    4.91365	    2.25790	    3.44800	    0.02618
119.80000	    4.91418	    2.25833	    3.44514	    0.02616
120.00000	    4.91471	    2.25875	    3.44229	    0.02614
120.20000	    4.91523	    2.25918	    3.43945	    0.02611
120.40000	    4.91576	    2.25960	    3.43662	    0.02609
120.60000	    4.91628	    2.26002	    3.43380	    0.02607
120.80000	    4.91680	    2.26044	    3.43099	    0.02605
121.00000	    4.91732	    2.26086	    3.42819	    0.02603
121.20000	    4.91784	    2.26127	    3.42540	    0.02601
121.40000	    4.91836	    2.26168	    3.42262	    0.02599
121.60000	    4.91887	    2.26209	    3.41985	    0.02596
121.80000	    4.91938	    2.26250	    3.41709	    0.02594
122.00000	    4.91990	    2.26290	    3.41434	    0.02592
122.20000	    4.92041	    2.26330	    3.41160	    0.02590
122.40000	    4.92092	    2.26370	    3.40887	    0.02588
122.60000	    4.92143	    2.26410	    3.40615	    0.02586
122.80000	    4.92193	    2.26450	    3.40344	    0.02584
123.00000	    4.92244	    2.26489	    3.40073	    0.02582
123.20000	    4.92294	    2.26528	    3.39804	    0.02580
123.40000	    4.92344	    2.26567	    3.39536	    0.02578
123.60000	    4.92394	    2.26606	    3.39269	    0.02576
123.80000	    4.92444	    2.26645	    3.39002	    0.02574
124.00000	    4.92494	    2.26683	    3.38737	    0.02572
124.20000	    4.92544	    2.26721	    3.38472	    0.02570
124.40000	    4.92594	    2.26759	    3.38209	    0.02568
124.60000	    4.92643	    2.26797	    3.37946	    0.02566
124.80000	    4.92692	    2.26834	    3.37684	    0.02564
125.00000	    4.92741	    2.26872	    3.37423	    0.02562
125.20000	    4.92791	    2.26909	    3.37164	    0.02560
125.40000	    4.92839	    2.26946	    3.36905	    0.02558
125.60000	    4.92888	    2.26982	    3.36646	    0.02556
125.80000	    4.92937	    2.27019	    3.36389	    0.02554
126.00000	    4.92985	    2.27055	    3.36133	    0.02552
126.20000	    4.93034	    2.27092	    3.35877	    0.02550
126.40000	    4.93082	    2.27127	    3.35623	    0.02548
126.60000	    4.93130	    2.27163	    3.35369	    0.02546
126.80000	    4.93178	    2.27199	    3.35116	    0.02544
127.00000	    4.93226	    2.27234	    3.34864	    0.02542
127.20000	    4.93274	    2.27269	    3.34613	    0.02541
127.40000	    4.93321	    2.27305	    3.34363	    0.02539
127.60000	    4.93369	    2.27339	    3.34114	    0.02537
127.80000	    4.93416	    2.27374	    3.33865	    0.02535
128.00000	    4.93463	    2.27409	    3.33617	    0.02533
128.20000	    4.93510	    2.27443	    3.33370	    0.02531
128.40000	    4.93557	    2.27477	    3.33124	    0.02529
128.60000	    4.93604	    2.27511	    3.32879	    0.02527
128.80000	    4.93651	    2.27545	    3.32635	    0.02525
129.00000	    4.93697	    2.27578	    3.32391	    0.02524
129.20000	    4.93744	    2.27612	    3.32149	    0.02522
129.40000	    4.93790	    2.27645	    3.31907	    0.02520
129.60000	    4.93836	    2.27678	    3.31666	    0.02518
129.80000	    4.93883	    2.27711	    3.31426	    0.02516
130.00000	    4.93928	    2.27744	    3.31186	    0.02514
130.20000	    4.93974	    2.27776	    3.30947	    0.02513
130.40000	    4.94020	    2.27809	    3.30710	    0.02511
130.60000	    4.94066	    2.27841	    3.30472	    0.02509
130.80000	    4.94111	    2.27873	    3.30236	    0.02507
131.00000	    4.94157	    2.27905	    3.30001	    0.02505
131.20000	    4.94202	    2.27937	    3.29766	    0.02504
131.40000	    4.94247	    2.27968	    3.29532	    0.02502
131.60000	    4.94292	    2.28000	    3.29299	    0.02500
131.80000	    4.94337	    2.28031	    3.29067	    0.02498
132.00000	    4.94382	    2.28062	    3.28835	    0.02497
132.20000	    4.94426	    2.28093	    3.28604	    0.02495
132.40000	    4.94471	    2.28124	    3.28374	    0.02493
132.60000	    4.94515	    2.28154	    3.28145	    0.02491
132.80000	    4.94560	    2.28185	    3.27916	    0.02490
133.00000	    4.94604	    2.28215	    3.27688	    0.02488
133.20000	    4.94648	    2.28245	    3.27461	    0.02486
133.40000	    4.94692	    2.28275	    3.27235	    0.02484
133.60000	    4.94736	    2.28305	    3.27009	    0.02483
133.80000	    4.94779	    2.28335	    3.26785	    0.02481
134.00000	    4.94823	    2.28364	    3.26560	    0.02479
134.20000	    4.94867	    2.28394	    3.26337	    0.02478
134.40000	    4.94910	    2.28423	    3.26114	    0.02476
134.60000	    4.94953	    2.28452	    3.25892	    0.02474
134.80000	    4.94996	    2.28481	    3.25671	    0.02473
135.00000	    4.95039	    2.28510	    3.25451	    0.02471
135.20000	    4.95082	    2.28539	    3.25231	    0.02469
135.40000	    4.95125	    2.28567	    3.25012	    0.02468
135.60000	    4.95168	    2.28596	    3.24793	    0.02466
135.80000	    4.95211	    2.28624	    3.24576	    0.02464
136.00000	    4.95253	    2.28652	    3.24359	    0.02463
136.20000	    4.95296	    2.28680	    3.24142	    0.02461
136.40000	    4.95338	    2.28708	    3.23927	    0.02459
136.60000	    4.95380	    2.28735	    3.23712	    0.02458
136.80000	    4.95422	    2.28763	    3.23498	    0.02456
137.00000	    4.95464	    2.28790	    3.23284	    0.02454
137.20000	    4.95506	    2.28818	    3.23071	    0.02453
137.40000	    4.95548	    2.28845	    3.22859	    0.02451
137.60000	    4.95589	    2.28872	    3.22648	    0.02450
137.80000	    4.95631	    2.28899	    3.22437	    0.02448
138.00000	    4.95672	    2.28926	    3.22227	    0.02446
138.20000	    4.95714	    2.28952	    3.22017	    0.02445
138.40000	    4.95755	    2.28979	    3.21808	    0.02443
138.60000	    4.95796	    2.29005	    3.21600	    0.02442
138.80000	    4.95837	    2.29031	    3.21392	    0.02440
139.00000	    4.95878	    2.29057	    3.21186	    0.02439
139.20000	    4.95919	    2.29083	    3.20979	    0.02437
139.40000	    4.95960	    2.29109	    3.20774	    0.02435
139.60000	    4.96000	    2.29135	    3.20569	    0.02434
139.80000	    4.96041	    2.29160	    3.20364	    0.02432
140.00000	    4.96081	    2.29186	    3.20161	    0.02431
140.20000	    4.96121	    2.29211	    3.19958	    0.02429
140.40000	    4.96162	    2.29236	    3.19755	    0.02428
140.60000	    4.96202	    2.29262	    3.19554	    0.02426
140.80000	    4.96242	    2.29286	    3.19352	    0.02425
141.00000	    4.96282	    2.29311	    3.19152	    0.02423
141.20000	    4.96321	    2.29336	    3.18952	    0.02422
141.40000	    4.96361	    2.29361	    3.18753	    0.02420
141.60000	    4.96401	    2.29385	    3.18554	    0.02419
141.80000	    4.96440	    2.29410	    3.18356	    0.02417
142.00000	    4.96480	    2.29434	    3.18158	    0.02416
142.20000	    4.96519	    2.29458	    3.17962	    0.02414
142.40000	    4.96558	    2.29482	    3.17765	    0.02413
142.60000	    4.96597	    2.29506	    3.17570	    0.02411
142.80000	    4.96636	    2.29530	    3.17375	    0.02410
143.00000	    4.96675	    2.29553	    3.17180	    0.02408
143.20000	    4.96714	    2.29577	    3.16986	    0.02407
143.40000	    4.96753	    2.29600	    3.16793	    0.02405
143.60000	    4.96791	    2.29624	    3.16600	    0.02404
143.80000	    4.96830	    2.29647	    3.16408	    0.02402
144.00000	    4.96868	    2.29670	    3.16217	    0.02401
144.20000	    4.96907	    2.29693	    3.16026	    0.02399
144.40000	    4.96945	    2.29716	    3.15836	    0.02398
144.60000	    4.96983	    2.29739	    3.15646	    0.02396
144.80000	    4.97021	    2.29761	    3.15457	    0.02395
145.00000	    4.97059	    2.29784	    3.15268	    0.02394
145.20000	    4.97097	    2.29806	    3.15080	    0.02392
145.40000	    4.97135	    2.29829	    3.14892	    0.02391
145.60000	    4.97173	    2.29851	    3.14705	    0.02389
145.80000	    4.97210	    2.29873	    3.14519	    0.02388
146.00000	    4.97248	    2.29895	    3.14333	    0.02387
146.20000	    4.97285	    2.29917	    3.14148	    0.02385
146.40000	    4.97323	    2.29939	    3.13963	    0.02384
146.60000	    4.97360	    2.29961	    3.13779	    0.02382
146.80000	    4.97397	    2.29982	    3.13595	    0.02381
147.00000	    4.97434	    2.30004	    3.13412	    0.02380
147.20000	    4.97471	    2.30025	    3.13230	    0.02378
147.40000	    4.97508	    2.30047	    3.13048	    0.02377
147.60000	    4.97545	    2.30068	    3.12866	    0.02375
147.80000	    4.97581	    2.30089	    3.12685	    0.02374
148.00000	    4.97618	    2.30110	    3.12505	    0.02373
148.20000	    4.97655	    2.30131	    3.12325	    0.02371
148.40000	    4.97691	    2.30152	    3.12146	    0.02370
148.60000	    4.97727	    2.30173	    3.11967	    0.02369
148.80000	    4.97764	    2.30193	    3.11789	    0.02367
149.00000	    4.97800	    2.30214	    3.11611	    0.02366
149.20000	    4.97836	    2.30234	    3.11434	    0.02365
149.40000	    4.97872	    2.30255	    3.11257	    0.02363
149.60000	    4.97908	    2.30275	    3.11081	    0.02362
149.80000	    4.97944	    2.30295	    3.10905	    0.02361
150.00000	    4.97980	    2.30315	    3.10730	    0.02359
150.20000	    4.98015	    2.30335	    3.10555	    0.02358
150.40000	    4.98051	    2.30355	    3.10381	    0.02357
150.60000	    4.98086	    2.30375	    3.10208	    0.02355
150.80000	    4.98122	    2.30394	    3.10034	    0.02354
151.00000	    4.98157	    2.30414	    3.09862	    0.02353
151.20000	    4.98192	    2.30434	    3.09690	    0.02351
151.40000	    4.98227	    2.30453	    3.09518	    0.02350
151.60000	    4.98263	    2.30472	    3.09347	    0.02349
151.80000	    4.98298	    2.30492	    3.09176	    0.02347
152.00000	    4.98332	    2.30511	    3.09006	    0.02346
152.20000	    4.98367	    2.30530	    3.08836	    0.02345
152.40000	    4.98402	    2.30549	    3.08667	    0.02344
152.60000	    4.98437	    2.30568	    3.08498	    0.02342
152.80000	    4.98471	    2.30587	    3.08330	    0.02341
153.00000	    4.98506	    2.30605	    3.08162	    0.02340
153.20000	    4.98540	    2.30624	    3.07995	    0.02338
153.40000	    4.98575	    2.30642	    3.07828	    0.02337
153.60000	    4.98609	    2.30661	    3.07662	    0.02336
153.80000	    4.98643	    2.30679	    3.07496	    0.02335
154.00000	    4.98677	    2.30698	    3.07331	    0.02333
154.20000	    4.98711	    2.30716	    3.07166	    0.02332
154.40000	    4.98745	    2.30734	    3.07002	    0.02331
154.60000	    4.98779	    2.30752	    3.06838	    0.02330
154.80000	    4.98813	    2.30770	    3.06674	    0.02328
155.00000	    4.98847	    2.30788	    3.06511	    0.02327
155.20000	    4.98880	    2.30806	    3.06348	    0.02326
155.40000	    4.98914	    2.30823	    3.06186	    0.02325
155.60000	    4.98947	    2.30841	    3.06025	    0.02323
155.80000	    4.98981	    2.30859	    3.05863	    0.02322
156.00000	    4.99014	    2.30876	    3.05703	    0.02321
156.20000	    4.99047	    2.30894	    3.05542	    0.02320
156.40000	    4.99080	    2.30911	    3.05382	    0.02319
156.60000	    4.99114	    2.30928	    3.05223	    0.02317
156.80000	    4.99147	    2.30945	    3.05064	    0.02316
157.00000	    4.99179	    2.30963	    3.04905	    0.02315
157.20000	    4.99212	    2.30980	    3.04747	    0.02314
157.40000	    4.99245	    2.30997	    3.04590	    0.02313
157.60000	    4.99278	    2.31013	    3.04432	    0.02311
157.80000	    4.99311	    2.31030	    3.04275	    0.02310
158.00000	    4.99343	    2.31047	    3.04119	    0.02309
158.20000	    4.99376	    2.31064	    3.03963	    0.02308
158.40000	    4.99408	    2.31080	    3.03808	    0.02307
158.60000	    4.99440	    2.31097	    3.03653	    0.02305
158.80000	    4.99473	    2.31113	    3.03498	    0.02304
159.00000	    4.99505	    2.31129	    3.03344	    0.02303
159.20000	    4.99537	    2.31146	    3.03190	    0.02302
159.40000	    4.99569	    2.31162	    3.03037	    0.02301
159.60000	    4.99601	    2.31178	    3.02884	    0.02300
159.80000	    4.99633	    2.31194	    3.02731	    0.02298
160.00000	    4.99665	    2.31210	    3.02579	    0.02297
160.20000	    4.99697	    2.31226	    3.02427	    0.02296
160.40000	    4.99728	    2.31242	    3.02276	    0.02295
160.60000	    4.99760	    2.31258	    3.02125	    0.02294
160.80000	    4.99791	    2.31274	    3.01974	    0.02293
161.00000	    4.99823	    2.31289	    3.01824	    0.02292
161.20000	    4.99854	    2.31305	    3.01675	    0.02290
161.40000	    4.99886	    2.31320	    3.01525	    0.02289
161.60000	    4.99917	    2.31336	    3.01377	    0.02288
161.80000	    4.99948	    2.31351	    3.01228	    0.02287
162.00000	    4.99979	    2.31366	    3.01080	    0.02286
162.20000	    5.00010	    2.31382	    3.00932	    0.02285
162.40000	    5.00041	    2.31397	    3.00785	    0.02284
162.60000	    5.00072	    2.31412	    3.00638	    0.02283
162.80000	    5.00103	    2.31427	    3.00492	    0.02281
163.00000	    5.00134	    2.31442	    3.00346	    0.02280
163.20000	    5.00165	    2.31457	    3.00200	    0.02279
163.40000	    5.00195	    2.31472	    3.00055	    0.02278
163.60000	    5.00226	    2.31487	    2.99910	    0.02277
163.80000	    5.00256	    2.31501	    2.99765	    0.02276
164.00000	    5.00287	    2.31516	    2.99621	    0.02275
164.20000	    5.00317	    2.31531	    2.99477	    0.02274
164.40000	    5.00347	    2.31545	    2.99334	    0.02273
164.60000	    5.00378	    2.31560	    2.99191	    0.02272
164.80000	    5.00408	    2.31574	    2.99048	    0.02270
165.00000	    5.00438	    2.31588	    2.98906	    0.02269
165.20000	    5.00468	    2.31603	    2.98764	    0.02268
165.40000	    5.00498	    2.31617	    2.98623	    0.02267
165.60000	    5.00528	    2.31631	    2.98482	    0.02266
165.80000	    5.00558	    2.31645	    2.98341	    0.02265
166.00000	    5.00587	    2.31659	    2.98201	    0.02264
166.20000	    5.00617	    2.31673	    2.98060	    0.02263
166.40000	    5.00647	    2.31687	    2.97921	    0.02262
166.60000	    5.00676	    2.31701	    2.97782	    0.02261
166.80000	    5.00706	    2.31715	    2.97643	    0.02260
167.00000	    5.00735	    2.31728	    2.97504	    0.02259
167.20000	    5.00765	    2.31742	    2.97366	    0.02258
167.40000	    5.00794	    2.31756	    2.97228	    0.02257
167.60000	    5.00823	    2.31769	    2.97091	    0.02256
167.80000	    5.00853	    2.31783	    2.96953	    0.02255
168.00000	    5.00882	    2.31796	    2.96817	    0.02254
168.20000	    5.00911	    2.31810	    2.96680	    0.02253
168.40000	    5.00940	    2.31823	    2.96544	    0.02251
168.60000	    5.00969	    2.31836	    2.96409	    0.02250
168.80000	    5.00998	    2.31849	    2.96273	    0.02249
169.00000	    5.01026	    2.31863	    2.96138	    0.02248
169.20000	    5.01055	    2.31876	    2.96004	    0.02247
169.40000	    5.01084	    2.31889	    2.95869	    0.02246
169.60000	    5.01112	    2.31902	    2.95735	    0.02245
169.80000	    5.01141	    2.31915	    2.95602	    0.02244
170.00000	    5.01170	    2.31928	    2.95468	    0.02243
170.20000	    5.01198	    2.31940	    2.95335	    0.02242
170.40000	    5.01226	    2.31953	    2.95203	    0.02241
170.60000	    5.01255	    2.31966	    2.95071	    0.02240
170.80000	    5.01283	    2.31979	    2.94939	    0.02239
171.00000	    5.01311	    2.31991	    2.94807	    0.02238
171.20000	    5.01339	    2.32004	    2.94676	    0.02237
171.40000	    5.01367	    2.32016	    2.94545	    0.02236
171.60000	    5.01395	    2.32029	    2.94414	    0.02235
171.80000	    5.01423	    2.32041	    2.94284	    0.02234
172.00000	    5.01451	    2.32054	    2.94154	    0.02233
172.20000	    5.01479	    2.32066	    2.94025	    0.02232
172.40000	    2.32078	    2.93895	    0.02231
172.60000	    5.01535	    2.32090	    2.93766	    0.02230
172.80000	    5.01562	    2.32102	    2.93638	    0.02229
173.00000	    5.01590	    2.32115	    2.93510	    0.02228
173.20000	    5.01618	    2.32127	    2.93382	    0.02227
173.40000	    5.01645	    2.32139	    2.93254	    0.02226
173.60000	    5.01672	    2.32151	    2.93127	    0.02226
173.80000	    2.32162	    2.93000	    0.02225
174.00000	    5.01727	    2.32174	    2.92873	    0.02224
174.20000	    5.01754	    2.32186	    2.92747	    0.02223
174.40000	    5.01782	    2.32198	    2.92621	    0.02222
174.60000	    5.01809	    2.32210	    2.92495	    0.02221
174.80000	    5.01836	    2.32221	    2.92369	    0.02220
175.00000	    5.01863	    2.32233	    2.92244	    0.02219
175.20000	    5.01890	    2.32244	    2.92119	    0.02218
175.40000	    5.01917	    2.32256	    2.91995	    0.02217
175.60000	    5.01944	    2.32267	    2.91871	    0.02216
175.80000	    5.01970	    2.32279	    2.91747	    0.02215
176.00000	    5.01997	    2.32290	    2.91623	    0.02214
176.20000	    5.02024	    2.32302	    2.91500	    0.02213
176.40000	    5.02051	    2.32313	    2.91377	    0.02212
176.60000	    5.02077	    2.32324	    2.91255	    0.02211
176.80000	    5.02104	    2.32335	    2.91132	    0.02210
177.00000	    5.02130	    2.32346	    2.91010	    0.02209
177.20000	    5.02157	    2.32357	    2.90888	    0.02209
177.40000	    5.02183	    2.32368	    2.90767	    0.02208
177.60000	    5.02209	    2.32379	    2.90646	    0.02207
177.80000	    5.02236	    2.32390	    2.90525	    0.02206
178.00000	    5.02262	    2.32401	    2.90404	    0.02205
178.20000	    5.02288	    2.32412	    2.90284	    0.02204
178.40000	    5.02314	    2.32423	    2.90164	    0.02203
178.60000	    5.02340	    2.32434	    2.90044	    0.02202
178.80000	    5.02366	    2.32445	    2.89925	    0.02201
179.00000	    5.02392	    2.32455	    2.89806	    0.02200
179.20000	    5.02418	    2.32466	    2.89687	    0.02199
179.40000	    5.02444	    2.32476	    2.89569	    0.02199
179.60000	    5.02469	    2.32487	    2.89450	    0.02198
179.80000	    5.02495	    2.32498	    2.89332	    0.02197
180.00000	    5.02521	    2.32508	    2.89215	    0.02196
180.20000	    5.02546	    2.32518	    2.89097	    0.02195
180.40000	    5.02572	    2.32529	    2.88980	    0.02194
180.60000	    5.02597	    2.32539	    2.88864	    0.02193
180.80000	    5.02623	    2.32550	    2.88747	    0.02192
181.00000	    5.02648	    2.32560	    2.88631	    0.02191
181.20000	    5.02674	    2.32570	    2.88515	    0.02191
181.40000	    5.02699	    2.32580	    2.88399	    0.02190
181.60000	    5.02724	    2.32590	    2.88284	    0.02189
181.80000	    5.02749	    2.32600	    2.88169	    0.02188
182.00000	    5.02775	    2.32610	    2.88054	    0.02187
182.20000	    5.02800	    2.32620	    2.87939	    0.02186
182.40000	    5.02825	    2.32630	    2.87825	    0.02185
182.60000	    5.02850	    2.32640	    2.87711	    0.02184
182.80000	    5.02875	    2.32650	    2.87597	    0.02184
183.00000	    5.02900	    2.32660	    2.87484	    0.02183
183.20000	    5.02924	    2.32670	    2.87370	    0.02182
183.40000	    5.02949	    2.32680	    2.87257	    0.02181
183.60000	    5.02974	    2.32690	    2.87145	    0.02180
183.80000	    5.02999	    2.32699	    2.87032	    0.02179
184.00000	    5.03023	    2.32709	    2.86920	    0.02178
184.20000	    5.03048	    2.32718	    2.86808	    0.02178
184.40000	    5.03072	    2.32728	    2.86697	    0.02177
184.60000	    5.03097	    2.32738	    2.86585	    0.02176
184.80000	    5.03121	    2.32747	    2.86474	    0.02175
185.00000	    5.03146	    2.32757	    2.86363	    0.02174
185.20000	    5.03170	    2.32766	    2.86253	    0.02173
185.40000	    5.03194	    2.32775	    2.86142	    0.02172
185.60000	    5.03219	    2.32785	    2.86032	    0.02172
185.80000	    5.03243	    2.32794	    2.85922	    0.02171
186.00000	    5.03267	    2.32803	    2.85813	    0.02170
186.20000	    5.03291	    2.32813	    2.85704	    0.02169
186.40000	    5.03315	    2.32822	    2.85595	    0.02168
186.60000	    5.03339	    2.32831	    2.85486	    0.02168
186.80000	    5.03363	    2.32840	    2.85377	    0.02167
187.00000	    5.03387	    2.32849	    2.85269	    0.02166
187.20000	    5.03411	    2.32858	    2.85161	    0.02165
187.40000	    5.03435	    2.32867	    2.85053	    0.02164
187.60000	    5.03459	    2.32876	    2.84946	    0.02163
187.80000	    5.03482	    2.32885	    2.84838	    0.02163
188.00000	    5.03506	    2.32894	    2.84731	    0.02162
188.20000	    5.03530	    2.32903	    2.84625	    0.02161
188.40000	    2.32912	    2.84518	    0.02160
188.60000	    5.03577	    2.32921	    2.84412	    0.02159
188.80000	    5.03600	    2.32930	    2.84306	    0.02159
189.00000	    5.03624	    2.32938	    2.84200	    0.02158
189.20000	    5.03647	    2.32947	    2.84094	    0.02157
189.40000	    5.03670	    2.32956	    2.83989	    0.02156
189.60000	    5.03694	    2.32964	    2.83884	    0.02155
189.80000	    5.03717	    2.32973	    2.83779	    0.02155
190.00000	    5.03740	    2.32982	    2.83675	    0.02154
190.20000	    5.03763	    2.32990	    2.83570	    0.02153
190.40000	    5.03786	    2.32999	    2.83466	    0.02152
190.60000	    5.03810	    2.33007	    2.83362	    0.02151
190.80000	    5.03833	    2.33016	    2.83259	    0.02151
191.00000	    5.03856	    2.33024	    2.83155	    0.02150
191.20000	    5.03879	    2.33032	    2.83052	    0.02149
191.40000	    5.03901	    2.33041	    2.82949	    0.02148
191.60000	    5.03924	    2.33049	    2.82846	    0.02147
191.80000	    5.03947	    2.33057	    2.82744	    0.02147
192.00000	    5.03970	    2.33066	    2.82642	    0.02146
192.20000	    5.03993	    2.33074	    2.82540	    0.02145
192.40000	    5.04015	    2.33082	    2.82438	    0.02144
192.60000	    5.04038	    2.33090	    2.82336	    0.02144
192.80000	    5.04061	    2.33098	    2.82235	    0.02143
193.00000	    5.04083	    2.33106	    2.82134	    0.02142
193.20000	    5.04106	    2.33114	    2.82033	    0.02141
193.40000	    5.04128	    2.33122	    2.81932	    0.02141
193.60000	    5.04150	    2.33130	    2.81832	    0.02140
193.80000	    5.04173	    2.33138	    2.81732	    0.02139
194.00000	    5.04195	    2.33146	    2.81632	    0.02138
194.20000	    5.04217	    2.33154	    2.81532	    0.02137
194.40000	    5.04240	    2.33162	    2.81433	    0.02137
194.60000	    5.04262	    2.33170	    2.81333	    0.02136
194.80000	    5.04284	    2.33178	    2.81234	    0.02135
195.00000	    5.04306	    2.33185	    2.81135	    0.02134
195.20000	    5.04328	    2.33193	    2.81037	    0.02134
195.40000	    5.04350	    2.33201	    2.80938	    0.02133
195.60000	    5.04372	    2.33209	    2.80840	    0.02132
195.80000	    5.04394	    2.33216	    2.80742	    0.02131
196.00000	    5.04416	    2.33224	    2.80644	    0.02131
196.20000	    5.04438	    2.33232	    2.80547	    0.02130
196.40000	    5.04460	    2.33239	    2.80450	    0.02129
196.60000	    5.04482	    2.33247	    2.80352	    0.02129
196.80000	    5.04503	    2.33254	    2.80256	    0.02128
197.00000	    5.04525	    2.33262	    2.80159	    0.02127
197.20000	    5.04547	    2.33269	    2.80062	    0.02126
197.40000	    5.04568	    2.33277	    2.79966	    0.02126
197.60000	    5.04590	    2.33284	    2.79870	    0.02125
197.80000	    5.04612	    2.33291	    2.79774	    0.02124
198.00000	    5.04633	    2.33299	    2.79679	    0.02123
198.20000	    5.04654	    2.33306	    2.79583	    0.02123
198.40000	    5.04676	    2.33313	    2.79488	    0.02122
198.60000	    5.04697	    2.33321	    2.79393	    0.02121
198.80000	    2.33328	    2.79298	    0.02121
199.00000	    5.04740	    2.33335	    2.79204	    0.02120
199.20000	    5.04761	    2.33342	    2.79109	    0.02119
199.40000	    5.04782	    2.33349	    2.79015	    0.02118
199.60000	    5.04804	    2.33356	    2.78921	    0.02118
199.80000	    5.04825	    2.33364	    2.78827	    0.02117
200.00000	    5.04846	    2.33371	    2.78734	    0.02116
