0.00000	    4.00000	    9.33333
0.20000	    4.00000	    9.33333
0.40000	    4.00000	    9.33333
0.60000	    4.00000	    9.33333
0.80000	    4.00000	    9.33333
1.00000	    4.00000	    9.33333
1.20000	    4.00000	    9.33333
1.40000	    4.00000	    9.33333
1.60000	    4.00000	    9.33333
1.80000	    4.00000	    9.33333
2.00000	    4.00000	    9.33333
2.20000	    4.00000	    9.33333
2.40000	    4.00000	    9.33333
2.60000	    4.00001	    9.33333
2.80000	    4.00002	    9.33332
3.00000	    4.00004	    9.33329
3.20000	    4.00010	    9.33324
3.40000	    0.00028	    3.99991	    9.33313
3.60000	    0.00054	    3.99984	    9.33296
3.80000	    0.00033	    0.00014	    3.99971	    9.33266
4.00000	    0.00055	    0.00024	    3.99952	    9.33221
4.20000	    0.00088	    0.00037	    3.99923	    9.33153	    0.00015
4.40000	    0.00133	    0.00057	    3.99881	    9.33057	    0.00024
4.60000	    0.00195	    0.00083	    3.99825	    9.32924	    0.00037
4.80000	    0.00276	    0.00117	    3.99749	    9.32747	    0.00056
5.00000	    0.00380	    0.00161	    3.99650	    9.32517	    0.00082
5.20000	    0.00511	    0.00217	    3.99525	    9.32224	    0.00116
5.40000	    0.00671	    0.00285	    3.99369	    9.31861	    0.00159
5.60000	    0.00866	    0.00367	    3.99179	    9.31417	    0.00214
5.80000	    0.01097	    0.00464	    3.98950	    9.30883	    0.00283
6.00000	    0.01368	    0.00579	    3.98679	    9.30251	    0.00366
6.20000	    0.01681	    0.00711	    3.98363	    9.29513	    0.00466
6.40000	    0.02040	    0.00862	    3.97997	    9.28660	    0.00584
6.60000	    0.02445	    0.01033	    3.97580	    9.27687	    0.00722
6.80000	    0.02900	    0.01224	    3.97109	    9.26588	    0.00881
7.00000	    0.03405	    0.01436	    3.96581	    9.25355	    0.01063
7.20000	    0.03962	    0.01670	    3.95994	    9.23986	    0.01269
7.40000	    0.04571	    0.01926	    3.95347	    9.22477	    0.01500
7.60000	    0.05233	    0.02204	    3.94639	    9.20825	    0.01758
7.80000	    0.05948	    0.02504	    3.93869	    9.19027	    0.02042
8.00000	    0.06716	    0.02826	    3.93035	    9.17083	    0.02354
8.20000	    0.07537	    0.03170	    3.92140	    9.14992	    0.02695
8.40000	    0.08409	    0.03536	    3.91181	    9.12756	    0.03064
8.60000	    0.09332	    0.03922	    3.90160	    9.10374	    0.03461
8.80000	    0.10305	    0.04329	    3.89079	    9.07850	    0.03888
9.00000	    0.11325	    0.04756	    3.87937	    9.05185	    0.04343
9.20000	    0.12393	    0.05202	    3.86736	    9.02383	    0.04827
9.40000	    0.13505	    0.05667	    3.85477	    8.99447	    0.05340
9.60000	    0.14660	    0.06150	    3.84163	    8.96381	    0.05880
9.80000	    0.15856	    0.06649	    3.82796	    8.93190	    0.06447
10.00000	    0.17091	    0.07165	    3.81376	    8.89878	    0.07042
10.20000	    0.18363	    0.07695	    3.79907	    8.86450	    0.07662
10.40000	    0.19670	    0.08240	    3.78391	    8.82912	    0.08308
10.60000	    0.21009	    0.08799	    3.76830	    8.79269	    0.08978
10.80000	    0.22379	    0.09369	    3.75226	    8.75527	    0.09671
11.00000	    0.23776	    0.09951	    3.73582	    8.71692	    0.10387
11.20000	    0.25199	    0.10544	    3.71901	    8.67768	    0.11124
11.40000	    0.26646	    0.11146	    3.70184	    8.63763	    0.11882
11.60000	    0.28114	    0.11757	    3.68435	    8.59682	    0.12660
11.80000	    0.29601	    0.12376	    3.66656	    8.55530	    0.13455
12.00000	    0.31106	    0.13001	    3.64849	    8.51313	    0.14268
12.20000	    0.32625	    0.13633	    3.63016	    8.47038	    0.15097
12.40000	    0.34158	    0.14270	    3.61161	    8.42709	    0.15941
12.60000	    0.35702	    0.14911	    3.59285	    8.38332	    0.16799
12.80000	    0.37255	    0.15556	    3.57391	    8.33912	    0.17670
13.00000	    0.38816	    0.16204	    3.55480	    8.29454	    0.18553
13.20000	    0.40382	    0.16854	    3.53556	    8.24963	    0.19447
13.40000	    0.41953	    0.17506	    3.51619	    8.20445	    0.20351
13.60000	    0.43526	    0.18158	    3.49672	    8.15902	    0.21263
13.80000	    0.45101	    0.18811	    3.47718	    8.11341	    0.22184
14.00000	    0.46676	    0.19464	    3.45756	    8.06765	    0.23111
14.20000	    0.48248	    0.20116	    3.43790	    8.02178	    0.24045
14.40000	    0.49819	    0.20766	    3.41821	    7.97583	    0.24983
14.60000	    0.51385	    0.21415	    3.39851	    7.92986	    0.25926
14.80000	    0.52946	    0.22061	    3.37881	    7.88388	    0.26873
15.00000	    0.54501	    0.22705	    3.35912	    7.83794	    0.27822
15.20000	    0.56049	    0.23346	    3.33946	    7.79207	    0.28774
15.40000	    0.57589	    0.23983	    3.31984	    7.74628	    0.29727
15.60000	    0.59120	    0.24616	    3.30027	    7.70062	    0.30680
15.80000	    0.60641	    0.25245	    3.28076	    7.65511	    0.31634
16.00000	    0.62152	    0.25870	    3.26133	    7.60976	    0.32587
16.20000	    0.63653	    0.26490	    3.24198	    7.56461	    0.33539
16.40000	    0.65141	    0.27105	    3.22272	    7.51967	    0.34489
16.60000	    0.66618	    0.27715	    3.20356	    7.47497	    0.35437
16.80000	    0.68082	    0.28320	    3.18451	    7.43052	    0.36382
17.00000	    0.69533	    0.28919	    3.16557	    7.38634	    0.37325
17.20000	    0.70970	    0.29513	    3.14676	    7.34244	    0.38263
17.40000	    0.72394	    0.30100	    3.12807	    7.29884	    0.39198
17.60000	    0.73803	    0.30682	    3.10952	    7.25555	    0.40128
17.80000	    0.75198	    0.31257	    3.09111	    7.21258	    0.41054
18.00000	    0.76578	    0.31827	    3.07283	    7.16995	    0.41975
18.20000	    0.77943	    0.32390	    3.05471	    7.12766	    0.42890
18.40000	    0.79293	    0.32946	    3.03674	    7.08572	    0.43800
18.60000	    0.80628	    0.33496	    3.01892	    7.04414	    0.44704
18.80000	    0.81947	    0.34040	    3.00126	    7.00293	    0.45602
19.00000	    0.83251	    0.34577	    2.98375	    6.96209	    0.46493
19.20000	    0.84539	    0.35108	    2.96641	    6.92163	    0.47379
19.40000	    0.85812	    0.35632	    2.94924	    6.88155	    0.48257
19.60000	    0.87068	    0.36149	    2.93223	    6.84187	    0.49128
19.80000	    0.88309	    0.36660	    2.91539	    6.80257	    0.49993
20.00000	    0.89535	    0.37165	    2.89871	    6.76366	    0.50850
20.20000	    0.90744	    0.37663	    2.88221	    6.72515	    0.51701
20.40000	    0.91938	    0.38154	    2.86587	    6.68704	    0.52543
20.60000	    0.93117	    0.38638	    2.84971	    6.64932	    0.53379
20.80000	    0.94279	    0.39117	    2.83372	    6.61200	    0.54207
21.00000	    0.95427	    0.39588	    2.81789	    6.57509	    0.55027
21.20000	    0.96559	    0.40054	    2.80224	    6.53857	    0.55839
21.40000	    0.97675	    0.40513	    2.78676	    6.50245	    0.56644
21.60000	    0.98776	    0.40965	    2.77145	    6.46673	    0.57441
21.80000	    0.99863	    0.41412	    2.75632	    6.43140	    0.58231
22.00000	    1.00934	    0.41852	    2.74135	    6.39647	    0.59012
22.20000	    1.01991	    0.42286	    2.72654	    6.36194	    0.59786
22.40000	    1.03032	    0.42714	    2.71191	    6.32779	    0.60552
22.60000	    1.04060	    0.43135	    2.69744	    6.29404	    0.61309
22.80000	    1.05072	    0.43551	    2.68314	    6.26067	    0.62060
23.00000	    1.06071	    0.43961	    2.66901	    6.22768	    0.62802
23.20000	    1.07055	    0.44365	    2.65503	    6.19508	    0.63536
23.40000	    1.08026	    0.44763	    2.64122	    6.16286	    0.64263
23.60000	    1.08983	    0.45156	    2.62757	    6.13101	    0.64982
23.80000	    1.09926	    0.45543	    2.61408	    6.09953	    0.65693
24.00000	    1.10855	    0.45924	    2.60075	    6.06842	    0.66397
24.20000	    1.11772	    0.46300	    2.58758	    6.03768	    0.67093
24.40000	    1.12675	    0.46670	    2.57456	    6.00730	    0.67781
24.60000	    1.13565	    0.47035	    2.56169	    5.97728	    0.68462
24.80000	    1.14442	    0.47394	    2.54898	    5.94762	    0.69135
25.00000	    1.15307	    0.47749	    2.53642	    5.91830	    0.69801
25.20000	    1.16160	    0.48098	    2.52400	    5.88934	    0.70459
25.40000	    1.17000	    0.48442	    2.51173	    5.86071	    0.71110
25.60000	    1.17828	    0.48781	    2.49961	    5.83243	    0.71754
25.80000	    1.18644	    0.49116	    2.48764	    5.80448	    0.72391
26.00000	    1.19449	    0.49445	    2.47580	    5.77687	    0.73020
26.20000	    1.20241	    0.49770	    2.46411	    5.74958	    0.73642
26.40000	    1.21023	    0.50089	    2.45255	    5.72262	    0.74257
26.60000	    1.21793	    0.50405	    2.44113	    5.69597	    0.74866
26.80000	    1.22552	    0.50715	    2.42985	    5.66965	    0.75467
27.00000	    1.23300	    0.51021	    2.41870	    5.64363	    0.76061
27.20000	    1.24038	    0.51323	    2.40768	    5.61793	    0.76649
27.40000	    1.24765	    0.51620	    2.39680	    5.59252	    0.77230
27.60000	    1.25481	    0.51913	    2.38604	    5.56742	    0.77805
27.80000	    1.26188	    0.52202	    2.37541	    5.54262	    0.78372
28.00000	    1.26884	    0.52487	    2.36490	    5.51810	    0.78934
28.20000	    1.27570	    0.52767	    2.35452	    5.49388	    0.79489
28.40000	    1.28246	    0.53044	    2.34426	    5.46994	    0.80037
28.60000	    1.28913	    0.53316	    2.33412	    5.44628	    0.80580
28.80000	    1.29570	    0.53585	    2.32410	    5.42290	    0.81116
29.00000	    1.30218	    0.53849	    2.31420	    5.39980	    0.81646
29.20000	    1.30857	    0.54110	    2.30441	    5.37696	    0.82169
29.40000	    1.31487	    0.54367	    2.29474	    5.35439	    0.82687
29.60000	    1.32108	    0.54621	    2.28518	    5.33208	    0.83199
29.80000	    1.32720	    0.54871	    2.27573	    5.31003	    0.83706
30.00000	    1.33324	    0.55117	    2.26638	    5.28823	    0.84206
30.20000	    1.33919	    0.55360	    2.25715	    5.26669	    0.84701
30.40000	    1.34506	    0.55600	    2.24803	    5.24539	    0.85190
30.60000	    1.35084	    0.55836	    2.23900	    5.22434	    0.85673
30.80000	    1.35655	    0.56068	    2.23008	    5.20353	    0.86151
31.00000	    1.36217	    0.56298	    2.22127	    5.18296	    0.86624
31.20000	    1.36772	    0.56524	    2.21255	    5.16262	    0.87091
31.40000	    1.37319	    0.56747	    2.20394	    5.14252	    0.87553
31.60000	    1.37859	    0.56967	    2.19542	    5.12264	    0.88010
31.80000	    1.38391	    0.57184	    2.18699	    5.10298	    0.88461
32.00000	    1.38916	    0.57398	    2.17866	    5.08355	    0.88908
32.20000	    1.39433	    0.57609	    2.17043	    5.06434	    0.89349
32.40000	    1.39944	    0.57817	    2.16229	    5.04534	    0.89786
32.60000	    1.40447	    0.58022	    2.15424	    5.02655	    0.90217
32.80000	    1.40944	    0.58225	    2.14627	    5.00797	    0.90644
33.00000	    1.41434	    0.58424	    2.13840	    4.98960	    0.91066
33.20000	    1.41917	    0.58621	    2.13062	    4.97144	    0.91483
33.40000	    1.42394	    0.58815	    2.12291	    4.95347	    0.91896
33.60000	    1.42865	    0.59007	    2.11530	    4.93570	    0.92304
33.80000	    1.43329	    0.59196	    2.10777	    4.91812	    0.92708
34.00000	    1.43787	    0.59382	    2.10032	    4.90074	    0.93107
34.20000	    1.44238	    0.59566	    2.09295	    4.88355	    0.93501
34.40000	    1.44684	    0.59748	    2.08566	    4.86654	    0.93892
34.60000	    1.45124	    0.59927	    2.07845	    4.84971	    0.94278
34.80000	    1.45558	    0.60103	    2.07132	    4.83307	    0.94660
35.00000	    1.45987	    0.60277	    2.06426	    4.81661	    0.95037
35.20000	    1.46409	    0.60449	    2.05728	    4.80032	    0.95411
35.40000	    1.46826	    0.60619	    2.05038	    4.78421	    0.95780
35.60000	    1.47238	    0.60786	    2.04354	    4.76827	    0.96146
35.80000	    1.47644	    0.60952	    2.03678	    4.75249	    0.96507
36.00000	    1.48045	    0.61115	    2.03009	    4.73689	    0.96865
36.20000	    1.48441	    0.61276	    2.02348	    4.72144	    0.97218
36.40000	    1.48832	    0.61434	    2.01693	    4.70616	    0.97568
36.60000	    1.49218	    0.61591	    2.01045	    4.69104	    0.97914
36.80000	    1.49598	    0.61746	    2.00403	    4.67608	    0.98257
37.00000	    1.49974	    0.61899	    1.99769	    4.66127	    0.98596
37.20000	    1.50345	    0.62049	    1.99141	    4.64662	    0.98931
37.40000	    1.50712	    0.62198	    1.98519	    4.63211	    0.99262
37.60000	    1.51073	    0.62345	    1.97904	    4.61776	    0.99591
37.80000	    1.51431	    0.62490	    1.97295	    4.60355	    0.99915
38.00000	    1.51783	    0.62633	    1.96692	    4.58948	    1.00236
38.20000	    1.52131	    0.62775	    1.96095	    4.57556	    1.00554
38.40000	    1.52475	    0.62914	    1.95505	    4.56178	    1.00869
38.60000	    1.52815	    0.63052	    1.94920	    4.54814	    1.01180
38.80000	    1.53150	    0.63188	    1.94341	    4.53463	    1.01488
39.00000	    1.53481	    0.63322	    1.93769	    4.52127	    1.01793
39.20000	    1.53808	    0.63455	    1.93201	    4.50803	    1.02094
39.40000	    1.54131	    0.63586	    1.92640	    4.49492	    1.02393
39.60000	    1.54450	    0.63715	    1.92084	    4.48195	    1.02688
39.80000	    1.54765	    0.63843	    1.91533	    4.46910	    1.02981
40.00000	    1.55076	    0.63969	    1.90988	    4.45638	    1.03270
40.20000	    1.55384	    0.64094	    1.90448	    4.44379	    1.03557
40.40000	    1.55687	    0.64217	    1.89913	    4.43131	    1.03840
40.60000	    1.55987	    0.64339	    1.89384	    4.41896	    1.04121
40.80000	    1.56284	    0.64459	    1.88860	    4.40673	    1.04399
41.00000	    1.56577	    0.64578	    1.88341	    4.39461	    1.04674
41.20000	    1.56866	    0.64695	    1.87826	    4.38261	    1.04946
41.40000	    1.57152	    0.64811	    1.87317	    4.37073	    1.05215
41.60000	    1.57434	    0.64925	    1.86813	    4.35896	    1.05482
41.80000	    1.57713	    0.65038	    1.86313	    4.34730	    1.05746
42.00000	    1.57989	    0.65150	    1.85818	    4.33575	    1.06008
42.20000	    1.58262	    0.65260	    1.85328	    4.32431	    1.06266
42.40000	    1.58531	    0.65369	    1.84842	    4.31298	    1.06523
42.60000	    1.58797	    0.65477	    1.84361	    4.30176	    1.06777
42.80000	    1.59060	    0.65584	    1.83884	    4.29064	    1.07028
43.00000	    1.59320	    0.65689	    1.83412	    4.27962	    1.07277
43.20000	    1.59577	    0.65793	    1.82944	    4.26870	    1.07523
43.40000	    1.59831	    0.65896	    1.82481	    4.25789	    1.07767
43.60000	    1.60082	    0.65997	    1.82022	    4.24718	    1.08009
43.80000	    1.60330	    0.66098	    1.81567	    4.23656	    1.08248
44.00000	    1.60575	    0.66197	    1.81116	    4.22604	    1.08485
44.20000	    1.60817	    0.66295	    1.80669	    4.21561	    1.08720
44.40000	    1.61057	    0.66392	    1.80226	    4.20528	    1.08952
44.60000	    1.61294	    0.66488	    1.79788	    4.19505	    1.09182
44.80000	    1.61528	    0.66582	    1.79353	    4.18490	    1.09410
45.00000	    1.61760	    0.66676	    1.78922	    4.17485	    1.09636
45.20000	    1.61989	    0.66768	    1.78495	    4.16489	    1.09860
45.40000	    1.62215	    0.66860	    1.78072	    4.15501	    1.10081
45.60000	    1.62439	    0.66950	    1.77652	    4.14522	    1.10301
45.80000	    1.62660	    0.67040	    1.77237	    4.13552	    1.10518
46.00000	    1.62879	    0.67128	    1.76825	    4.12591	    1.10733
46.20000	    1.63096	    0.67216	    1.76416	    4.11638	    1.10947
46.40000	    1.63310	    0.67302	    1.76011	    4.10693	    1.11158
46.60000	    1.63521	    0.67388	    1.75610	    4.09756	    1.11367
46.80000	    1.63731	    0.67472	    1.75212	    4.08828	    1.11575
47.00000	    1.63938	    0.67556	    1.74817	    4.07907	    1.11780
47.20000	    1.64143	    0.67639	    1.74426	    4.06995	    1.11984
47.40000	    1.64345	    0.67721	    1.74039	    4.06090	    1.12186
47.60000	    1.64545	    0.67801	    1.73654	    4.05193	    1.12386
47.80000	    1.64744	    0.67881	    1.73273	    4.04304	    1.12584
48.00000	    1.64940	    0.67961	    1.72895	    4.03422	    1.12780
48.20000	    1.65134	    0.68039	    1.72521	    4.02548	    1.12974
48.40000	    1.65325	    0.68116	    1.72149	    4.01681	    1.13167
48.60000	    1.65515	    0.68193	    1.71781	    4.00821	    1.13358
48.80000	    1.65703	    0.68269	    1.71415	    3.99969	    1.13547
49.00000	    1.65889	    0.68343	    1.71053	    3.99124	    1.13735
49.20000	    1.66072	    0.68418	    1.70694	    3.98285	    1.13921
49.40000	    1.66254	    0.68491	    1.70337	    3.97454	    1.14105
49.60000	    1.66434	    0.68563	    1.69984	    3.96629	    1.14288
49.80000	    1.66612	    0.68635	    1.69634	    3.95812	    1.14469
50.00000	    1.66788	    0.68706	    1.69286	    3.95001	    1.14648
50.20000	    1.66962	    0.68777	    1.68941	    3.94196	    1.14826
50.40000	    1.67135	    0.68846	    1.68599	    3.93399	    1.15002
50.60000	    1.67306	    0.68915	    1.68260	    3.92607	    1.15177
50.80000	    1.67474	    0.68983	    1.67924	    3.91822	    1.15350
51.00000	    1.67642	    0.69050	    1.67590	    3.91044	    1.15521
51.20000	    1.67807	    0.69117	    1.67259	    3.90271	    1.15691
51.40000	    1.67971	    0.69183	    1.66931	    3.89505	    1.15860
51.60000	    1.68133	    0.69248	    1.66605	    3.88745	    1.16027
51.80000	    1.68293	    0.69313	    1.66282	    3.87991	    1.16193
52.00000	    1.68452	    0.69377	    1.65961	    3.87243	    1.16357
52.20000	    1.68609	    0.69440	    1.65643	    3.86501	    1.16520
52.40000	    1.68765	    0.69503	    1.65328	    3.85764	    1.16682
52.60000	    1.68919	    0.69565	    1.65014	    3.85034	    1.16842
52.80000	    1.69071	    0.69626	    1.64704	    3.84309	    1.17001
53.00000	    1.69222	    0.69687	    1.64396	    3.83590	    1.17158
53.20000	    1.69371	    0.69747	    1.64090	    3.82876	    1.17314
53.40000	    1.69519	    0.69806	    1.63786	    3.82168	    1.17469
53.60000	    1.69666	    0.69865	    1.63485	    3.81465	    1.17623
53.80000	    1.69811	    0.69924	    1.63186	    3.80768	    1.17775
54.00000	    1.69954	    0.69981	    1.62890	    3.80076	    1.17926
54.20000	    1.70096	    0.70039	    1.62595	    3.79389	    1.18076
54.40000	    1.70237	    0.70095	    1.62303	    3.78708	    1.18224
54.60000	    1.70376	    0.70151	    1.62014	    3.78032	    1.18371
54.80000	    1.70514	    0.70207	    1.61726	    3.77360	    1.18517
55.00000	    1.70651	    0.70262	    1.61440	    3.76694	    1.18662
55.20000	    1.70786	    0.70316	    1.61157	    3.76033	    1.18806
55.40000	    1.70920	    0.70370	    1.60876	    3.75377	    1.18948
55.60000	    1.71053	    0.70423	    1.60597	    3.74726	    1.19090
55.80000	    1.71184	    0.70476	    1.60320	    3.74079	    1.19230
56.00000	    1.71314	    0.70528	    1.60045	    3.73438	    1.19369
56.20000	    1.71443	    0.70580	    1.59772	    3.72801	    1.19507
56.40000	    1.71571	    0.70631	    1.59501	    3.72168	    1.19643
56.60000	    1.71697	    0.70682	    1.59232	    3.71541	    1.19779
56.80000	    1.71822	    0.70732	    1.58965	    3.70918	    1.19914
57.00000	    1.71946	    0.70782	    1.58700	    3.70299	    1.20047
57.20000	    1.72069	    0.70831	    1.58437	    3.69685	    1.20180
57.40000	    1.72191	    0.70880	    1.58175	    3.69076	    1.20311
57.60000	    1.72311	    0.70929	    1.57916	    3.68471	    1.20441
57.80000	    1.72431	    0.70977	    1.57659	    3.67870	    1.20571
58.00000	    1.72549	    0.71024	    1.57403	    3.67273	    1.20699
58.20000	    1.72666	    0.71071	    1.57149	    3.66681	    1.20826
58.40000	    1.72782	    0.71118	    1.56897	    3.66093	    1.20952
58.60000	    1.72897	    0.71164	    1.56647	    3.65509	    1.21078
58.80000	    1.73011	    0.71210	    1.56398	    3.64930	    1.21202
59.00000	    1.73124	    0.71255	    1.56152	    3.64354	    1.21325
59.20000	    1.73236	    0.71300	    1.55907	    3.63782	    1.21448
59.40000	    1.73347	    0.71344	    1.55664	    3.63215	    1.21569
59.60000	    1.73456	    0.71388	    1.55422	    3.62651	    1.21690
59.80000	    1.73565	    0.71432	    1.55182	    3.62092	    1.21809
60.00000	    1.73673	    0.71475	    1.54944	    3.61536	    1.21928
60.20000	    1.73780	    0.71518	    1.54707	    3.60984	    1.22046
60.40000	    1.73886	    0.71560	    1.54472	    3.60436	    1.22163
60.60000	    1.73990	    0.71602	    1.54239	    3.59891	    1.22279
60.80000	    1.74094	    0.71644	    1.54007	    3.59351	    1.22394
61.00000	    1.74197	    0.71685	    1.53777	    3.58814	    1.22508
61.20000	    1.74299	    0.71726	    1.53549	    3.58281	    1.22621
61.40000	    1.74401	    0.71767	    1.53322	    3.57751	    1.22734
61.60000	    1.74501	    0.71807	    1.53096	    3.57225	    1.22846
61.80000	    1.74600	    0.71847	    1.52872	    3.56702	    1.22956
62.00000	    1.74699	    0.71886	    1.52650	    3.56183	    1.23066
62.20000	    1.74796	    0.71925	    1.52429	    3.55668	    1.23176
62.40000	    1.74893	    0.71964	    1.52210	    3.55156	    1.23284
62.60000	    1.74989	    0.72003	    1.51992	    3.54647	    1.23392
62.80000	    1.75084	    0.72041	    1.51775	    3.54142	    1.23498
63.00000	    1.75178	    0.72078	    1.51560	    3.53640	    1.23604
63.20000	    1.75272	    0.72116	    1.51346	    3.53142	    1.23710
63.40000	    1.75364	    0.72153	    1.51134	    3.52646	    1.23814
63.60000	    1.75456	    0.72190	    1.50923	    3.52154	    1.23918
63.80000	    1.75547	    0.72226	    1.50714	    3.51665	    1.24021
64.00000	    1.75637	    0.72262	    1.50506	    3.51180	    1.24123
64.20000	    1.75726	    0.72298	    1.50299	    3.50697	    1.24224
64.40000	    1.75815	    0.72333	    1.50093	    3.50218	    1.24325
64.60000	    1.75903	    0.72368	    1.49889	    3.49742	    1.24425
64.80000	    1.75990	    0.72403	    1.49687	    3.49269	    1.24524
65.00000	    1.76076	    0.72438	    1.49485	    3.48799	    1.24623
65.20000	    1.76162	    0.72472	    1.49285	    3.48331	    1.24721
65.40000	    1.76247	    0.72506	    1.49086	    3.47867	    1.24818
65.60000	    1.76331	    0.72540	    1.48888	    3.47406	    1.24914
65.80000	    1.76415	    0.72573	    1.48692	    3.46948	    1.25010
66.00000	    1.76497	    0.72606	    1.48497	    3.46493	    1.25105
66.20000	    1.76579	    0.72639	    1.48303	    3.46040	    1.25200
66.40000	    1.76661	    0.72671	    1.48110	    3.45591	    1.25293
66.60000	    1.76742	    0.72704	    1.47919	    3.45144	    1.25387
66.80000	    1.76822	    0.72736	    1.47729	    3.44700	    1.25479
67.00000	    1.76901	    0.72767	    1.47540	    3.44259	    1.25571
67.20000	    1.76980	    0.72799	    1.47352	    3.43821	    1.25662
67.40000	    1.77058	    0.72830	    1.47165	    3.43385	    1.25753
67.60000	    1.77135	    0.72861	    1.46979	    3.42952	    1.25842
67.80000	    1.77212	    0.72892	    1.46795	    3.42522	    1.25932
68.00000	    1.77288	    0.72922	    1.46612	    3.42094	    1.26020
68.20000	    1.77363	    0.72952	    1.46430	    3.41669	    1.26109
68.40000	    1.77438	    0.72982	    1.46248	    3.41246	    1.26196
68.60000	    1.77513	    0.73012	    1.46069	    3.40827	    1.26283
68.80000	    1.77586	    0.73041	    1.45890	    3.40409	    1.26369
69.00000	    1.77659	    0.73070	    1.45712	    3.39995	    1.26455
69.20000	    1.77732	    0.73099	    1.45535	    3.39582	    1.26540
69.40000	    1.77804	    0.73128	    1.45360	    3.39173	    1.26625
69.60000	    1.77875	    0.73156	    1.45185	    3.38765	    1.26708
69.80000	    1.77946	    0.73184	    1.45012	    3.38360	    1.26792
70.00000	    1.78016	    0.73212	    1.44839	    3.37958	    1.26875
70.20000	    1.78085	    0.73240	    1.44668	    3.37558	    1.26957
70.40000	    1.78154	    0.73268	    1.44497	    3.37160	    1.27039
70.60000	    1.78223	    0.73295	    1.44328	    3.36765	    1.27120
70.80000	    1.78291	    0.73322	    1.44160	    3.36372	    1.27201
71.00000	    1.78358	    0.73349	    1.43992	    3.35982	    1.27281
71.20000	    1.78425	    0.73376	    1.43826	    3.35593	    1.27360
71.40000	    1.78491	    0.73402	    1.43660	    3.35207	    1.27439
71.60000	    1.78557	    0.73428	    1.43496	    3.34824	    1.27518
71.80000	    1.78622	    0.73454	    1.43332	    3.34442	    1.27596
72.00000	    1.78687	    0.73480	    1.43170	    3.34063	    1.27673
72.20000	    1.78751	    0.73506	    1.43008	    3.33686	    1.27750
72.40000	    1.78815	    0.73531	    1.42848	    3.33311	    1.27827
72.60000	    1.78879	    0.73556	    1.42688	    3.32938	    1.27903
72.80000	    1.78941	    0.73581	    1.42529	    3.32568	    1.27978
73.00000	    1.79004	    0.73606	    1.42371	    3.32199	    1.28053
73.20000	    1.79065	    0.73631	    1.42214	    3.31833	    1.28128
73.40000	    1.79127	    0.73655	    1.42058	    3.31469	    1.28202
73.60000	    1.79188	    0.73679	    1.41903	    3.31107	    1.28276
73.80000	    1.79248	    0.73703	    1.41748	    3.30746	    1.28349
74.00000	    1.79308	    0.73727	    1.41595	    3.30388	    1.28421
74.20000	    1.79367	    0.73751	    1.41442	    3.30032	    1.28494
74.40000	    1.79426	    0.73774	    1.41291	    3.29678	    1.28565
74.60000	    1.79485	    0.73798	    1.41140	    3.29326	    1.28637
74.80000	    1.79543	    0.73821	    1.40990	    3.28976	    1.28707
75.00000	    1.79601	    0.73844	    1.40841	    3.28628	    1.28778
75.20000	    1.79658	    0.73867	    1.40692	    3.28282	    1.28848
75.40000	    1.79715	    0.73889	    1.40545	    3.27938	    1.28917
75.60000	    1.79771	    0.73912	    1.40398	    3.27596	    1.28986
75.80000	    1.79827	    0.73934	    1.40252	    3.27255	    1.29055
76.00000	    1.79882	    0.73956	    1.40107	    3.26917	    1.29123
76.20000	    1.79938	    0.73978	    1.39963	    3.26580	    1.29191
76.40000	    1.79992	    0.74000	    1.39819	    3.26245	    1.29258
76.60000	    1.80046	    0.74021	    1.39677	    3.25912	    1.29325
76.80000	    1.80100	    0.74043	    1.39535	    3.25581	    1.29392
77.00000	    1.80154	    0.74064	    1.39394	    3.25252	    1.29458
77.20000	    1.80207	    0.74085	    1.39253	    3.24924	    1.29524
77.40000	    1.80260	    0.74106	    1.39114	    3.24598	    1.29589
77.60000	    1.80312	    0.74127	    1.38975	    3.24274	    1.29654
77.80000	    1.80364	    0.74147	    1.38837	    3.23952	    1.29718
78.00000	    1.80415	    0.74168	    1.38699	    3.23632	    1.29782
78.20000	    1.80467	    0.74188	    1.38563	    3.23313	    1.29846
78.40000	    1.80517	    0.74208	    1.38427	    3.22996	    1.29909
78.60000	    1.80568	    0.74228	    1.38292	    3.22680	    1.29972
78.80000	    1.80618	    0.74248	    1.38157	    3.22367	    1.30035
79.00000	    1.80667	    0.74268	    1.38023	    3.22055	    1.30097
79.20000	    1.80717	    0.74287	    1.37890	    3.21744	    1.30159
79.40000	    1.80766	    0.74307	    1.37758	    3.21436	    1.30220
79.60000	    1.80814	    0.74326	    1.37626	    3.21128	    1.30281
79.80000	    1.80863	    0.74345	    1.37496	    3.20823	    1.30342
80.00000	    1.80910	    0.74364	    1.37365	    3.20519	    1.30403
80.20000	    1.80958	    0.74383	    1.37236	    3.20217	    1.30463
80.40000	    1.81005	    0.74402	    1.37107	    3.19916	    1.30522
80.60000	    1.81052	    0.74421	    1.36979	    3.19617	    1.30582
80.80000	    1.81099	    0.74439	    1.36851	    3.19319	    1.30640
81.00000	    1.81145	    0.74457	    1.36724	    3.19023	    1.30699
81.20000	    1.81191	    0.74476	    1.36598	    3.18729	    1.30757
81.40000	    1.81236	    0.74494	    1.36473	    3.18436	    1.30815
81.60000	    1.81282	    0.74512	    1.36348	    3.18144	    1.30873
81.80000	    1.81327	    0.74529	    1.36223	    3.17854	    1.30930
82.00000	    1.81371	    0.74547	    1.36100	    3.17566	    1.30987
82.20000	    1.81415	    0.74565	    1.35977	    3.17279	    1.31044
82.40000	    1.81459	    0.74582	    1.35854	    3.16993	    1.31100
82.60000	    1.81503	    0.74599	    1.35733	    3.16709	    1.31156
82.80000	    1.81547	    0.74617	    1.35611	    3.16427	    1.31211
83.00000	    1.81590	    0.74634	    1.35491	    3.16145	    1.31267
83.20000	    1.81632	    0.74651	    1.35371	    3.15866	    1.31322
83.40000	    1.81675	    0.74667	    1.35252	    3.15587	    1.31376
83.60000	    1.81717	    0.74684	    1.35133	    3.15310	    1.31431
83.80000	    1.81759	    0.74701	    1.35015	    3.15035	    1.31485
84.00000	    1.81800	    0.74717	    1.34897	    3.14760	    1.31538
84.20000	    1.81842	    0.74734	    1.34780	    3.14487	    1.31592
84.40000	    1.81883	    0.74750	    1.34664	    3.14216	    1.31645
84.60000	    1.81924	    0.74766	    1.34548	    3.13946	    1.31698
84.80000	    1.81964	    0.74782	    1.34433	    3.13677	    1.31750
85.00000	    1.82004	    0.74798	    1.34318	    3.13409	    1.31802
85.20000	    1.82044	    0.74814	    1.34204	    3.13143	    1.31854
85.40000	    1.82084	    0.74829	    1.34091	    3.12878	    1.31906
85.60000	    1.82123	    0.74845	    1.33978	    3.12615	    1.31957
85.80000	    1.82162	    0.74860	    1.33865	    3.12353	    1.32008
86.00000	    1.82201	    0.74876	    1.33754	    3.12092	    1.32059
86.20000	    1.82240	    0.74891	    1.33642	    3.11832	    1.32110
86.40000	    1.82278	    0.74906	    1.33532	    3.11574	    1.32160
86.60000	    1.82316	    0.74921	    1.33421	    3.11316	    1.32210
86.80000	    1.82354	    0.74936	    1.33312	    3.11060	    1.32259
87.00000	    1.82391	    0.74951	    1.33202	    3.10806	    1.32309
87.20000	    1.82429	    0.74966	    1.33094	    3.10552	    1.32358
87.40000	    1.82466	    0.74980	    1.32986	    3.10300	    1.32407
87.60000	    1.82503	    0.74995	    1.32878	    3.10049	    1.32455
87.80000	    1.82539	    0.75009	    1.32771	    3.09799	    1.32504
88.00000	    1.82576	    0.75024	    1.32664	    3.09550	    1.32552
88.20000	    1.82612	    0.75038	    1.32558	    3.09303	    1.32600
88.40000	    1.82647	    0.75052	    1.32453	    3.09057	    1.32647
88.60000	    1.82683	    0.75066	    1.32348	    3.08812	    1.32694
88.80000	    1.82718	    0.75080	    1.32243	    3.08568	    1.32741
89.00000	    1.82754	    0.75094	    1.32139	    3.08325	    1.32788
89.20000	    1.82788	    0.75108	    1.32036	    3.08083	    1.32835
89.40000	    1.82823	    0.75122	    1.31933	    3.07843	    1.32881
89.60000	    1.82858	    0.75135	    1.31830	    3.07603	    1.32927
89.80000	    1.82892	    0.75149	    1.31728	    3.07365	    1.32973
90.00000	    1.82926	    0.75162	    1.31626	    3.07128	    1.33018
90.20000	    1.82960	    0.75175	    1.31525	    3.06892	    1.33064
90.40000	    1.82993	    0.75189	    1.31424	    3.06657	    1.33109
90.60000	    1.83027	    0.75202	    1.31324	    3.06423	    1.33153
90.80000	    1.83060	    0.75215	    1.31224	    3.06190	    1.33198
91.00000	    1.83093	    0.75228	    1.31125	    3.05958	    1.33242
91.20000	    1.83125	    0.75241	    1.31026	    3.05728	    1.33286
91.40000	    1.83158	    0.75254	    1.30928	    3.05498	    1.33330
91.60000	    1.83190	    0.75266	    1.30830	    3.05270	    1.33374
91.80000	    1.83222	    0.75279	    1.30732	    3.05042	    1.33417
92.00000	    1.83254	    0.75292	    1.30635	    3.04816	    1.33461
92.20000	    1.83286	    0.75304	    1.30539	    3.04590	    1.33504
92.40000	    1.83317	    0.75317	    1.30443	    3.04366	    1.33546
92.60000	    1.83349	    0.75329	    1.30347	    3.04143	    1.33589
92.80000	    1.83380	    0.75341	    1.30252	    3.03920	    1.33631
93.00000	    1.83411	    0.75353	    1.30157	    3.03699	    1.33673
93.20000	    1.83441	    0.75365	    1.30062	    3.03479	    1.33715
93.40000	    1.83472	    0.75377	    1.29968	    3.03259	    1.33757
93.60000	    1.83502	    0.75389	    1.29875	    3.03041	    1.33798
93.80000	    1.83532	    0.75401	    1.29781	    3.02823	    1.33839
94.00000	    1.83562	    0.75413	    1.29689	    3.02607	    1.33880
94.20000	    1.83592	    0.75425	    1.29596	    3.02392	    1.33921
94.40000	    1.83621	    0.75436	    1.29504	    3.02177	    1.33962
94.60000	    1.83651	    0.75448	    1.29413	    3.01963	    1.34002
94.80000	    1.83680	    0.75459	    1.29322	    3.01751	    1.34042
95.00000	    1.83709	    0.75471	    1.29231	    3.01539	    1.34082
95.20000	    1.83738	    0.75482	    1.29141	    3.01328	    1.34122
95.40000	    1.83766	    0.75493	    1.29051	    3.01119	    1.34162
95.60000	    1.83795	    0.75505	    1.28961	    3.00910	    1.34201
95.80000	    1.83823	    0.75516	    1.28872	    3.00702	    1.34240
96.00000	    1.83851	    0.75527	    1.28783	    3.00495	    1.34279
96.20000	    1.83879	    0.75538	    1.28695	    3.00289	    1.34318
96.40000	    1.83907	    0.75549	    1.28607	    3.00083	    1.34357
96.60000	    1.83935	    0.75560	    1.28520	    2.99879	    1.34395
96.80000	    1.83962	    0.75570	    1.28432	    2.99676	    1.34433
97.00000	    1.83989	    0.75581	    1.28346	    2.99473	    1.34471
97.20000	    1.84016	    0.75592	    1.28259	    2.99271	    1.34509
97.40000	    1.84043	    0.75602	    1.28173	    2.99070	    1.34547
97.60000	    1.84070	    0.75613	    1.28087	    2.98870	    1.34584
97.80000	    1.84097	    0.75623	    1.28002	    2.98671	    1.34622
98.00000	    1.84123	    0.75634	    1.27917	    2.98473	    1.34659
98.20000	    1.84149	    0.75644	    1.27832	    2.98276	    1.34696
98.40000	    1.84176	    0.75654	    1.27748	    2.98079	    1.34732
98.60000	    1.84202	    0.75665	    1.27664	    2.97883	    1.34769
98.80000	    1.84227	    0.75675	    1.27581	    2.97688	    1.34805
99.00000	    1.84253	    0.75685	    1.27498	    2.97494	    1.34842
99.20000	    1.84279	    0.75695	    1.27415	    2.97301	    1.34878
99.40000	    1.84304	    0.75705	    1.27332	    2.97109	    1.34913
99.60000	    1.84329	    0.75715	    1.27250	    2.96917	    1.34949
99.80000	    1.84354	    0.75725	    1.27168	    2.96726	    1.34985
100.00000	    1.84379	    0.75734	    1.27087	    2.96536	    1.35020
100.20000	    1.84404	    0.75744	    1.27006	    2.96347	    1.35055
100.40000	    1.84428	    0.75754	    1.26925	    2.96159	    1.35090
100.60000	    1.84453	    0.75763	    1.26845	    2.95971	    1.35125
100.80000	    1.84477	    0.75773	    1.26765	    2.95784	    1.35160
101.00000	    1.84501	    0.75782	    1.26685	    2.95598	    1.35194
101.20000	    1.84526	    0.75792	    1.26605	    2.95413	    1.35228
101.40000	    1.84549	    0.75801	    1.26526	    2.95228	    1.35263
101.60000	    1.84573	    0.75810	    1.26448	    2.95044	    1.35297
101.80000	    1.84597	    0.75820	    1.26369	    2.94861	    1.35330
102.00000	    1.84620	    0.75829	    1.26291	    2.94679	    1.35364
102.20000	    1.84644	    0.75838	    1.26213	    2.94498	    1.35398
102.40000	    1.84667	    0.75847	    1.26136	    2.94317	    1.35431
102.60000	    1.84690	    0.75856	    1.26059	    2.94137	    1.35464
102.80000	    1.84713	    0.75865	    1.25982	    2.93957	    1.35497
103.00000	    1.84736	    0.75874	    1.25905	    2.93779	    1.35530
103.20000	    1.84758	    0.75883	    1.25829	    2.93601	    1.35563
103.40000	    1.84781	    0.75892	    1.25753	    2.93424	    1.35596
103.60000	    1.84803	    0.75901	    1.25677	    2.93247	    1.35628
103.80000	    1.84826	    0.75909	    1.25602	    2.93072	    1.35660
104.00000	    1.84848	    0.75918	    1.25527	    2.92897	    1.35693
104.20000	    1.84870	    0.75927	    1.25452	    2.92722	    1.35725
104.40000	    1.84892	    0.75935	    1.25378	    2.92549	    1.35756
104.60000	    1.84914	    0.75944	    1.25304	    2.92376	    1.35788
104.80000	    1.84935	    0.75952	    1.25230	    2.92204	    1.35820
105.00000	    1.84957	    0.75961	    1.25157	    2.92032	    1.35851
105.20000	    1.84978	    0.75969	    1.25084	    2.91862	    1.35882
105.40000	    1.84999	    0.75978	    1.25011	    2.91691	    1.35913
105.60000	    1.85021	    0.75986	    1.24938	    2.91522	    1.35944
105.80000	    1.85042	    0.75994	    1.24866	    2.91353	    1.35975
106.00000	    1.85063	    0.76002	    1.24794	    2.91185	    1.36006
106.20000	    1.85083	    0.76010	    1.24722	    2.91018	    1.36037
106.40000	    1.85104	    0.76018	    1.24650	    2.90851	    1.36067
106.60000	    1.85125	    0.76027	    1.24579	    2.90685	    1.36097
106.80000	    1.85145	    0.76035	    1.24508	    2.90519	    1.36127
107.00000	    1.85165	    0.76042	    1.24438	    2.90354	    1.36157
107.20000	    1.85186	    0.76050	    1.24367	    2.90190	    1.36187
107.40000	    1.85206	    0.76058	    1.24297	    2.90027	    1.36217
107.60000	    1.85226	    0.76066	    1.24227	    2.89864	    1.36247
107.80000	    1.85246	    0.76074	    1.24158	    2.89701	    1.36276
108.00000	    1.85266	    0.76082	    1.24088	    2.89540	    1.36306
108.20000	    1.85285	    0.76089	    1.24019	    2.89379	    1.36335
108.40000	    1.85305	    0.76097	    1.23951	    2.89218	    1.36364
108.60000	    1.85324	    0.76105	    1.23882	    2.89059	    1.36393
108.80000	    1.85344	    0.76112	    1.23814	    2.88899	    1.36422
109.00000	    1.85363	    0.76120	    1.23746	    2.88741	    1.36450
109.20000	    1.85382	    0.76127	    1.23678	    2.88583	    1.36479
109.40000	    1.85401	    0.76135	    1.23611	    2.88426	    1.36507
109.60000	    1.85420	    0.76142	    1.23544	    2.88269	    1.36536
109.80000	    1.85439	    0.76149	    1.23477	    2.88113	    1.36564
110.00000	    1.85458	    0.76157	    1.23410	    2.87957	    1.36592
110.20000	    1.85476	    0.76164	    1.23344	    2.87802	    1.36620
110.40000	    1.85495	    0.76171	    1.23278	    2.87648	    1.36648
110.60000	    1.85513	    0.76178	    1.23212	    2.87494	    1.36676
110.80000	    1.85531	    0.76186	    1.23146	    2.87341	    1.36703
111.00000	    1.85550	    0.76193	    1.23081	    2.87188	    1.36731
111.20000	    1.85568	    0.76200	    1.23016	    2.87036	    1.36758
111.40000	    1.85586	    0.76207	    1.22951	    2.86885	    1.36785
111.60000	    1.85604	    0.76214	    1.22886	    2.86734	    1.36812
111.80000	    1.85622	    0.76221	    1.22822	    2.86584	    1.36839
112.00000	    1.85639	    0.76228	    1.22757	    2.86434	    1.36866
112.20000	    1.85657	    0.76234	    1.22693	    2.86285	    1.36893
112.40000	    1.85675	    0.76241	    1.22630	    2.86136	    1.36920
112.60000	    1.85692	    0.76248	    1.22566	    2.85988	    1.36946
112.80000	    1.85709	    0.76255	    1.22503	    2.85840	    1.36973
113.00000	    1.85727	    0.76262	    1.22440	    2.85693	    1.36999
113.20000	    1.85744	    0.76268	    1.22377	    2.85547	    1.37025
113.40000	    1.85761	    0.76275	    1.22315	    2.85401	    1.37051
113.60000	    1.85778	    0.76282	    1.22252	    2.85255	    1.37077
113.80000	    1.85795	    0.76288	    1.22190	    2.85111	    1.37103
114.00000	    1.85812	    0.76295	    1.22128	    2.84966	    1.37129
114.20000	    1.85828	    0.76301	    1.22067	    2.84823	    1.37155
114.40000	    1.85845	    0.76308	    1.22005	    2.84679	    1.37180
114.60000	    1.85862	    0.76314	    1.21944	    2.84537	    1.37206
114.80000	    1.85878	    0.76321	    1.21883	    2.84394	    1.37231
115.00000	    1.85894	    0.76327	    1.21823	    2.84253	    1.37256
115.20000	    1.85911	    0.76333	    1.21762	    2.84112	    1.37281
115.40000	    1.85927	    0.76340	    1.21702	    2.83971	    1.37306
115.60000	    1.85943	    0.76346	    1.21642	    2.83831	    1.37331
115.80000	    1.85959	    0.76352	    1.21582	    2.83691	    1.37356
116.00000	    1.85975	    0.76358	    1.21522	    2.83552	    1.37381
116.20000	    1.85991	    0.76365	    1.21463	    2.83413	    1.37405
116.40000	    1.86007	    0.76371	    1.21404	    2.83275	    1.37430
116.60000	    1.86022	    0.76377	    1.21345	    2.83138	    1.37454
116.80000	    1.86038	    0.76383	    1.21286	    2.83000	    1.37478
117.00000	    1.86053	    0.76389	    1.21227	    2.82864	    1.37503
117.20000	    1.86069	    0.76395	    1.21169	    2.82728	    1.37527
117.40000	    1.86084	    0.76401	    1.21111	    2.82592	    1.37551
117.60000	    1.86100	    0.76407	    1.21053	    2.82457	    1.37575
117.80000	    1.86115	    0.76413	    1.20995	    2.82322	    1.37598
118.00000	    1.86130	    0.76419	    1.20938	    2.82188	    1.37622
118.20000	    1.86145	    0.76425	    1.20880	    2.82054	    1.37646
118.40000	    1.86160	    0.76430	    1.20823	    2.81921	    1.37669
118.60000	    1.86175	    0.76436	    1.20766	    2.81788	    1.37693
118.80000	    1.86190	    0.76442	    1.20709	    2.81655	    1.37716
119.00000	    1.86205	    0.76448	    1.20653	    2.81524	    1.37739
119.20000	    1.86219	    0.76453	    1.20597	    2.81392	    1.37762
119.40000	    1.86234	    0.76459	    1.20541	    2.81261	    1.37785
119.60000	    1.86248	    0.76465	    1.20485	    2.81131	    1.37808
119.80000	    1.86263	    0.76470	    1.20429	    2.81001	    1.37831
120.00000	    1.86277	    0.76476	    1.20373	    2.80871	    1.37854
120.20000	    1.86292	    0.76481	    1.20318	    2.80742	    1.37877
120.40000	    1.86306	    0.76487	    1.20263	    2.80613	    1.37899
120.60000	    1.86320	    0.76492	    1.20208	    2.80485	    1.37922
120.80000	    1.86334	    0.76498	    1.20153	    2.80357	    1.37944
121.00000	    1.86348	    0.76503	    1.20098	    2.80230	    1.37966
121.20000	    1.86362	    0.76509	    1.20044	    2.80103	    1.37989
121.40000	    1.86376	    0.76514	    1.19990	    2.79976	    1.38011
121.60000	    1.86390	    0.76520	    1.19936	    2.79850	    1.38033
121.80000	    1.86404	    0.76525	    1.19882	    2.79725	    1.38055
122.00000	    1.86417	    0.76530	    1.19828	    2.79600	    1.38077
122.20000	    1.86431	    0.76536	    1.19775	    2.79475	    1.38098
122.40000	    1.86444	    0.76541	    1.19722	    2.79350	    1.38120
122.60000	    1.86458	    0.76546	    1.19669	    2.79227	    1.38142
122.80000	    1.86471	    0.76551	    1.19616	    2.79103	    1.38163
123.00000	    1.86485	    0.76556	    1.19563	    2.78980	    1.38185
123.20000	    1.86498	    0.76562	    1.19510	    2.78857	    1.38206
123.40000	    1.86511	    0.76567	    1.19458	    2.78735	    1.38227
123.60000	    1.86524	    0.76572	    1.19406	    2.78613	    1.38249
123.80000	    1.86537	    0.76577	    1.19354	    2.78492	    1.38270
124.00000	    1.86550	    0.76582	    1.19302	    2.78371	    1.38291
124.20000	    1.86563	    0.76587	    1.19250	    2.78250	    1.38312
124.40000	    1.86576	    0.76592	    1.19199	    2.78130	    1.38332
124.60000	    1.86589	    0.76597	    1.19147	    2.78010	    1.38353
124.80000	    1.86602	    0.76602	    1.19096	    2.77891	    1.38374
125.00000	    1.86615	    0.76607	    1.19045	    2.77772	    1.38395
125.20000	    1.86627	    0.76612	    1.18994	    2.77654	    1.38415
125.40000	    1.86640	    0.76616	    1.18944	    2.77535	    1.38436
125.60000	    1.86652	    0.76621	    1.18893	    2.77418	    1.38456
125.80000	    1.86665	    0.76626	    1.18843	    2.77300	    1.38476
126.00000	    1.86677	    0.76631	    1.18793	    2.77183	    1.38497
126.20000	    1.86689	    0.76636	    1.18743	    2.77067	    1.38517
126.40000	    1.86702	    0.76640	    1.18693	    2.76950	    1.38537
126.60000	    1.86714	    0.76645	    1.18643	    2.76834	    1.38557
126.80000	    1.86726	    0.76650	    1.18594	    2.76719	    1.38577
127.00000	    1.86738	    0.76655	    1.18545	    2.76604	    1.38597
127.20000	    1.86750	    0.76659	    1.18495	    2.76489	    1.38616
127.40000	    1.86762	    0.76664	    1.18446	    2.76375	    1.38636
127.60000	    1.86774	    0.76668	    1.18398	    2.76261	    1.38656
127.80000	    1.86786	    0.76673	    1.18349	    2.76147	    1.38675
128.00000	    1.86798	    0.76678	    1.18300	    2.76034	    1.38695
128.20000	    1.86810	    0.76682	    1.18252	    2.75921	    1.38714
128.40000	    1.86821	    0.76687	    1.18204	    2.75809	    1.38733
128.60000	    1.86833	    0.76691	    1.18156	    2.75697	    1.38753
128.80000	    1.86845	    0.76696	    1.18108	    2.75585	    1.38772
129.00000	    1.86856	    0.76700	    1.18060	    2.75474	    1.38791
129.20000	    1.86868	    0.76705	    1.18013	    2.75363	    1.38810
129.40000	    1.86879	    0.76709	    1.17965	    2.75252	    1.38829
129.60000	    1.86890	    0.76713	    1.17918	    2.75142	    1.38848
129.80000	    1.86902	    0.76718	    1.17871	    2.75032	    1.38867
130.00000	    1.86913	    0.76722	    1.17824	    2.74922	    1.38886
130.20000	    1.86924	    0.76726	    1.17777	    2.74813	    1.38904
130.40000	    1.86935	    0.76731	    1.17730	    2.74704	    1.38923
130.60000	    1.86946	    0.76735	    1.17684	    2.74595	    1.38941
130.80000	    1.86958	    0.76739	    1.17637	    2.74487	    1.38960
131.00000	    1.86969	    0.76744	    1.17591	    2.74379	    1.38978
131.20000	    1.86979	    0.76748	    1.17545	    2.74272	    1.38997
131.40000	    1.86990	    0.76752	    1.17499	    2.74165	    1.39015
131.60000	    1.87001	    0.76756	    1.17453	    2.74058	    1.39033
131.80000	    1.87012	    0.76760	    1.17408	    2.73951	    1.39051
132.00000	    1.87023	    0.76764	    1.17362	    2.73845	    1.39069
132.20000	    1.87033	    0.76769	    1.17317	    2.73739	    1.39087
132.40000	    1.87044	    0.76773	    1.17272	    2.73634	    1.39105
132.60000	    1.87055	    0.76777	    1.17227	    2.73529	    1.39123
132.80000	    1.87065	    0.76781	    1.17182	    2.73424	    1.39141
133.00000	    1.87076	    0.76785	    1.17137	    2.73319	    1.39159
133.20000	    1.87086	    0.76789	    1.17092	    2.73215	    1.39177
133.40000	    1.87097	    0.76793	    1.17048	    2.73111	    1.39194
133.60000	    1.87107	    0.76797	    1.17003	    2.73008	    1.39212
133.80000	    1.87117	    0.76801	    1.16959	    2.72905	    1.39229
134.00000	    1.87128	    0.76805	    1.16915	    2.72802	    1.39247
134.20000	    1.87138	    0.76809	    1.16871	    2.72699	    1.39264
134.40000	    1.87148	    0.76813	    1.16827	    2.72597	    1.39281
134.60000	    1.87158	    0.76817	    1.16784	    2.72495	    1.39299
134.80000	    1.87168	    0.76820	    1.16740	    2.72393	    1.39316
135.00000	    1.87178	    0.76824	    1.16697	    2.72292	    1.39333
135.20000	    1.87188	    0.76828	    1.16653	    2.72191	    1.39350
135.40000	    1.87198	    0.76832	    1.16610	    2.72091	    1.39367
135.60000	    1.87208	    0.76836	    1.16567	    2.71990	    1.39384
135.80000	    1.87218	    0.76840	    1.16524	    2.71890	    1.39401
136.00000	    1.87228	    0.76843	    1.16482	    2.71790	    1.39418
136.20000	    1.87237	    0.76847	    1.16439	    2.71691	    1.39435
136.40000	    1.87247	    0.76851	    1.16397	    2.71592	    1.39451
136.60000	    1.87257	    0.76855	    1.16354	    2.71493	    1.39468
136.80000	    1.87266	    0.76858	    1.16312	    2.71395	    1.39484
137.00000	    1.87276	    0.76862	    1.16270	    2.71296	    1.39501
137.20000	    1.87285	    0.76866	    1.16228	    2.71198	    1.39518
137.40000	    1.87295	    0.76869	    1.16186	    2.71101	    1.39534
137.60000	    1.87304	    0.76873	    1.16144	    2.71003	    1.39550
137.80000	    1.87314	    0.76877	    1.16103	    2.70906	    1.39567
138.00000	    1.87323	    0.76880	    1.16061	    2.70810	    1.39583
138.20000	    1.87333	    0.76884	    1.16020	    2.70713	    1.39599
138.40000	    1.87342	    0.76887	    1.15979	    2.70617	    1.39615
138.60000	    1.87351	    0.76891	    1.15938	    2.70521	    1.39631
138.80000	    1.87360	    0.76894	    1.15897	    2.70426	    1.39647
139.00000	    1.87369	    0.76898	    1.15856	    2.70330	    1.39663
139.20000	    1.87379	    0.76901	    1.15815	    2.70235	    1.39679
139.40000	    1.87388	    0.76905	    1.15775	    2.70141	    1.39695
139.60000	    1.87397	    0.76908	    1.15734	    2.70046	    1.39711
139.80000	    1.87406	    0.76912	    1.15694	    2.69952	    1.39727
140.00000	    1.87415	    0.76915	    1.15654	    2.69858	    1.39742
140.20000	    1.87424	    0.76919	    1.15613	    2.69765	    1.39758
140.40000	    1.87432	    0.76922	    1.15573	    2.69671	    1.39773
140.60000	    1.87441	    0.76925	    1.15534	    2.69578	    1.39789
140.80000	    1.87450	    0.76929	    1.15494	    2.69486	    1.39805
141.00000	    1.87459	    0.76932	    1.15454	    2.69393	    1.39820
141.20000	    1.87468	    0.76936	    1.15415	    2.69301	    1.39835
141.40000	    1.87476	    0.76939	    1.15375	    2.69209	    1.39851
141.60000	    1.87485	    0.76942	    1.15336	    2.69117	    1.39866
141.80000	    1.87493	    0.76945	    1.15297	    2.69026	    1.39881
142.00000	    1.87502	    0.76949	    1.15258	    2.68935	    1.39896
142.20000	    1.87511	    0.76952	    1.15219	    2.68844	    1.39911
142.40000	    1.87519	    0.76955	    1.15180	    2.68753	    1.39926
142.60000	    1.87528	    0.76959	    1.15141	    2.68663	    1.39942
142.80000	    1.87536	    0.76962	    1.15103	    2.68573	    1.39956
143.00000	    1.87544	    0.76965	    1.15064	    2.68483	    1.39971
143.20000	    1.87553	    0.76968	    1.15026	    2.68393	    1.39986
143.40000	    1.87561	    0.76971	    1.14988	    2.68304	    1.40001
143.60000	    1.87569	    0.76975	    1.14949	    2.68215	    1.40016
143.80000	    1.87578	    0.76978	    1.14911	    2.68126	    1.40031
144.00000	    1.87586	    0.76981	    1.14873	    2.68038	    1.40045
144.20000	    1.87594	    0.76984	    1.14836	    2.67950	    1.40060
144.40000	    1.87602	    0.76987	    1.14798	    2.67862	    1.40074
144.60000	    1.87610	    0.76990	    1.14760	    2.67774	    1.40089
144.80000	    1.87618	    0.76993	    1.14723	    2.67686	    1.40103
145.00000	    1.87626	    0.76996	    1.14685	    2.67599	    1.40118
145.20000	    1.87634	    0.76999	    1.14648	    2.67512	    1.40132
145.40000	    1.87642	    0.77002	    1.14611	    2.67425	    1.40147
145.60000	    1.87650	    0.77006	    1.14574	    2.67339	    1.40161
145.80000	    1.87658	    0.77009	    1.14537	    2.67253	    1.40175
146.00000	    1.87666	    0.77012	    1.14500	    2.67167	    1.40189
146.20000	    1.87674	    0.77015	    1.14463	    2.67081	    1.40203
146.40000	    1.87682	    0.77018	    1.14427	    2.66995	    1.40217
146.60000	    1.87689	    0.77020	    1.14390	    2.66910	    1.40232
146.80000	    1.87697	    0.77023	    1.14354	    2.66825	    1.40246
147.00000	    1.87705	    0.77026	    1.14317	    2.66740	    1.40259
147.20000	    1.87712	    0.77029	    1.14281	    2.66656	    1.40273
147.40000	    1.87720	    0.77032	    1.14245	    2.66571	    1.40287
147.60000	    1.87728	    0.77035	    1.14209	    2.66487	    1.40301
147.80000	    1.87735	    0.77038	    1.14173	    2.66404	    1.40315
148.00000	    1.87743	    0.77041	    1.14137	    2.66320	    1.40329
148.20000	    1.87750	    0.77044	    1.14101	    2.66237	    1.40342
148.40000	    1.87758	    0.77047	    1.14066	    2.66154	    1.40356
148.60000	    1.87765	    0.77049	    1.14030	    2.66071	    1.40370
148.80000	    1.87773	    0.77052	    1.13995	    2.65988	    1.40383
149.00000	    1.87780	    0.77055	    1.13960	    2.65906	    1.40397
149.20000	    1.87787	    0.77058	    1.13924	    2.65823	    1.40410
149.40000	    1.87795	    0.77061	    1.13889	    2.65741	    1.40423
149.60000	    1.87802	    0.77063	    1.13854	    2.65660	    1.40437
149.80000	    1.87809	    0.77066	    1.13819	    2.65578	    1.40450
150.00000	    1.87816	    0.77069	    1.13784	    2.65497	    1.40463
150.20000	    1.87824	    0.77072	    1.13750	    2.65416	    1.40477
150.40000	    1.87831	    0.77074	    1.13715	    2.65335	    1.40490
150.60000	    1.87838	    0.77077	    1.13680	    2.65254	    1.40503
150.80000	    1.87845	    0.77080	    1.13646	    2.65174	    1.40516
151.00000	    1.87852	    0.77083	    1.13612	    2.65094	    1.40529
151.20000	    1.87859	    0.77085	    1.13577	    2.65014	    1.40542
151.40000	    1.87866	    0.77088	    1.13543	    2.64934	    1.40555
151.60000	    1.87873	    0.77091	    1.13509	    2.64855	    1.40568
151.80000	    1.87880	    0.77093	    1.13475	    2.64775	    1.40581
152.00000	    1.87887	    0.77096	    1.13441	    2.64696	    1.40594
152.20000	    1.87894	    0.77099	    1.13407	    2.64617	    1.40607
152.40000	    1.87901	    0.77101	    1.13374	    2.64539	    1.40620
152.60000	    1.87908	    0.77104	    1.13340	    2.64460	    1.40633
152.80000	    1.87914	    0.77106	    1.13307	    2.64382	    1.40645
153.00000	    1.87921	    0.77109	    1.13273	    2.64304	    1.40658
153.20000	    1.87928	    0.77112	    1.13240	    2.64226	    1.40671
153.40000	    1.87935	    0.77114	    1.13207	    2.64149	    1.40683
153.60000	    1.87941	    0.77117	    1.13173	    2.64071	    1.40696
153.80000	    1.87948	    0.77119	    1.13140	    2.63994	    1.40708
154.00000	    1.87955	    0.77122	    1.13107	    2.63917	    1.40721
154.20000	    1.87961	    0.77124	    1.13075	    2.63841	    1.40733
154.40000	    1.87968	    0.77127	    1.13042	    2.63764	    1.40746
154.60000	    1.87975	    0.77129	    1.13009	    2.63688	    1.40758
154.80000	    1.87981	    0.77132	    1.12976	    2.63612	    1.40770
155.00000	    1.87988	    0.77134	    1.12944	    2.63536	    1.40783
155.20000	    1.87994	    0.77137	    1.12911	    2.63460	    1.40795
155.40000	    1.88001	    0.77139	    1.12879	    2.63384	    1.40807
155.60000	    1.88007	    0.77142	    1.12847	    2.63309	    1.40819
155.80000	    1.88013	    0.77144	    1.12815	    2.63234	    1.40831
156.00000	    1.88020	    0.77146	    1.12782	    2.63159	    1.40843
156.20000	    1.88026	    0.77149	    1.12750	    2.63084	    1.40855
156.40000	    1.88032	    0.77151	    1.12719	    2.63010	    1.40868
156.60000	    1.88039	    0.77154	    1.12687	    2.62936	    1.40880
156.80000	    1.88045	    0.77156	    1.12655	    2.62861	    1.40891
157.00000	    1.88051	    0.77158	    1.12623	    2.62788	    1.40903
157.20000	    1.88058	    0.77161	    1.12592	    2.62714	    1.40915
157.40000	    1.88064	    0.77163	    1.12560	    2.62640	    1.40927
157.60000	    1.88070	    0.77166	    1.12529	    2.62567	    1.40939
157.80000	    1.88076	    0.77168	    1.12497	    2.62494	    1.40951
158.00000	    1.88082	    0.77170	    1.12466	    2.62421	    1.40962
158.20000	    1.88088	    0.77173	    1.12435	    2.62348	    1.40974
158.40000	    1.88094	    0.77175	    1.12404	    2.62276	    1.40986
158.60000	    1.88101	    0.77177	    1.12373	    2.62203	    1.40997
158.80000	    1.88107	    0.77179	    1.12342	    2.62131	    1.41009
159.00000	    1.88113	    0.77182	    1.12311	    2.62059	    1.41021
159.20000	    1.88119	    0.77184	    1.12280	    2.61987	    1.41032
159.40000	    1.88125	    0.77186	    1.12250	    2.61916	    1.41044
159.60000	    1.88130	    0.77188	    1.12219	    2.61844	    1.41055
159.80000	    1.88136	    0.77191	    1.12188	    2.61773	    1.41066
160.00000	    1.88142	    0.77193	    1.12158	    2.61702	    1.41078
160.20000	    1.88148	    0.77195	    1.12128	    2.61631	    1.41089
160.40000	    1.88154	    0.77197	    1.12097	    2.61560	    1.41101
160.60000	    1.88160	    0.77200	    1.12067	    2.61490	    1.41112
160.80000	    1.88166	    0.77202	    1.12037	    2.61419	    1.41123
161.00000	    1.88171	    0.77204	    1.12007	    2.61349	    1.41134
161.20000	    1.88177	    0.77206	    1.11977	    2.61279	    1.41145
161.40000	    1.88183	    0.77208	    1.11947	    2.61210	    1.41157
161.60000	    1.88189	    0.77211	    1.11917	    2.61140	    1.41168
161.80000	    1.88194	    0.77213	    1.11887	    2.61070	    1.41179
162.00000	    1.88200	    0.77215	    1.11858	    2.61001	    1.41190
162.20000	    1.88206	    0.77217	    1.11828	    2.60932	    1.41201
162.40000	    1.88211	    0.77219	    1.11799	    2.60863	    1.41212
162.60000	    1.88217	    0.77221	    1.11769	    2.60795	    1.41223
162.80000	    1.88222	    0.77223	    1.11740	    2.60726	    1.41234
163.00000	    1.88228	    0.77225	    1.11710	    2.60658	    1.41245
163.20000	    1.88234	    0.77228	    1.11681	    2.60589	    1.41256
163.40000	    1.88239	    0.77230	    1.11652	    2.60521	    1.41266
163.60000	    1.88245	    0.77232	    1.11623	    2.60454	    1.41277
163.80000	    1.88250	    0.77234	    1.11594	    2.60386	    1.41288
164.00000	    1.88256	    0.77236	    1.11565	    2.60318	    1.41299
164.20000	    1.88261	    0.77238	    1.11536	    2.60251	    1.41309
164.40000	    1.88266	    0.77240	    1.11507	    2.60184	    1.41320
164.60000	    1.88272	    0.77242	    1.11479	    2.60117	    1.41331
164.80000	    1.88277	    0.77244	    1.11450	    2.60050	    1.41341
165.00000	    1.88282	    0.77246	    1.11421	    2.59983	    1.41352
165.20000	    1.88288	    0.77248	    1.11393	    2.59917	    1.41362
165.40000	    1.88293	    0.77250	    1.11365	    2.59851	    1.41373
165.60000	    1.88298	    0.77252	    1.11336	    2.59785	    1.41383
165.80000	    1.88304	    0.77254	    1.11308	    2.59719	    1.41394
166.00000	    1.88309	    0.77256	    1.11280	    2.59653	    1.41404
166.20000	    1.88314	    0.77258	    1.11252	    2.59587	    1.41415
166.40000	    1.88319	    0.77260	    1.11224	    2.59522	    1.41425
166.60000	    1.88325	    0.77262	    1.11196	    2.59456	    1.41435
166.80000	    1.88330	    0.77264	    1.11168	    2.59391	    1.41446
167.00000	    1.88335	    0.77266	    1.11140	    2.59326	    1.41456
167.20000	    1.88340	    0.77268	    1.11112	    2.59261	    1.41466
167.40000	    1.88345	    0.77270	    1.11084	    2.59197	    1.41476
167.60000	    1.88350	    0.77272	    1.11057	    2.59132	    1.41487
167.80000	    1.88355	    0.77274	    1.11029	    2.59068	    1.41497
168.00000	    1.88360	    0.77275	    1.11001	    2.59003	    1.41507
168.20000	    1.88365	    0.77277	    1.10974	    2.58939	    1.41517
168.40000	    1.88370	    0.77279	    1.10947	    2.58876	    1.41527
168.60000	    1.88375	    0.77281	    1.10919	    2.58812	    1.41537
168.80000	    1.88380	    0.77283	    1.10892	    2.58748	    1.41547
169.00000	    1.88385	    0.77285	    1.10865	    2.58685	    1.41557
169.20000	    1.88390	    0.77287	    1.10838	    2.58622	    1.41567
169.40000	    1.88395	    0.77289	    1.10811	    2.58558	    1.41577
169.60000	    1.88400	    0.77290	    1.10784	    2.58495	    1.41587
169.80000	    1.88405	    0.77292	    1.10757	    2.58433	    1.41597
170.00000	    1.88410	    0.77294	    1.10730	    2.58370	    1.41607
170.20000	    1.88415	    0.77296	    1.10703	    2.58308	    1.41616
170.40000	    1.88419	    0.77298	    1.10677	    2.58245	    1.41626
170.60000	    1.88424	    0.77300	    1.10650	    2.58183	    1.41636
170.80000	    1.88429	    0.77301	    1.10623	    2.58121	    1.41646
171.00000	    1.88434	    0.77303	    1.10597	    2.58059	    1.41655
171.20000	    1.88439	    0.77305	    1.10570	    2.57997	    1.41665
171.40000	    1.88443	    0.77307	    1.10544	    2.57936	    1.41675
171.60000	    1.88448	    0.77308	    1.10518	    2.57874	    1.41684
171.80000	    1.88453	    0.77310	    1.10491	    2.57813	    1.41694
172.00000	    1.88457	    0.77312	    1.10465	    2.57752	    1.41704
172.20000	    1.88462	    0.77314	    1.10439	    2.57691	    1.41713
172.40000	    1.88467	    0.77316	    1.10413	    2.57630	    1.41723
172.60000	    1.88471	    0.77317	    1.10387	    2.57569	    1.41732
172.80000	    1.88476	    0.77319	    1.10361	    2.57509	    1.41742
173.00000	    1.88481	    0.77321	    1.10335	    2.57448	    1.41751
173.20000	    1.88485	    0.77322	    1.10309	    2.57388	    1.41761
173.40000	    1.88490	    0.77324	    1.10283	    2.57328	    1.41770
173.60000	    1.88494	    0.77326	    1.10258	    2.57268	    1.41779
173.80000	    1.88499	    0.77328	    1.10232	    2.57208	    1.41789
174.00000	    1.88503	    0.77329	    1.10207	    2.57149	    1.41798
174.20000	    1.88508	    0.77331	    1.10181	    2.57089	    1.41807
174.40000	    1.88512	    0.77333	    1.10156	    2.57030	    1.41817
174.60000	    1.88517	    0.77334	    1.10130	    2.56970	    1.41826
174.80000	    1.88521	    0.77336	    1.10105	    2.56911	    1.41835
175.00000	    1.88526	    0.77338	    1.10080	    2.56852	    1.41844
175.20000	    1.88530	    0.77339	    1.10054	    2.56793	    1.41853
175.40000	    1.88535	    0.77341	    1.10029	    2.56735	    1.41862
175.60000	    1.88539	    0.77343	    1.10004	    2.56676	    1.41872
175.80000	    1.88543	    0.77344	    1.09979	    2.56618	    1.41881
176.00000	    1.88548	    0.77346	    1.09954	    2.56559	    1.41890
176.20000	    1.88552	    0.77348	    1.09929	    2.56501	    1.41899
176.40000	    1.88556	    0.77349	    1.09904	    2.56443	    1.41908
176.60000	    1.88561	    0.77351	    1.09879	    2.56385	    1.41917
176.80000	    1.88565	    0.77352	    1.09855	    2.56328	    1.41926
177.00000	    1.88569	    0.77354	    1.09830	    2.56270	    1.41935
177.20000	    1.88573	    0.77356	    1.09805	    2.56213	    1.41944
177.40000	    1.88578	    0.77357	    1.09781	    2.56155	    1.41953
177.60000	    1.88582	    0.77359	    1.09756	    2.56098	    1.41961
177.80000	    1.88586	    0.77360	    1.09732	    2.56041	    1.41970
178.00000	    1.88590	    0.77362	    1.09707	    2.55984	    1.41979
178.20000	    1.88595	    0.77363	    1.09683	    2.55927	    1.41988
178.40000	    1.88599	    0.77365	    1.09659	    2.55871	    1.41997
178.60000	    1.88603	    0.77367	    1.09635	    2.55814	    1.42005
178.80000	    1.88607	    0.77368	    1.09610	    2.55758	    1.42014
179.00000	    1.88611	    0.77370	    1.09586	    2.55701	    1.42023
179.20000	    1.88615	    0.77371	    1.09562	    2.55645	    1.42032
179.40000	    1.88619	    0.77373	    1.09538	    2.55589	    1.42040
179.60000	    1.88623	    0.77374	    1.09514	    2.55533	    1.42049
179.80000	    1.88627	    0.77376	    1.09490	    2.55478	    1.42057
180.00000	    1.88632	    0.77377	    1.09467	    2.55422	    1.42066
180.20000	    1.88636	    0.77379	    1.09443	    2.55366	    1.42075
180.40000	    1.88640	    0.77380	    1.09419	    2.55311	    1.42083
180.60000	    1.88644	    0.77382	    1.09395	    2.55256	    1.42092
180.80000	    1.88648	    0.77383	    1.09372	    2.55201	    1.42100
181.00000	    1.88652	    0.77385	    1.09348	    2.55146	    1.42109
181.20000	    1.88656	    0.77386	    1.09325	    2.55091	    1.42117
181.40000	    1.88659	    0.77388	    1.09301	    2.55036	    1.42126
181.60000	    1.88663	    0.77389	    1.09278	    2.54981	    1.42134
181.80000	    1.88667	    0.77391	    1.09254	    2.54927	    1.42142
182.00000	    1.88671	    0.77392	    1.09231	    2.54873	    1.42151
182.20000	    1.88675	    0.77394	    1.09208	    2.54818	    1.42159
182.40000	    1.88679	    0.77395	    1.09185	    2.54764	    1.42167
182.60000	    1.88683	    0.77397	    1.09162	    2.54710	    1.42176
182.80000	    1.88687	    0.77398	    1.09138	    2.54656	    1.42184
183.00000	    1.88691	    0.77399	    1.09115	    2.54603	    1.42192
183.20000	    1.88694	    0.77401	    1.09092	    2.54549	    1.42200
183.40000	    1.88698	    0.77402	    1.09069	    2.54495	    1.42209
183.60000	    1.88702	    0.77404	    1.09047	    2.54442	    1.42217
183.80000	    1.88706	    0.77405	    1.09024	    2.54389	    1.42225
184.00000	    1.88710	    0.77406	    1.09001	    2.54336	    1.42233
184.20000	    1.88713	    0.77408	    1.08978	    2.54283	    1.42241
184.40000	    1.88717	    0.77409	    1.08956	    2.54230	    1.42249
184.60000	    1.88721	    0.77411	    1.08933	    2.54177	    1.42258
184.80000	    1.88725	    0.77412	    1.08910	    2.54124	    1.42266
185.00000	    1.88728	    0.77413	    1.08888	    2.54072	    1.42274
185.20000	    1.88732	    0.77415	    1.08865	    2.54019	    1.42282
185.40000	    1.88736	    0.77416	    1.08843	    2.53967	    1.42290
185.60000	    1.88739	    0.77418	    1.08821	    2.53915	    1.42298
185.80000	    1.88743	    0.77419	    1.08798	    2.53863	    1.42306
186.00000	    1.88747	    0.77420	    1.08776	    2.53811	    1.42314
186.20000	    1.88750	    0.77422	    1.08754	    2.53759	    1.42322
186.40000	    1.88754	    0.77423	    1.08732	    2.53707	    1.42329
186.60000	    1.88758	    0.77424	    1.08709	    2.53655	    1.42337
186.80000	    1.88761	    0.77426	    1.08687	    2.53604	    1.42345
187.00000	    1.88765	    0.77427	    1.08665	    2.53552	    1.42353
187.20000	    1.88768	    0.77428	    1.08643	    2.53501	    1.42361
187.40000	    1.88772	    0.77430	    1.08621	    2.53450	    1.42369
187.60000	    1.88775	    0.77431	    1.08600	    2.53399	    1.42376
187.80000	    1.88779	    0.77432	    1.08578	    2.53348	    1.42384
188.00000	    1.88782	    0.77434	    1.08556	    2.53297	    1.42392
188.20000	    1.88786	    0.77435	    1.08534	    2.53246	    1.42400
188.40000	    1.88789	    0.77436	    1.08513	    2.53196	    1.42407
188.60000	    1.88793	    0.77438	    1.08491	    2.53145	    1.42415
188.80000	    1.88796	    0.77439	    1.08469	    2.53095	    1.42423
189.00000	    1.88800	    0.77440	    1.08448	    2.53045	    1.42430
189.20000	    1.88803	    0.77441	    1.08426	    2.52995	    1.42438
189.40000	    1.88807	    0.77443	    1.08405	    2.52944	    1.42446
189.60000	    1.88810	    0.77444	    1.08383	    2.52895	    1.42453
189.80000	    1.88814	    0.77445	    1.08362	    2.52845	    1.42461
190.00000	    1.88817	    0.77446	    1.08341	    2.52795	    1.42468
190.20000	    1.88820	    0.77448	    1.08319	    2.52745	    1.42476
190.40000	    1.88824	    0.77449	    1.08298	    2.52696	    1.42483
190.60000	    1.88827	    0.77450	    1.08277	    2.52646	    1.42491
190.80000	    1.88830	    0.77451	    1.08256	    2.52597	    1.42498
191.00000	    1.88834	    0.77453	    1.08235	    2.52548	    1.42506
191.20000	    1.88837	    0.77454	    1.08214	    2.52499	    1.42513
191.40000	    1.88840	    0.77455	    1.08193	    2.52450	    1.42521
191.60000	    1.88844	    0.77456	    1.08172	    2.52401	    1.42528
191.80000	    1.88847	    0.77458	    1.08151	    2.52352	    1.42535
192.00000	    1.88850	    0.77459	    1.08130	    2.52304	    1.42543
192.20000	    1.88854	    0.77460	    1.08109	    2.52255	    1.42550
192.40000	    1.88857	    0.77461	    1.08089	    2.52207	    1.42558
192.60000	    1.88860	    0.77462	    1.08068	    2.52158	    1.42565
192.80000	    1.88863	    0.77464	    1.08047	    2.52110	    1.42572
193.00000	    1.88867	    0.77465	    1.08026	    2.52062	    1.42579
193.20000	    1.88870	    0.77466	    1.08006	    2.52014	    1.42587
193.40000	    1.88873	    0.77467	    1.07985	    2.51966	    1.42594
193.60000	    1.88876	    0.77468	    1.07965	    2.51918	    1.42601
193.80000	    1.88879	    0.77470	    1.07944	    2.51870	    1.42608
194.00000	    1.88883	    0.77471	    1.07924	    2.51823	    1.42616
194.20000	    1.88886	    0.77472	    1.07904	    2.51775	    1.42623
194.40000	    1.88889	    0.77473	    1.07883	    2.51728	    1.42630
194.60000	    1.88892	    0.77474	    1.07863	    2.51680	    1.42637
194.80000	    1.88895	    0.77475	    1.07843	    2.51633	    1.42644
195.00000	    1.88898	    0.77477	    1.07823	    2.51586	    1.42651
195.20000	    1.88902	    0.77478	    1.07802	    2.51539	    1.42658
195.40000	    1.88905	    0.77479	    1.07782	    2.51492	    1.42665
195.60000	    1.88908	    0.77480	    1.07762	    2.51445	    1.42672
195.80000	    1.88911	    0.77481	    1.07742	    2.51398	    1.42679
196.00000	    1.88914	    0.77482	    1.07722	    2.51352	    1.42686
196.20000	    1.88917	    0.77484	    1.07702	    2.51305	    1.42693
196.40000	    1.88920	    0.77485	    1.07682	    2.51259	    1.42700
196.60000	    1.88923	    0.77486	    1.07663	    2.51213	    1.42707
196.80000	    1.88926	    0.77487	    1.07643	    2.51166	    1.42714
197.00000	    1.88929	    0.77488	    1.07623	    2.51120	    1.42721
197.20000	    1.88932	    0.77489	    1.07603	    2.51074	    1.42728
197.40000	    1.88935	    0.77490	    1.07584	    2.51028	    1.42735
197.60000	    1.88938	    0.77491	    1.07564	    2.50982	    1.42742
197.80000	    1.88941	    0.77492	    1.07544	    2.50937	    1.42749
198.00000	    1.88944	    0.77494	    1.07525	    2.50891	    1.42756
198.20000	    1.88947	    0.77495	    1.07505	    2.50845	    1.42763
198.40000	    1.88950	    0.77496	    1.07486	    2.50800	    1.42769
198.60000	    1.88953	    0.77497	    1.07466	    2.50755	    1.42776
198.80000	    1.88956	    0.77498	    1.07447	    2.50709	    1.42783
199.00000	    1.88959	    0.77499	    1.07427	    2.50664	    1.42790
199.20000	    1.88962	    0.77500	    1.07408	    2.50619	    1.42796
199.40000	    1.88965	    0.77501	    1.07389	    2.50574	    1.42803
199.60000	    1.88968	    0.77502	    1.07370	    2.50529	    1.42810
199.80000	    1.88970	    0.77503	    1.07350	    2.50484	    1.42817
200.00000	    1.88973	    0.77504	    1.07331	    2.50440	    1.42823
