0.00000	    9.33333	    4.00000
0.20000	    9.33333	    4.00000
0.40000	    9.33333	    4.00000
0.60000	    9.33333	    4.00000
0.80000	    9.33333	    4.00000
1.00000	    9.33333	    4.00000
1.20000	    9.33333	    4.00000
1.40000	    9.33333	    4.00000
1.60000	    9.33333	    4.00000
1.80000	    9.33333	    4.00000
2.00000	    9.33333	    4.00000
2.20000	    9.33333	    4.00000
2.40000	    9.33333	    4.00000
2.60000	    9.33334	    4.00000
2.80000	    9.33334	    3.99999
3.00000	    9.33335	    3.99998
3.20000	    9.33337	    3.99996
3.40000	    9.33313	    3.99991
3.60000	    9.33296	    3.99984	    0.00015
3.80000	    0.00014	    9.33266	    3.99971	    0.00027
4.00000	    0.00013	    0.00024	    9.33221	    3.99952	    0.00045
4.20000	    0.00022	    0.00037	    9.33153	    3.99923	    0.00071
4.40000	    0.00035	    0.00057	    9.33057	    3.99881	    0.00108
4.60000	    0.00055	    0.00083	    9.32924	    3.99825	    0.00157
4.80000	    0.00081	    0.00117	    9.32747	    3.99749	    0.00223
5.00000	    0.00118	    0.00161	    9.32517	    3.99650	    0.00307
5.20000	    0.00165	    0.00217	    9.32224	    3.99525	    0.00412
5.40000	    0.00226	    0.00285	    9.31861	    3.99369	    0.00542
5.60000	    0.00303	    0.00367	    9.31416	    3.99178	    0.00698
5.80000	    0.00398	    0.00464	    9.30882	    3.98950	    0.00884
6.00000	    0.00513	    0.00579	    9.30250	    3.98679	    0.01102
6.20000	    0.00650	    0.00711	    9.29512	    3.98362	    0.01354
6.40000	    0.00812	    0.00862	    9.28660	    3.97997	    0.01641
6.60000	    0.01001	    0.01033	    9.27686	    3.97580	    0.01967
6.80000	    0.01218	    0.01224	    9.26586	    3.97108	    0.02331
7.00000	    0.01466	    0.01436	    9.25354	    3.96580	    0.02736
7.20000	    0.01746	    0.01670	    9.23984	    3.95993	    0.03182
7.40000	    0.02060	    0.01926	    9.22474	    3.95346	    0.03669
7.60000	    0.02408	    0.02204	    9.20821	    3.94638	    0.04199
7.80000	    0.02792	    0.02504	    9.19022	    3.93867	    0.04770
8.00000	    0.03213	    0.02826	    9.17077	    3.93033	    0.05384
8.20000	    0.03672	    0.03170	    9.14985	    3.92137	    0.06039
8.40000	    0.04168	    0.03536	    9.12747	    3.91177	    0.06735
8.60000	    0.04702	    0.03922	    9.10364	    3.90156	    0.07471
8.80000	    0.05274	    0.04329	    9.07837	    3.89073	    0.08246
9.00000	    0.05884	    0.04756	    9.05169	    3.87930	    0.09059
9.20000	    0.06531	    0.05202	    9.02364	    3.86727	    0.09909
9.40000	    0.07216	    0.05667	    8.99424	    3.85467	    0.10794
9.60000	    0.07938	    0.06150	    8.96354	    3.84152	    0.11713
9.80000	    0.08695	    0.06649	    8.93158	    3.82782	    0.12665
10.00000	    0.09487	    0.07164	    8.89840	    3.81360	    0.13646
10.20000	    0.10313	    0.07695	    8.86406	    3.79888	    0.14657
10.40000	    0.11172	    0.08240	    8.82861	    3.78369	    0.15695
10.60000	    0.12063	    0.08798	    8.79210	    3.76804	    0.16758
10.80000	    0.12984	    0.09369	    8.75460	    3.75197	    0.17845
11.00000	    0.13934	    0.09950	    8.71615	    3.73549	    0.18953
11.20000	    0.14912	    0.10543	    8.67681	    3.71863	    0.20082
11.40000	    0.15917	    0.11145	    8.63664	    3.70142	    0.21228
11.60000	    0.16946	    0.11755	    8.59571	    3.68387	    0.22391
11.80000	    0.17999	    0.12374	    8.55406	    3.66602	    0.23569
12.00000	    0.19075	    0.12999	    8.51175	    3.64789	    0.24760
12.20000	    0.20171	    0.13630	    8.46884	    3.62950	    0.25963
12.40000	    0.21286	    0.14267	    8.42539	    3.61088	    0.27175
12.60000	    0.22419	    0.14908	    8.38145	    3.59205	    0.28396
12.80000	    0.23569	    0.15552	    8.33707	    3.57303	    0.29623
13.00000	    0.24734	    0.16200	    8.29230	    3.55384	    0.30856
13.20000	    0.25912	    0.16849	    8.24719	    3.53451	    0.32094
13.40000	    0.27103	    0.17500	    8.20179	    3.51505	    0.33334
13.60000	    0.28304	    0.18152	    8.15614	    3.49549	    0.34575
13.80000	    0.29516	    0.18804	    8.11029	    3.47584	    0.35817
14.00000	    0.30736	    0.19456	    8.06429	    3.45612	    0.37059
14.20000	    0.31964	    0.20107	    8.01817	    3.43636	    0.38299
14.40000	    0.33197	    0.20756	    7.97197	    3.41656	    0.39536
14.60000	    0.34436	    0.21404	    7.92572	    3.39674	    0.40769
14.80000	    0.35679	    0.22049	    7.87947	    3.37691	    0.41998
15.00000	    0.36925	    0.22692	    7.83324	    3.35710	    0.43222
15.20000	    0.38174	    0.23331	    7.78707	    3.33732	    0.44440
15.40000	    0.39423	    0.23966	    7.74099	    3.31757	    0.45650
15.60000	    0.40673	    0.24598	    7.69502	    3.29786	    0.46854
15.80000	    0.41922	    0.25226	    7.64918	    3.27822	    0.48049
16.00000	    0.43170	    0.25849	    7.60352	    3.25865	    0.49236
16.20000	    0.44416	    0.26467	    7.55804	    3.23916	    0.50414
16.40000	    0.45659	    0.27081	    7.51277	    3.21976	    0.51582
16.60000	    0.46899	    0.27689	    7.46773	    3.20045	    0.52740
16.80000	    0.48134	    0.28291	    7.42293	    3.18126	    0.53888
17.00000	    0.49365	    0.28888	    7.37840	    3.16217	    0.55025
17.20000	    0.50591	    0.29479	    7.33415	    3.14321	    0.56151
17.40000	    0.51811	    0.30065	    7.29019	    3.12437	    0.57266
17.60000	    0.53025	    0.30644	    7.24654	    3.10566	    0.58369
17.80000	    0.54233	    0.31217	    7.20321	    3.08709	    0.59460
18.00000	    0.55433	    0.31783	    7.16021	    3.06866	    0.60540
18.20000	    0.56626	    0.32344	    7.11755	    3.05038	    0.61607
18.40000	    0.57811	    0.32897	    7.07525	    3.03225	    0.62662
18.60000	    0.58988	    0.33445	    7.03330	    3.01427	    0.63704
18.80000	    0.60157	    0.33985	    6.99171	    2.99645	    0.64734
19.00000	    0.61317	    0.34520	    6.95050	    2.97879	    0.65752
19.20000	    0.62468	    0.35047	    6.90967	    2.96129	    0.66757
19.40000	    0.63610	    0.35568	    6.86921	    2.94395	    0.67749
19.60000	    0.64742	    0.36082	    6.82915	    2.92678	    0.68728
19.80000	    0.65865	    0.36590	    6.78948	    2.90978	    0.69695
20.00000	    0.66979	    0.37091	    6.75020	    2.89294	    0.70649
20.20000	    0.68082	    0.37585	    6.71131	    2.87628	    0.71591
20.40000	    0.69176	    0.38073	    6.67282	    2.85978	    0.72519
20.60000	    0.70259	    0.38554	    6.63474	    2.84346	    0.73436
20.80000	    0.71332	    0.39028	    6.59705	    2.82731	    0.74340
21.00000	    0.72395	    0.39496	    6.55976	    2.81133	    0.75231
21.20000	    0.73447	    0.39958	    6.52288	    2.79552	    0.76110
21.40000	    0.74489	    0.40413	    6.48640	    2.77988	    0.76977
21.60000	    0.75521	    0.40861	    6.45031	    2.76442	    0.77831
21.80000	    0.76542	    0.41304	    6.41463	    2.74913	    0.78674
22.00000	    0.77553	    0.41740	    6.37934	    2.73400	    0.79504
22.20000	    0.78553	    0.42170	    6.34445	    2.71905	    0.80323
22.40000	    0.79543	    0.42593	    6.30995	    2.70426	    0.81130
22.60000	    0.80522	    0.43011	    6.27584	    2.68965	    0.81925
22.80000	    0.81491	    0.43422	    6.24213	    2.67520	    0.82709
23.00000	    0.82449	    0.43828	    6.20880	    2.66091	    0.83482
23.20000	    0.83397	    0.44227	    6.17586	    2.64680	    0.84243
23.40000	    0.84334	    0.44621	    6.14330	    2.63284	    0.84993
23.60000	    0.85261	    0.45009	    6.11112	    2.61905	    0.85732
23.80000	    0.86178	    0.45392	    6.07931	    2.60542	    0.86460
24.00000	    0.87085	    0.45768	    6.04788	    2.59195	    0.87178
24.20000	    0.87981	    0.46140	    6.01681	    2.57863	    0.87885
24.40000	    0.88867	    0.46505	    5.98612	    2.56548	    0.88582
24.60000	    0.89744	    0.46866	    5.95578	    2.55248	    0.89268
24.80000	    0.90610	    0.47221	    5.92581	    2.53963	    0.89944
25.00000	    0.91466	    0.47570	    5.89619	    2.52694	    0.90610
25.20000	    0.92313	    0.47915	    5.86692	    2.51439	    0.91267
25.40000	    0.93150	    0.48254	    5.83800	    2.50200	    0.91913
25.60000	    0.93977	    0.48589	    5.80942	    2.48975	    0.92550
25.80000	    0.94795	    0.48918	    5.78118	    2.47765	    0.93178
26.00000	    0.95603	    0.49243	    5.75328	    2.46569	    0.93796
26.20000	    0.96402	    0.49563	    5.72571	    2.45388	    0.94406
26.40000	    0.97191	    0.49878	    5.69847	    2.44220	    0.95006
26.60000	    0.97971	    0.50188	    5.67155	    2.43066	    0.95597
26.80000	    0.98743	    0.50494	    5.64495	    2.41927	    0.96180
27.00000	    0.99505	    0.50796	    5.61867	    2.40800	    0.96754
27.20000	    1.00258	    0.51093	    5.59271	    2.39687	    0.97319
27.40000	    1.01003	    0.51385	    5.56705	    2.38588	    0.97876
27.60000	    1.01738	    0.51673	    5.54169	    2.37501	    0.98425
27.80000	    1.02465	    0.51957	    5.51664	    2.36427	    0.98966
28.00000	    1.03184	    0.52237	    5.49188	    2.35366	    0.99499
28.20000	    1.03894	    0.52513	    5.46742	    2.34318	    1.00025
28.40000	    1.04596	    0.52785	    5.44324	    2.33282	    1.00542
28.60000	    1.05290	    0.53052	    5.41935	    2.32258	    1.01052
28.80000	    1.05975	    0.53316	    5.39574	    2.31246	    1.01555
29.00000	    1.06653	    0.53576	    5.37241	    2.30246	    1.02050
29.20000	    1.07322	    0.53832	    5.34935	    2.29258	    1.02538
29.40000	    1.07984	    0.54085	    5.32656	    2.28281	    1.03019
29.60000	    1.08638	    0.54334	    5.30404	    2.27316	    1.03493
29.80000	    1.09284	    0.54579	    5.28178	    2.26362	    1.03960
30.00000	    1.09923	    0.54821	    5.25978	    2.25419	    1.04420
30.20000	    1.10554	    0.55059	    5.23804	    2.24487	    1.04874
30.40000	    1.11178	    0.55294	    5.21654	    2.23566	    1.05321
30.60000	    1.11795	    0.55525	    5.19530	    2.22656	    1.05762
30.80000	    1.12405	    0.55753	    5.17430	    2.21756	    1.06197
31.00000	    1.13007	    0.55978	    5.15354	    2.20866	    1.06625
31.20000	    1.13603	    0.56200	    5.13302	    2.19987	    1.07048
31.40000	    1.14191	    0.56419	    5.11274	    2.19117	    1.07464
31.60000	    1.14773	    0.56634	    5.09269	    2.18258	    1.07875
31.80000	    1.15348	    0.56847	    5.07286	    2.17408	    1.08279
32.00000	    1.15917	    0.57056	    5.05326	    2.16568	    1.08678
32.20000	    1.16479	    0.57263	    5.03388	    2.15738	    1.09072
32.40000	    1.17035	    0.57466	    5.01472	    2.14917	    1.09459
32.60000	    1.17584	    0.57667	    4.99578	    2.14105	    1.09842
32.80000	    1.18127	    0.57865	    4.97705	    2.13302	    1.10219
33.00000	    1.18664	    0.58060	    4.95852	    2.12508	    1.10591
33.20000	    1.19194	    0.58253	    4.94021	    2.11723	    1.10958
33.40000	    1.19719	    0.58443	    4.92210	    2.10947	    1.11320
33.60000	    1.20238	    0.58630	    4.90418	    2.10179	    1.11676
33.80000	    1.20751	    0.58815	    4.88647	    2.09420	    1.12028
34.00000	    1.21258	    0.58997	    4.86895	    2.08669	    1.12375
34.20000	    1.21759	    0.59177	    4.85163	    2.07927	    1.12718
34.40000	    1.22255	    0.59354	    4.83449	    2.07192	    1.13055
34.60000	    1.22745	    0.59529	    4.81754	    2.06466	    1.13389
34.80000	    1.23230	    0.59701	    4.80078	    2.05748	    1.13717
35.00000	    1.23709	    0.59872	    4.78419	    2.05037	    1.14041
35.20000	    1.24184	    0.60040	    4.76779	    2.04334	    1.14361
35.40000	    1.24652	    0.60205	    4.75156	    2.03638	    1.14677
35.60000	    1.25116	    0.60369	    4.73551	    2.02950	    1.14988
35.80000	    1.25575	    0.60530	    4.71962	    2.02270	    1.15295
36.00000	    1.26028	    0.60689	    4.70391	    2.01596	    1.15598
36.20000	    1.26477	    0.60846	    4.68836	    2.00930	    1.15898
36.40000	    1.26920	    0.61001	    4.67298	    2.00271	    1.16193
36.60000	    1.27359	    0.61154	    4.65776	    1.99618	    1.16484
36.80000	    1.27793	    0.61305	    4.64270	    1.98973	    1.16772
37.00000	    1.28223	    0.61454	    4.62780	    1.98334	    1.17055
37.20000	    1.28647	    0.61601	    4.61306	    1.97702	    1.17336
37.40000	    1.29067	    0.61746	    4.59846	    1.97077	    1.17612
37.60000	    1.29483	    0.61890	    4.58402	    1.96458	    1.17885
37.80000	    1.29894	    0.62031	    4.56973	    1.95845	    1.18154
38.00000	    1.30301	    0.62171	    4.55558	    1.95239	    1.18420
38.20000	    1.30704	    0.62308	    4.54158	    1.94639	    1.18683
38.40000	    1.31102	    0.62444	    4.52772	    1.94045	    1.18942
38.60000	    1.31496	    0.62579	    4.51401	    1.93458	    1.19198
38.80000	    1.31886	    0.62711	    4.50043	    1.92876	    1.19450
39.00000	    1.32271	    0.62842	    4.48699	    1.92300	    1.19700
39.20000	    1.32653	    0.62972	    4.47369	    1.91729	    1.19946
39.40000	    1.33031	    0.63099	    4.46052	    1.91165	    1.20189
39.60000	    1.33404	    0.63225	    4.44748	    1.90606	    1.20429
39.80000	    1.33774	    0.63350	    4.43457	    1.90053	    1.20666
40.00000	    1.34140	    0.63473	    4.42179	    1.89505	    1.20901
40.20000	    1.34503	    0.63594	    4.40913	    1.88963	    1.21132
40.40000	    1.34861	    0.63714	    4.39660	    1.88426	    1.21360
40.60000	    1.35216	    0.63833	    4.38419	    1.87894	    1.21586
40.80000	    1.35567	    0.63950	    4.37191	    1.87367	    1.21809
41.00000	    1.35915	    0.64065	    4.35974	    1.86846	    1.22029
41.20000	    1.36259	    0.64179	    4.34769	    1.86330	    1.22247
41.40000	    1.36600	    0.64292	    4.33576	    1.85818	    1.22461
41.60000	    1.36937	    0.64404	    4.32395	    1.85312	    1.22674
41.80000	    1.37270	    0.64514	    4.31224	    1.84810	    1.22883
42.00000	    1.37601	    0.64623	    4.30065	    1.84314	    1.23091
42.20000	    1.37928	    0.64730	    4.28917	    1.83822	    1.23295
42.40000	    1.38252	    0.64836	    4.27780	    1.83334	    1.23497
42.60000	    1.38572	    0.64941	    4.26654	    1.82852	    1.23697
42.80000	    1.38890	    0.65045	    4.25538	    1.82374	    1.23895
43.00000	    1.39204	    0.65147	    4.24433	    1.81900	    1.24090
43.20000	    1.39515	    0.65248	    4.23338	    1.81431	    1.24283
43.40000	    1.39824	    0.65348	    4.22254	    1.80966	    1.24473
43.60000	    1.40129	    0.65447	    4.21179	    1.80505	    1.24662
43.80000	    1.40431	    0.65545	    4.20115	    1.80049	    1.24848
44.00000	    1.40730	    0.65642	    4.19060	    1.79597	    1.25032
44.20000	    1.41026	    0.65737	    4.18015	    1.79149	    1.25213
44.40000	    1.41320	    0.65831	    4.16979	    1.78705	    1.25393
44.60000	    1.41610	    0.65925	    4.15953	    1.78266	    1.25571
44.80000	    1.41898	    0.66017	    4.14937	    1.77830	    1.25746
45.00000	    1.42183	    0.66108	    4.13929	    1.77398	    1.25920
45.20000	    1.42465	    0.66198	    4.12931	    1.76970	    1.26092
45.40000	    1.42745	    0.66287	    4.11942	    1.76546	    1.26261
45.60000	    1.43022	    0.66375	    4.10961	    1.76126	    1.26429
45.80000	    1.43296	    0.66462	    4.09990	    1.75710	    1.26595
46.00000	    1.43568	    0.66549	    4.09026	    1.75297	    1.26759
46.20000	    1.43837	    0.66634	    4.08072	    1.74888	    1.26921
46.40000	    1.44104	    0.66718	    4.07126	    1.74483	    1.27082
46.60000	    1.44368	    0.66801	    4.06188	    1.74081	    1.27240
46.80000	    1.44630	    0.66883	    4.05259	    1.73682	    1.27397
47.00000	    1.44889	    0.66965	    4.04337	    1.73287	    1.27552
47.20000	    1.45146	    0.67045	    4.03424	    1.72896	    1.27705
47.40000	    1.45401	    0.67125	    4.02519	    1.72508	    1.27857
47.60000	    1.45653	    0.67204	    4.01621	    1.72123	    1.28007
47.80000	    1.45903	    0.67282	    4.00731	    1.71742	    1.28155
48.00000	    1.46150	    0.67359	    3.99849	    1.71364	    1.28302
48.20000	    1.46396	    0.67435	    3.98974	    1.70989	    1.28447
48.40000	    1.46639	    0.67510	    3.98107	    1.70617	    1.28591
48.60000	    1.46880	    0.67585	    3.97248	    1.70249	    1.28733
48.80000	    1.47119	    0.67659	    3.96395	    1.69884	    1.28873
49.00000	    1.47355	    0.67732	    3.95550	    1.69521	    1.29012
49.20000	    1.47590	    0.67804	    3.94712	    1.69162	    1.29150
49.40000	    1.47822	    0.67875	    3.93881	    1.68806	    1.29286
49.60000	    1.48052	    0.67946	    3.93056	    1.68453	    1.29421
49.80000	    1.48281	    0.68016	    3.92239	    1.68102	    1.29554
50.00000	    1.48507	    0.68085	    3.91428	    1.67755	    1.29686
50.20000	    1.48731	    0.68153	    3.90625	    1.67411	    1.29816
50.40000	    1.48953	    0.68221	    3.89827	    1.67069	    1.29945
50.60000	    1.49174	    0.68288	    3.89037	    1.66730	    1.30073
50.80000	    1.49392	    0.68354	    3.88253	    1.66394	    1.30199
51.00000	    1.49609	    0.68420	    3.87475	    1.66061	    1.30324
51.20000	    1.49823	    0.68485	    3.86703	    1.65730	    1.30448
51.40000	    1.50036	    0.68549	    3.85938	    1.65402	    1.30570
51.60000	    1.50247	    0.68613	    3.85179	    1.65077	    1.30691
51.80000	    1.50456	    0.68676	    3.84426	    1.64754	    1.30811
52.00000	    1.50663	    0.68738	    3.83679	    1.64434	    1.30930
52.20000	    1.50869	    0.68800	    3.82938	    1.64116	    1.31048
52.40000	    1.51073	    0.68861	    3.82203	    1.63801	    1.31164
52.60000	    1.51275	    0.68921	    3.81474	    1.63489	    1.31279
52.80000	    1.51475	    0.68981	    3.80750	    1.63179	    1.31393
53.00000	    1.51674	    0.69041	    3.80033	    1.62871	    1.31506
53.20000	    1.51871	    0.69099	    3.79321	    1.62566	    1.31618
53.40000	    1.52066	    0.69157	    3.78614	    1.62263	    1.31728
53.60000	    1.52260	    0.69215	    3.77913	    1.61963	    1.31838
53.80000	    1.52452	    0.69272	    3.77218	    1.61665	    1.31946
54.00000	    1.52642	    0.69328	    3.76527	    1.61369	    1.32053
54.20000	    1.52831	    0.69384	    3.75843	    1.61075	    1.32160
54.40000	    1.53018	    0.69439	    3.75163	    1.60784	    1.32265
54.60000	    1.53204	    0.69494	    3.74489	    1.60495	    1.32369
54.80000	    1.53388	    0.69548	    3.73820	    1.60208	    1.32472
55.00000	    1.53571	    0.69601	    3.73155	    1.59924	    1.32574
55.20000	    1.53752	    0.69655	    3.72496	    1.59641	    1.32675
55.40000	    1.53932	    0.69707	    3.71842	    1.59361	    1.32776
55.60000	    1.54110	    0.69759	    3.71193	    1.59083	    1.32875
55.80000	    1.54287	    0.69811	    3.70549	    1.58807	    1.32973
56.00000	    1.54463	    0.69862	    3.69910	    1.58533	    1.33070
56.20000	    1.54637	    0.69913	    3.69275	    1.58261	    1.33167
56.40000	    1.54809	    0.69963	    3.68645	    1.57991	    1.33262
56.60000	    1.54981	    0.70012	    3.68020	    1.57723	    1.33357
56.80000	    1.55151	    0.70061	    3.67399	    1.57457	    1.33450
57.00000	    1.55319	    0.70110	    3.66783	    1.57193	    1.33543
57.20000	    1.55486	    0.70158	    3.66172	    1.56931	    1.33635
57.40000	    1.55652	    0.70206	    3.65565	    1.56671	    1.33726
57.60000	    1.55817	    0.70253	    3.64962	    1.56412	    1.33816
57.80000	    1.55980	    0.70300	    3.64364	    1.56156	    1.33905
58.00000	    1.56142	    0.70347	    3.63770	    1.55902	    1.33994
58.20000	    1.56303	    0.70393	    3.63181	    1.55649	    1.34081
58.40000	    1.56462	    0.70438	    3.62596	    1.55398	    1.34168
58.60000	    1.56621	    0.70484	    3.62014	    1.55149	    1.34254
58.80000	    1.56778	    0.70528	    3.61438	    1.54902	    1.34340
59.00000	    1.56933	    0.70573	    3.60865	    1.54656	    1.34424
59.20000	    1.57088	    0.70617	    3.60296	    1.54413	    1.34508
59.40000	    1.57241	    0.70660	    3.59731	    1.54171	    1.34591
59.60000	    1.57394	    0.70703	    3.59171	    1.53930	    1.34673
59.80000	    1.57545	    0.70746	    3.58614	    1.53692	    1.34754
60.00000	    1.57695	    0.70788	    3.58061	    1.53455	    1.34835
60.20000	    1.57844	    0.70830	    3.57512	    1.53220	    1.34915
60.40000	    1.57991	    0.70872	    3.56967	    1.52986	    1.34994
60.60000	    1.58138	    0.70913	    3.56426	    1.52754	    1.35072
60.80000	    1.58283	    0.70954	    3.55889	    1.52524	    1.35150
61.00000	    1.58428	    0.70994	    3.55355	    1.52295	    1.35227
61.20000	    1.58571	    0.71034	    3.54825	    1.52068	    1.35304
61.40000	    1.58713	    0.71074	    3.54298	    1.51842	    1.35380
61.60000	    1.58854	    0.71114	    3.53775	    1.51618	    1.35455
61.80000	    1.58995	    0.71153	    3.53256	    1.51395	    1.35529
62.00000	    1.59134	    0.71191	    3.52740	    1.51174	    1.35603
62.20000	    1.59272	    0.71230	    3.52228	    1.50955	    1.35676
62.40000	    1.59409	    0.71268	    3.51719	    1.50737	    1.35748
62.60000	    1.59545	    0.71306	    3.51214	    1.50520	    1.35820
62.80000	    1.59680	    0.71343	    3.50712	    1.50305	    1.35891
63.00000	    1.59814	    0.71380	    3.50214	    1.50092	    1.35962
63.20000	    1.59947	    0.71417	    3.49718	    1.49879	    1.36032
63.40000	    1.60079	    0.71453	    3.49226	    1.49668	    1.36101
63.60000	    1.60210	    0.71489	    3.48738	    1.49459	    1.36170
63.80000	    1.60341	    0.71525	    3.48252	    1.49251	    1.36238
64.00000	    1.60470	    0.71560	    3.47770	    1.49044	    1.36306
64.20000	    1.60598	    0.71596	    3.47291	    1.48839	    1.36373
64.40000	    1.60726	    0.71631	    3.46816	    1.48635	    1.36439
64.60000	    1.60852	    0.71665	    3.46343	    1.48433	    1.36505
64.80000	    1.60978	    0.71699	    3.45873	    1.48231	    1.36570
65.00000	    1.61103	    0.71733	    3.45407	    1.48031	    1.36635
65.20000	    1.61227	    0.71767	    3.44943	    1.47833	    1.36699
65.40000	    1.61350	    0.71801	    3.44483	    1.47635	    1.36763
65.60000	    1.61472	    0.71834	    3.44025	    1.47439	    1.36826
65.80000	    1.61593	    0.71867	    3.43570	    1.47244	    1.36889
66.00000	    1.61713	    0.71899	    3.43119	    1.47051	    1.36951
66.20000	    1.61833	    0.71931	    3.42670	    1.46859	    1.37012
66.40000	    1.61952	    0.71963	    3.42224	    1.46667	    1.37073
66.60000	    1.62070	    0.71995	    3.41781	    1.46478	    1.37134
66.80000	    1.62187	    0.72027	    3.41341	    1.46289	    1.37194
67.00000	    1.62303	    0.72058	    3.40903	    1.46101	    1.37253
67.20000	    1.62419	    0.72089	    3.40468	    1.45915	    1.37313
67.40000	    1.62534	    0.72120	    3.40036	    1.45730	    1.37371
67.60000	    1.62648	    0.72150	    3.39607	    1.45546	    1.37429
67.80000	    1.62761	    0.72181	    3.39181	    1.45363	    1.37487
68.00000	    1.62873	    0.72211	    3.38757	    1.45181	    1.37544
68.20000	    1.62985	    0.72240	    3.38335	    1.45001	    1.37601
68.40000	    1.63096	    0.72270	    3.37917	    1.44821	    1.37657
68.60000	    1.63206	    0.72299	    3.37501	    1.44643	    1.37713
68.80000	    1.63315	    0.72328	    3.37087	    1.44466	    1.37768
69.00000	    1.63424	    0.72357	    3.36676	    1.44290	    1.37823
69.20000	    1.63532	    0.72386	    3.36268	    1.44115	    1.37877
69.40000	    1.63639	    0.72414	    3.35862	    1.43941	    1.37931
69.60000	    1.63746	    0.72442	    3.35458	    1.43768	    1.37985
69.80000	    1.63851	    0.72470	    3.35057	    1.43596	    1.38038
70.00000	    1.63957	    0.72498	    3.34659	    1.43425	    1.38091
70.20000	    1.64061	    0.72525	    3.34263	    1.43255	    1.38143
70.40000	    1.64165	    0.72552	    3.33869	    1.43087	    1.38195
70.60000	    1.64268	    0.72579	    3.33477	    1.42919	    1.38247
70.80000	    1.64370	    0.72606	    3.33088	    1.42752	    1.38298
71.00000	    1.64472	    0.72633	    3.32702	    1.42586	    1.38348
71.20000	    1.64573	    0.72659	    3.32317	    1.42422	    1.38399
71.40000	    1.64673	    0.72686	    3.31935	    1.42258	    1.38449
71.60000	    1.64773	    0.72712	    3.31555	    1.42095	    1.38498
71.80000	    1.64872	    0.72737	    3.31178	    1.41933	    1.38547
72.00000	    1.64971	    0.72763	    3.30802	    1.41772	    1.38596
72.20000	    1.65068	    0.72788	    3.30429	    1.41612	    1.38644
72.40000	    1.65166	    0.72814	    3.30058	    1.41453	    1.38692
72.60000	    1.65262	    0.72839	    3.29689	    1.41295	    1.38740
72.80000	    1.65358	    0.72863	    3.29323	    1.41138	    1.38787
73.00000	    1.65453	    0.72888	    3.28958	    1.40982	    1.38834
73.20000	    1.65548	    0.72912	    3.28596	    1.40827	    1.38881
73.40000	    1.65642	    0.72937	    3.28235	    1.40672	    1.38927
73.60000	    1.65736	    0.72961	    3.27877	    1.40519	    1.38973
73.80000	    1.65829	    0.72985	    3.27521	    1.40366	    1.39018
74.00000	    1.65921	    0.73008	    3.27167	    1.40214	    1.39064
74.20000	    1.66013	    0.73032	    3.26815	    1.40063	    1.39108
74.40000	    1.66104	    0.73055	    3.26465	    1.39913	    1.39153
74.60000	    1.66195	    0.73078	    3.26116	    1.39764	    1.39197
74.80000	    1.66285	    0.73101	    3.25770	    1.39616	    1.39241
75.00000	    1.66375	    0.73124	    3.25426	    1.39468	    1.39284
75.20000	    1.66464	    0.73147	    3.25084	    1.39322	    1.39328
75.40000	    1.66552	    0.73170	    3.24744	    1.39176	    1.39371
75.60000	    1.66640	    0.73192	    3.24405	    1.39031	    1.39413
75.80000	    1.66727	    0.73214	    3.24069	    1.38887	    1.39455
76.00000	    1.66814	    0.73236	    3.23734	    1.38743	    1.39497
76.20000	    1.66900	    0.73258	    3.23402	    1.38601	    1.39539
76.40000	    1.66986	    0.73280	    3.23071	    1.38459	    1.39580
76.60000	    1.67071	    0.73301	    3.22742	    1.38318	    1.39621
76.80000	    1.67156	    0.73322	    3.22415	    1.38178	    1.39662
77.00000	    1.67240	    0.73344	    3.22089	    1.38038	    1.39702
77.20000	    1.67324	    0.73365	    3.21766	    1.37900	    1.39742
77.40000	    1.67407	    0.73386	    3.21444	    1.37762	    1.39782
77.60000	    1.67490	    0.73406	    3.21124	    1.37624	    1.39822
77.80000	    1.67572	    0.73427	    3.20805	    1.37488	    1.39861
78.00000	    1.67654	    0.73448	    3.20489	    1.37352	    1.39900
78.20000	    1.67735	    0.73468	    3.20174	    1.37217	    1.39939
78.40000	    1.67816	    0.73488	    3.19861	    1.37083	    1.39977
78.60000	    1.67896	    0.73508	    3.19549	    1.36950	    1.40015
78.80000	    1.67976	    0.73528	    3.19240	    1.36817	    1.40053
79.00000	    1.68055	    0.73548	    3.18932	    1.36685	    1.40091
79.20000	    1.68134	    0.73567	    3.18625	    1.36554	    1.40128
79.40000	    1.68212	    0.73587	    3.18320	    1.36423	    1.40165
79.60000	    1.68290	    0.73606	    3.18017	    1.36293	    1.40202
79.80000	    1.68368	    0.73625	    3.17716	    1.36164	    1.40239
80.00000	    1.68445	    0.73644	    3.17416	    1.36035	    1.40275
80.20000	    1.68521	    0.73663	    3.17117	    1.35907	    1.40311
80.40000	    1.68598	    0.73682	    3.16821	    1.35780	    1.40347
80.60000	    1.68673	    0.73701	    3.16525	    1.35654	    1.40382
80.80000	    1.68749	    0.73719	    3.16232	    1.35528	    1.40418
81.00000	    1.68823	    0.73738	    3.15940	    1.35403	    1.40453
81.20000	    1.68898	    0.73756	    3.15649	    1.35278	    1.40487
81.40000	    1.68972	    0.73774	    3.15360	    1.35154	    1.40522
81.60000	    1.69045	    0.73792	    3.15072	    1.35031	    1.40556
81.80000	    1.69118	    0.73810	    3.14786	    1.34908	    1.40590
82.00000	    1.69191	    0.73828	    3.14502	    1.34787	    1.40624
82.20000	    1.69263	    0.73845	    3.14219	    1.34665	    1.40658
82.40000	    1.69335	    0.73863	    3.13937	    1.34544	    1.40691
82.60000	    1.69407	    0.73880	    3.13657	    1.34424	    1.40725
82.80000	    1.69478	    0.73898	    3.13378	    1.34305	    1.40758
83.00000	    1.69549	    0.73915	    3.13101	    1.34186	    1.40790
83.20000	    1.69619	    0.73932	    3.12825	    1.34068	    1.40823
83.40000	    1.69689	    0.73949	    3.12550	    1.33950	    1.40855
83.60000	    1.69758	    0.73966	    3.12277	    1.33833	    1.40887
83.80000	    1.69827	    0.73982	    3.12006	    1.33717	    1.40919
84.00000	    1.69896	    0.73999	    3.11735	    1.33601	    1.40951
84.20000	    1.69964	    0.74016	    3.11466	    1.33486	    1.40982
84.40000	    1.70032	    0.74032	    3.11199	    1.33371	    1.41013
84.60000	    1.70100	    0.74048	    3.10932	    1.33257	    1.41044
84.80000	    1.70167	    0.74064	    3.10668	    1.33143	    1.41075
85.00000	    1.70234	    0.74080	    3.10404	    1.33030	    1.41106
85.20000	    1.70301	    0.74096	    3.10142	    1.32918	    1.41136
85.40000	    1.70367	    0.74112	    3.09881	    1.32806	    1.41166
85.60000	    1.70433	    0.74128	    3.09621	    1.32695	    1.41196
85.80000	    1.70498	    0.74144	    3.09363	    1.32584	    1.41226
86.00000	    1.70563	    0.74159	    3.09105	    1.32474	    1.41256
86.20000	    1.70628	    0.74175	    3.08850	    1.32364	    1.41285
86.40000	    1.70692	    0.74190	    3.08595	    1.32255	    1.41314
86.60000	    1.70756	    0.74205	    3.08342	    1.32146	    1.41343
86.80000	    1.70820	    0.74220	    3.08090	    1.32038	    1.41372
87.00000	    1.70883	    0.74235	    3.07839	    1.31931	    1.41401
87.20000	    1.70946	    0.74250	    3.07589	    1.31824	    1.41429
87.40000	    1.71009	    0.74265	    3.07341	    1.31717	    1.41458
87.60000	    1.71071	    0.74280	    3.07093	    1.31611	    1.41486
87.80000	    1.71133	    0.74295	    3.06847	    1.31506	    1.41514
88.00000	    1.71195	    0.74309	    3.06603	    1.31401	    1.41541
88.20000	    1.71256	    0.74324	    3.06359	    1.31297	    1.41569
88.40000	    1.71317	    0.74338	    3.06116	    1.31193	    1.41596
88.60000	    1.71378	    0.74352	    3.05875	    1.31089	    1.41624
88.80000	    1.71438	    0.74367	    3.05635	    1.30986	    1.41651
89.00000	    1.71498	    0.74381	    3.05396	    1.30884	    1.41678
89.20000	    1.71558	    0.74395	    3.05158	    1.30782	    1.41704
89.40000	    1.71617	    0.74409	    3.04921	    1.30681	    1.41731
89.60000	    1.71676	    0.74422	    3.04686	    1.30580	    1.41757
89.80000	    1.71735	    0.74436	    3.04451	    1.30479	    1.41783
90.00000	    1.71793	    0.74450	    3.04218	    1.30379	    1.41809
90.20000	    1.71852	    0.74464	    3.03985	    1.30279	    1.41835
90.40000	    1.71910	    0.74477	    3.03754	    1.30180	    1.41861
90.60000	    1.71967	    0.74490	    3.03524	    1.30082	    1.41887
90.80000	    1.72024	    0.74504	    3.03295	    1.29984	    1.41912
91.00000	    1.72081	    0.74517	    3.03067	    1.29886	    1.41937
91.20000	    1.72138	    0.74530	    3.02840	    1.29789	    1.41962
91.40000	    1.72195	    0.74543	    3.02614	    1.29692	    1.41987
91.60000	    1.72251	    0.74556	    3.02390	    1.29596	    1.42012
91.80000	    1.72307	    0.74569	    3.02166	    1.29500	    1.42037
92.00000	    1.72362	    0.74582	    3.01943	    1.29404	    1.42061
92.20000	    1.72417	    0.74595	    3.01721	    1.29309	    1.42085
92.40000	    1.72472	    0.74607	    3.01501	    1.29215	    1.42109
92.60000	    1.72527	    0.74620	    3.01281	    1.29120	    1.42133
92.80000	    1.72582	    0.74633	    3.01062	    1.29027	    1.42157
93.00000	    1.72636	    0.74645	    3.00845	    1.28933	    1.42181
93.20000	    1.72690	    0.74657	    3.00628	    1.28841	    1.42205
93.40000	    1.72743	    0.74670	    3.00412	    1.28748	    1.42228
93.60000	    1.72797	    0.74682	    3.00198	    1.28656	    1.42251
93.80000	    1.72850	    0.74694	    2.99984	    1.28565	    1.42275
94.00000	    1.72902	    0.74706	    2.99771	    1.28473	    1.42298
94.20000	    1.72955	    0.74718	    2.99559	    1.28383	    1.42320
94.40000	    1.73007	    0.74730	    2.99348	    1.28292	    1.42343
94.60000	    1.73059	    0.74742	    2.99139	    1.28202	    1.42366
94.80000	    1.73111	    0.74754	    2.98930	    1.28113	    1.42388
95.00000	    1.73163	    0.74766	    2.98722	    1.28024	    1.42411
95.20000	    1.73214	    0.74777	    2.98514	    1.27935	    1.42433
95.40000	    1.73265	    0.74789	    2.98308	    1.27846	    1.42455
95.60000	    1.73316	    0.74800	    2.98103	    1.27758	    1.42477
95.80000	    1.73366	    0.74812	    2.97899	    1.27671	    1.42499
96.00000	    1.73417	    0.74823	    2.97695	    1.27584	    1.42520
96.20000	    1.73467	    0.74834	    2.97493	    1.27497	    1.42542
96.40000	    1.73517	    0.74846	    2.97291	    1.27410	    1.42563
96.60000	    1.73566	    0.74857	    2.97090	    1.27324	    1.42585
96.80000	    1.73615	    0.74868	    2.96890	    1.27239	    1.42606
97.00000	    1.73665	    0.74879	    2.96691	    1.27153	    1.42627
97.20000	    1.73713	    0.74890	    2.96493	    1.27069	    1.42648
97.40000	    1.73762	    0.74901	    2.96296	    1.26984	    1.42669
97.60000	    1.73810	    0.74912	    2.96099	    1.26900	    1.42689
97.80000	    1.73859	    0.74923	    2.95904	    1.26816	    1.42710
98.00000	    1.73906	    0.74933	    2.95709	    1.26733	    1.42730
98.20000	    1.73954	    0.74944	    2.95515	    1.26649	    1.42751
98.40000	    1.74002	    0.74955	    2.95322	    1.26567	    1.42771
98.60000	    1.74049	    0.74965	    2.95130	    1.26484	    1.42791
98.80000	    1.74096	    0.74976	    2.94939	    1.26402	    1.42811
99.00000	    1.74143	    0.74986	    2.94748	    1.26321	    1.42831
99.20000	    1.74189	    0.74996	    2.94558	    1.26239	    1.42850
99.40000	    1.74236	    0.75007	    2.94369	    1.26158	    1.42870
99.60000	    1.74282	    0.75017	    2.94181	    1.26078	    1.42890
99.80000	    1.74328	    0.75027	    2.93994	    1.25997	    1.42909
100.00000	    1.74373	    0.75037	    2.93807	    1.25917	    1.42928
100.20000	    1.74419	    0.75047	    2.93622	    1.25838	    1.42948
100.40000	    1.74464	    0.75057	    2.93437	    1.25759	    1.42967
100.60000	    1.74509	    0.75067	    2.93253	    1.25680	    1.42986
100.80000	    1.74554	    0.75077	    2.93069	    1.25601	    1.43004
101.00000	    1.74599	    0.75087	    2.92887	    1.25523	    1.43023
101.20000	    1.74643	    0.75097	    2.92705	    1.25445	    1.43042
101.40000	    1.74687	    0.75107	    2.92524	    1.25367	    1.43060
101.60000	    1.74732	    0.75116	    2.92343	    1.25290	    1.43079
101.80000	    1.74775	    0.75126	    2.92164	    1.25213	    1.43097
102.00000	    1.74819	    0.75136	    2.91985	    1.25136	    1.43116
102.20000	    1.74862	    0.75145	    2.91807	    1.25060	    1.43134
102.40000	    1.74906	    0.75155	    2.91629	    1.24984	    1.43152
102.60000	    1.74949	    0.75164	    2.91453	    1.24908	    1.43170
102.80000	    1.74992	    0.75173	    2.91277	    1.24833	    1.43187
103.00000	    1.75034	    0.75183	    2.91102	    1.24758	    1.43205
103.20000	    1.75077	    0.75192	    2.90927	    1.24683	    1.43223
103.40000	    1.75119	    0.75201	    2.90753	    1.24609	    1.43240
103.60000	    1.75161	    0.75210	    2.90580	    1.24534	    1.43258
103.80000	    1.75203	    0.75220	    2.90408	    1.24461	    1.43275
104.00000	    1.75245	    0.75229	    2.90236	    1.24387	    1.43293
104.20000	    1.75286	    0.75238	    2.90065	    1.24314	    1.43310
104.40000	    1.75327	    0.75247	    2.89895	    1.24241	    1.43327
104.60000	    1.75369	    0.75255	    2.89726	    1.24168	    1.43344
104.80000	    1.75410	    0.75264	    2.89557	    1.24096	    1.43361
105.00000	    1.75450	    0.75273	    2.89389	    1.24024	    1.43377
105.20000	    1.75491	    0.75282	    2.89221	    1.23952	    1.43394
105.40000	    1.75531	    0.75291	    2.89054	    1.23880	    1.43411
105.60000	    1.75572	    0.75299	    2.88888	    1.23809	    1.43427
105.80000	    1.75612	    0.75308	    2.88723	    1.23738	    1.43444
106.00000	    1.75652	    0.75317	    2.88558	    1.23668	    1.43460
106.20000	    1.75691	    0.75325	    2.88394	    1.23597	    1.43476
106.40000	    1.75731	    0.75334	    2.88230	    1.23527	    1.43493
106.60000	    1.75770	    0.75342	    2.88067	    1.23457	    1.43509
106.80000	    1.75809	    0.75350	    2.87905	    1.23388	    1.43525
107.00000	    1.75848	    0.75359	    2.87744	    1.23319	    1.43541
107.20000	    1.75887	    0.75367	    2.87583	    1.23250	    1.43556
107.40000	    1.75926	    0.75375	    2.87422	    1.23181	    1.43572
107.60000	    1.75964	    0.75384	    2.87263	    1.23113	    1.43588
107.80000	    1.76003	    0.75392	    2.87104	    1.23044	    1.43603
108.00000	    1.76041	    0.75400	    2.86945	    1.22977	    1.43619
108.20000	    1.76079	    0.75408	    2.86788	    1.22909	    1.43634
108.40000	    1.76117	    0.75416	    2.86630	    1.22842	    1.43650
108.60000	    1.76155	    0.75424	    2.86474	    1.22774	    1.43665
108.80000	    1.76192	    0.75432	    2.86318	    1.22708	    1.43680
109.00000	    1.76229	    0.75440	    2.86163	    1.22641	    1.43695
109.20000	    1.76267	    0.75448	    2.86008	    1.22575	    1.43710
109.40000	    1.76304	    0.75456	    2.85854	    1.22509	    1.43725
109.60000	    1.76341	    0.75463	    2.85700	    1.22443	    1.43740
109.80000	    1.76377	    0.75471	    2.85547	    1.22377	    1.43755
110.00000	    1.76414	    0.75479	    2.85395	    1.22312	    1.43769
110.20000	    1.76450	    0.75487	    2.85243	    1.22247	    1.43784
110.40000	    1.76487	    0.75494	    2.85092	    1.22182	    1.43799
110.60000	    1.76523	    0.75502	    2.84941	    1.22118	    1.43813
110.80000	    1.76559	    0.75509	    2.84791	    1.22053	    1.43828
111.00000	    1.76595	    0.75517	    2.84642	    1.21989	    1.43842
111.20000	    1.76630	    0.75524	    2.84493	    1.21925	    1.43856
111.40000	    1.76666	    0.75532	    2.84344	    1.21862	    1.43870
111.60000	    1.76701	    0.75539	    2.84197	    1.21799	    1.43884
111.80000	    1.76736	    0.75547	    2.84049	    1.21735	    1.43899
112.00000	    1.76771	    0.75554	    2.83903	    1.21673	    1.43912
112.20000	    1.76806	    0.75561	    2.83757	    1.21610	    1.43926
112.40000	    1.76841	    0.75569	    2.83611	    1.21548	    1.43940
112.60000	    1.76876	    0.75576	    2.83466	    1.21486	    1.43954
112.80000	    1.76910	    0.75583	    2.83322	    1.21424	    1.43968
113.00000	    1.76945	    0.75590	    2.83178	    1.21362	    1.43981
113.20000	    1.76979	    0.75597	    2.83034	    1.21300	    1.43995
113.40000	    1.77013	    0.75604	    2.82892	    1.21239	    1.44008
113.60000	    1.77047	    0.75611	    2.82749	    1.21178	    1.44022
113.80000	    1.77081	    0.75618	    2.82608	    1.21118	    1.44035
114.00000	    1.77114	    0.75625	    2.82466	    1.21057	    1.44048
114.20000	    1.77148	    0.75632	    2.82326	    1.20997	    1.44062
114.40000	    1.77181	    0.75639	    2.82185	    1.20937	    1.44075
114.60000	    1.77214	    0.75646	    2.82046	    1.20877	    1.44088
114.80000	    1.77247	    0.75653	    2.81906	    1.20817	    1.44101
115.00000	    1.77280	    0.75660	    2.81768	    1.20758	    1.44114
115.20000	    1.77313	    0.75667	    2.81630	    1.20698	    1.44127
115.40000	    1.77346	    0.75673	    2.81492	    1.20639	    1.44140
115.60000	    1.77379	    0.75680	    2.81355	    1.20581	    1.44152
115.80000	    1.77411	    0.75687	    2.81218	    1.20522	    1.44165
116.00000	    1.77443	    0.75693	    2.81082	    1.20464	    1.44178
116.20000	    1.77476	    0.75700	    2.80946	    1.20406	    1.44190
116.40000	    1.77508	    0.75706	    2.80811	    1.20348	    1.44203
116.60000	    1.77540	    0.75713	    2.80677	    1.20290	    1.44215
116.80000	    1.77571	    0.75719	    2.80542	    1.20232	    1.44228
117.00000	    1.77603	    0.75726	    2.80409	    1.20175	    1.44240
117.20000	    1.77635	    0.75732	    2.80276	    1.20118	    1.44252
117.40000	    1.77666	    0.75739	    2.80143	    1.20061	    1.44264
117.60000	    1.77697	    0.75745	    2.80011	    1.20005	    1.44277
117.80000	    1.77728	    0.75752	    2.79879	    1.19948	    1.44289
118.00000	    1.77760	    0.75758	    2.79748	    1.19892	    1.44301
118.20000	    1.77790	    0.75764	    2.79617	    1.19836	    1.44313
118.40000	    1.77821	    0.75770	    2.79486	    1.19780	    1.44325
118.60000	    1.77852	    0.75777	    2.79356	    1.19724	    1.44336
118.80000	    1.77883	    0.75783	    2.79227	    1.19669	    1.44348
119.00000	    1.77913	    0.75789	    2.79098	    1.19613	    1.44360
119.20000	    1.77943	    0.75795	    2.78970	    1.19558	    1.44372
119.40000	    1.77973	    0.75801	    2.78841	    1.19503	    1.44383
119.60000	    1.78004	    0.75807	    2.78714	    1.19449	    1.44395
119.80000	    1.78034	    0.75813	    2.78587	    1.19394	    1.44406
120.00000	    1.78063	    0.75819	    2.78460	    1.19340	    1.44418
120.20000	    1.78093	    0.75825	    2.78334	    1.19286	    1.44429
120.40000	    1.78123	    0.75831	    2.78208	    1.19232	    1.44441
120.60000	    1.78152	    0.75837	    2.78082	    1.19178	    1.44452
120.80000	    1.78182	    0.75843	    2.77958	    1.19125	    1.44463
121.00000	    1.78211	    0.75849	    2.77833	    1.19071	    1.44474
121.20000	    1.78240	    0.75855	    2.77709	    1.19018	    1.44486
121.40000	    1.78269	    0.75861	    2.77585	    1.18965	    1.44497
121.60000	    1.78298	    0.75867	    2.77462	    1.18912	    1.44508
121.80000	    1.78327	    0.75872	    2.77339	    1.18860	    1.44519
122.00000	    1.78356	    0.75878	    2.77217	    1.18807	    1.44530
122.20000	    1.78384	    0.75884	    2.77095	    1.18755	    1.44541
122.40000	    1.78413	    0.75889	    2.76974	    1.18703	    1.44551
122.60000	    1.78441	    0.75895	    2.76852	    1.18651	    1.44562
122.80000	    1.78470	    0.75901	    2.76732	    1.18599	    1.44573
123.00000	    1.78498	    0.75906	    2.76611	    1.18548	    1.44584
123.20000	    1.78526	    0.75912	    2.76492	    1.18496	    1.44594
123.40000	    1.78554	    0.75918	    2.76372	    1.18445	    1.44605
123.60000	    1.78582	    0.75923	    2.76253	    1.18394	    1.44615
123.80000	    1.78610	    0.75929	    2.76135	    1.18343	    1.44626
124.00000	    1.78637	    0.75934	    2.76016	    1.18293	    1.44636
124.20000	    1.78665	    0.75940	    2.75899	    1.18242	    1.44647
124.40000	    1.78692	    0.75945	    2.75781	    1.18192	    1.44657
124.60000	    1.78720	    0.75950	    2.75664	    1.18142	    1.44667
124.80000	    1.78747	    0.75956	    2.75547	    1.18092	    1.44678
125.00000	    1.78774	    0.75961	    2.75431	    1.18042	    1.44688
125.20000	    1.78801	    0.75966	    2.75315	    1.17992	    1.44698
125.40000	    1.78828	    0.75972	    2.75200	    1.17943	    1.44708
125.60000	    1.78855	    0.75977	    2.75085	    1.17894	    1.44718
125.80000	    1.78882	    0.75982	    2.74970	    1.17844	    1.44728
126.00000	    1.78908	    0.75988	    2.74856	    1.17795	    1.44738
126.20000	    1.78935	    0.75993	    2.74742	    1.17747	    1.44748
126.40000	    1.78961	    0.75998	    2.74628	    1.17698	    1.44758
126.60000	    1.78988	    0.76003	    2.74515	    1.17649	    1.44768
126.80000	    1.79014	    0.76008	    2.74403	    1.17601	    1.44778
127.00000	    1.79040	    0.76013	    2.74290	    1.17553	    1.44787
127.20000	    1.79066	    0.76018	    2.74178	    1.17505	    1.44797
127.40000	    1.79092	    0.76024	    2.74066	    1.17457	    1.44807
127.60000	    1.79118	    0.76029	    2.73955	    1.17409	    1.44816
127.80000	    1.79144	    0.76034	    2.73844	    1.17362	    1.44826
128.00000	    1.79169	    0.76039	    2.73734	    1.17314	    1.44835
128.20000	    1.79195	    0.76044	    2.73624	    1.17267	    1.44845
128.40000	    1.79221	    0.76049	    2.73514	    1.17220	    1.44854
128.60000	    1.79246	    0.76054	    2.73404	    1.17173	    1.44864
128.80000	    1.79271	    0.76058	    2.73295	    1.17126	    1.44873
129.00000	    1.79297	    0.76063	    2.73186	    1.17080	    1.44883
129.20000	    1.79322	    0.76068	    2.73078	    1.17033	    1.44892
129.40000	    1.79347	    0.76073	    2.72970	    1.16987	    1.44901
129.60000	    1.79372	    0.76078	    2.72862	    1.16941	    1.44910
129.80000	    1.79397	    0.76083	    2.72755	    1.16895	    1.44919
130.00000	    1.79421	    0.76087	    2.72648	    1.16849	    1.44929
130.20000	    1.79446	    0.76092	    2.72541	    1.16803	    1.44938
130.40000	    1.79471	    0.76097	    2.72435	    1.16758	    1.44947
130.60000	    1.79495	    0.76102	    2.72329	    1.16712	    1.44956
130.80000	    1.79520	    0.76106	    2.72223	    1.16667	    1.44965
131.00000	    1.79544	    0.76111	    2.72118	    1.16622	    1.44974
131.20000	    1.79568	    0.76116	    2.72013	    1.16577	    1.44982
131.40000	    1.79592	    0.76120	    2.71909	    1.16532	    1.44991
131.60000	    1.79617	    0.76125	    2.71804	    1.16488	    1.45000
131.80000	    1.79641	    0.76130	    2.71700	    1.16443	    1.45009
132.00000	    1.79664	    0.76134	    2.71597	    1.16399	    1.45018
132.20000	    1.79688	    0.76139	    2.71494	    1.16354	    1.45026
132.40000	    1.79712	    0.76143	    2.71391	    1.16310	    1.45035
132.60000	    1.79736	    0.76148	    2.71288	    1.16266	    1.45044
132.80000	    1.79759	    0.76152	    2.71186	    1.16222	    1.45052
133.00000	    1.79783	    0.76157	    2.71084	    1.16179	    1.45061
133.20000	    1.79806	    0.76161	    2.70982	    1.16135	    1.45069
133.40000	    1.79830	    0.76166	    2.70881	    1.16092	    1.45078
133.60000	    1.79853	    0.76170	    2.70780	    1.16048	    1.45086
133.80000	    1.79876	    0.76175	    2.70679	    1.16005	    1.45094
134.00000	    1.79899	    0.76179	    2.70579	    1.15962	    1.45103
134.20000	    1.79922	    0.76183	    2.70479	    1.15919	    1.45111
134.40000	    1.79945	    0.76188	    2.70379	    1.15877	    1.45119
134.60000	    1.79968	    0.76192	    2.70280	    1.15834	    1.45128
134.80000	    1.79991	    0.76196	    2.70180	    1.15792	    1.45136
135.00000	    1.80013	    0.76201	    2.70082	    1.15749	    1.45144
135.20000	    1.80036	    0.76205	    2.69983	    1.15707	    1.45152
135.40000	    1.80059	    0.76209	    2.69885	    1.15665	    1.45160
135.60000	    1.80081	    0.76213	    2.69787	    1.15623	    1.45168
135.80000	    1.80104	    0.76218	    2.69690	    1.15581	    1.45176
136.00000	    1.80126	    0.76222	    2.69592	    1.15540	    1.45185
136.20000	    1.80148	    0.76226	    2.69495	    1.15498	    1.45192
136.40000	    1.80170	    0.76230	    2.69399	    1.15457	    1.45200
136.60000	    1.80192	    0.76234	    2.69302	    1.15415	    1.45208
136.80000	    1.80214	    0.76239	    2.69206	    1.15374	    1.45216
137.00000	    1.80236	    0.76243	    2.69110	    1.15333	    1.45224
137.20000	    1.80258	    0.76247	    2.69015	    1.15292	    1.45232
137.40000	    1.80280	    0.76251	    2.68920	    1.15251	    1.45240
137.60000	    1.80302	    0.76255	    2.68825	    1.15211	    1.45247
137.80000	    1.80323	    0.76259	    2.68730	    1.15170	    1.45255
138.00000	    1.80345	    0.76263	    2.68636	    1.15130	    1.45263
138.20000	    1.80366	    0.76267	    2.68542	    1.15089	    1.45270
138.40000	    1.80388	    0.76271	    2.68448	    1.15049	    1.45278
138.60000	    1.80409	    0.76275	    2.68355	    1.15009	    1.45286
138.80000	    1.80431	    0.76279	    2.68261	    1.14969	    1.45293
139.00000	    1.80452	    0.76283	    2.68168	    1.14929	    1.45301
139.20000	    1.80473	    0.76287	    2.68076	    1.14890	    1.45308
139.40000	    1.80494	    0.76291	    2.67984	    1.14850	    1.45316
139.60000	    1.80515	    0.76295	    2.67891	    1.14811	    1.45323
139.80000	    1.80536	    0.76299	    2.67800	    1.14771	    1.45331
140.00000	    1.80557	    0.76302	    2.67708	    1.14732	    1.45338
140.20000	    1.80578	    0.76306	    2.67617	    1.14693	    1.45345
140.40000	    1.80598	    0.76310	    2.67526	    1.14654	    1.45353
140.60000	    1.80619	    0.76314	    2.67435	    1.14615	    1.45360
140.80000	    1.80640	    0.76318	    2.67345	    1.14576	    1.45367
141.00000	    1.80660	    0.76322	    2.67255	    1.14538	    1.45374
141.20000	    1.80681	    0.76325	    2.67165	    1.14499	    1.45382
141.40000	    1.80701	    0.76329	    2.67075	    1.14461	    1.45389
141.60000	    1.80721	    0.76333	    2.66986	    1.14423	    1.45396
141.80000	    1.80742	    0.76337	    2.66897	    1.14384	    1.45403
142.00000	    1.80762	    0.76340	    2.66808	    1.14346	    1.45410
142.20000	    1.80782	    0.76344	    2.66719	    1.14308	    1.45417
142.40000	    1.80802	    0.76348	    2.66631	    1.14270	    1.45424
142.60000	    1.80822	    0.76351	    2.66543	    1.14233	    1.45431
142.80000	    1.80842	    0.76355	    2.66455	    1.14195	    1.45438
143.00000	    1.80862	    0.76359	    2.66368	    1.14158	    1.45445
143.20000	    1.80882	    0.76362	    2.66281	    1.14120	    1.45452
143.40000	    1.80901	    0.76366	    2.66194	    1.14083	    1.45459
143.60000	    1.80921	    0.76369	    2.66107	    1.14046	    1.45466
143.80000	    1.80941	    0.76373	    2.66020	    1.14009	    1.45473
144.00000	    1.80960	    0.76377	    2.65934	    1.13972	    1.45479
144.20000	    1.80980	    0.76380	    2.65848	    1.13935	    1.45486
144.40000	    1.80999	    0.76384	    2.65762	    1.13898	    1.45493
144.60000	    1.81018	    0.76387	    2.65677	    1.13862	    1.45500
144.80000	    1.81038	    0.76391	    2.65592	    1.13825	    1.45506
145.00000	    1.81057	    0.76394	    2.65507	    1.13789	    1.45513
145.20000	    1.81076	    0.76398	    2.65422	    1.13752	    1.45520
145.40000	    1.81095	    0.76401	    2.65337	    1.13716	    1.45526
145.60000	    1.81114	    0.76405	    2.65253	    1.13680	    1.45533
145.80000	    1.81133	    0.76408	    2.65169	    1.13644	    1.45539
146.00000	    1.81152	    0.76412	    2.65085	    1.13608	    1.45546
146.20000	    1.81171	    0.76415	    2.65002	    1.13572	    1.45552
146.40000	    1.81190	    0.76418	    2.64919	    1.13537	    1.45559
146.60000	    1.81209	    0.76422	    2.64835	    1.13501	    1.45565
146.80000	    1.81228	    0.76425	    2.64753	    1.13465	    1.45572
147.00000	    1.81246	    0.76429	    2.64670	    1.13430	    1.45578
147.20000	    1.81265	    0.76432	    2.64588	    1.13395	    1.45585
147.40000	    1.81283	    0.76435	    2.64506	    1.13360	    1.45591
147.60000	    1.81302	    0.76439	    2.64424	    1.13324	    1.45597
147.80000	    1.81320	    0.76442	    2.64342	    1.13289	    1.45604
148.00000	    1.81338	    0.76445	    2.64261	    1.13255	    1.45610
148.20000	    1.81357	    0.76448	    2.64180	    1.13220	    1.45616
148.40000	    1.81375	    0.76452	    2.64099	    1.13185	    1.45622
148.60000	    1.81393	    0.76455	    2.64018	    1.13151	    1.45629
148.80000	    1.81411	    0.76458	    2.63937	    1.13116	    1.45635
149.00000	    1.81429	    0.76461	    2.63857	    1.13082	    1.45641
149.20000	    1.81447	    0.76465	    2.63777	    1.13047	    1.45647
149.40000	    1.81465	    0.76468	    2.63697	    1.13013	    1.45653
149.60000	    1.81483	    0.76471	    2.63618	    1.12979	    1.45659
149.80000	    1.81501	    0.76474	    2.63538	    1.12945	    1.45665
150.00000	    1.81519	    0.76477	    2.63459	    1.12911	    1.45671
150.20000	    1.81537	    0.76481	    2.63380	    1.12877	    1.45677
150.40000	    1.81554	    0.76484	    2.63302	    1.12844	    1.45683
150.60000	    1.81572	    0.76487	    2.63223	    1.12810	    1.45689
150.80000	    1.81590	    0.76490	    2.63145	    1.12776	    1.45695
151.00000	    1.81607	    0.76493	    2.63067	    1.12743	    1.45701
151.20000	    1.81625	    0.76496	    2.62989	    1.12710	    1.45707
151.40000	    1.81642	    0.76499	    2.62911	    1.12676	    1.45713
151.60000	    1.81659	    0.76502	    2.62834	    1.12643	    1.45719
151.80000	    1.81677	    0.76506	    2.62757	    1.12610	    1.45725
152.00000	    1.81694	    0.76509	    2.62680	    1.12577	    1.45731
152.20000	    1.81711	    0.76512	    2.62603	    1.12544	    1.45736
152.40000	    1.81728	    0.76515	    2.62526	    1.12511	    1.45742
152.60000	    1.81745	    0.76518	    2.62450	    1.12479	    1.45748
152.80000	    1.81762	    0.76521	    2.62374	    1.12446	    1.45754
153.00000	    1.81779	    0.76524	    2.62298	    1.12413	    1.45759
153.20000	    1.81796	    0.76527	    2.62222	    1.12381	    1.45765
153.40000	    1.81813	    0.76530	    2.62147	    1.12349	    1.45771
153.60000	    1.81830	    0.76533	    2.62072	    1.12316	    1.45776
153.80000	    1.81847	    0.76536	    2.61997	    1.12284	    1.45782
154.00000	    1.81864	    0.76539	    2.61922	    1.12252	    1.45788
154.20000	    1.81880	    0.76541	    2.61847	    1.12220	    1.45793
154.40000	    1.81897	    0.76544	    2.61772	    1.12188	    1.45799
154.60000	    1.81914	    0.76547	    2.61698	    1.12156	    1.45804
154.80000	    1.81930	    0.76550	    2.61624	    1.12125	    1.45810
155.00000	    1.81947	    0.76553	    2.61550	    1.12093	    1.45815
155.20000	    1.81963	    0.76556	    2.61477	    1.12061	    1.45821
155.40000	    1.81980	    0.76559	    2.61403	    1.12030	    1.45826
155.60000	    1.81996	    0.76562	    2.61330	    1.11998	    1.45832
155.80000	    1.82012	    0.76565	    2.61257	    1.11967	    1.45837
156.00000	    1.82028	    0.76567	    2.61184	    1.11936	    1.45843
156.20000	    1.82045	    0.76570	    2.61111	    1.11905	    1.45848
156.40000	    1.82061	    0.76573	    2.61039	    1.11874	    1.45853
156.60000	    1.82077	    0.76576	    2.60966	    1.11843	    1.45859
156.80000	    1.82093	    0.76579	    2.60894	    1.11812	    1.45864
157.00000	    1.82109	    0.76581	    2.60822	    1.11781	    1.45869
157.20000	    1.82125	    0.76584	    2.60751	    1.11750	    1.45875
157.40000	    1.82141	    0.76587	    2.60679	    1.11720	    1.45880
157.60000	    1.82157	    0.76590	    2.60608	    1.11689	    1.45885
157.80000	    1.82173	    0.76592	    2.60537	    1.11659	    1.45890
158.00000	    1.82188	    0.76595	    2.60466	    1.11628	    1.45896
158.20000	    1.82204	    0.76598	    2.60395	    1.11598	    1.45901
158.40000	    1.82220	    0.76601	    2.60324	    1.11568	    1.45906
158.60000	    1.82235	    0.76603	    2.60254	    1.11537	    1.45911
158.80000	    0.76606	    2.60184	    1.11507	    1.45916
159.00000	    1.82267	    0.76609	    2.60114	    1.11477	    1.45921
159.20000	    1.82282	    0.76611	    2.60044	    1.11447	    1.45927
159.40000	    1.82298	    0.76614	    2.59974	    1.11417	    1.45932
159.60000	    1.82313	    0.76617	    2.59905	    1.11388	    1.45937
159.80000	    1.82328	    0.76619	    2.59835	    1.11358	    1.45942
160.00000	    1.82344	    0.76622	    2.59766	    1.11328	    1.45947
160.20000	    1.82359	    0.76625	    2.59697	    1.11299	    1.45952
160.40000	    1.82374	    0.76627	    2.59629	    1.11269	    1.45957
160.60000	    1.82389	    0.76630	    2.59560	    1.11240	    1.45962
160.80000	    1.82405	    0.76633	    2.59492	    1.11211	    1.45967
161.00000	    1.82420	    0.76635	    2.59423	    1.11181	    1.45972
161.20000	    1.82435	    0.76638	    2.59355	    1.11152	    1.45977
161.40000	    1.82450	    0.76640	    2.59288	    1.11123	    1.45981
161.60000	    1.82465	    0.76643	    2.59220	    1.11094	    1.45986
161.80000	    1.82480	    0.76645	    2.59152	    1.11065	    1.45991
162.00000	    1.82495	    0.76648	    2.59085	    1.11036	    1.45996
162.20000	    1.82510	    0.76650	    2.59018	    1.11008	    1.46001
162.40000	    1.82524	    0.76653	    2.58951	    1.10979	    1.46006
162.60000	    1.82539	    0.76656	    2.58884	    1.10950	    1.46011
162.80000	    1.82554	    0.76658	    2.58817	    1.10922	    1.46015
163.00000	    1.82569	    0.76661	    2.58751	    1.10893	    1.46020
163.20000	    1.82583	    0.76663	    2.58685	    1.10865	    1.46025
163.40000	    1.82598	    0.76666	    2.58618	    1.10836	    1.46030
163.60000	    1.82612	    0.76668	    2.58553	    1.10808	    1.46034
163.80000	    1.82627	    0.76670	    2.58487	    1.10780	    1.46039
164.00000	    1.82641	    0.76673	    2.58421	    1.10752	    1.46044
164.20000	    1.82656	    0.76675	    2.58356	    1.10724	    1.46048
164.40000	    1.82670	    0.76678	    2.58290	    1.10696	    1.46053
164.60000	    1.82685	    0.76680	    2.58225	    1.10668	    1.46058
164.80000	    1.82699	    0.76683	    2.58160	    1.10640	    1.46062
165.00000	    1.82713	    0.76685	    2.58095	    1.10612	    1.46067
165.20000	    1.82728	    0.76687	    2.58031	    1.10585	    1.46071
165.40000	    1.82742	    0.76690	    2.57966	    1.10557	    1.46076
165.60000	    1.82756	    0.76692	    2.57902	    1.10529	    1.46081
165.80000	    1.82770	    0.76695	    2.57838	    1.10502	    1.46085
166.00000	    1.82784	    0.76697	    2.57774	    1.10475	    1.46090
166.20000	    1.82798	    0.76699	    2.57710	    1.10447	    1.46094
166.40000	    1.82812	    0.76702	    2.57647	    1.10420	    1.46099
166.60000	    1.82826	    0.76704	    2.57583	    1.10393	    1.46103
166.80000	    1.82840	    0.76706	    2.57520	    1.10366	    1.46108
167.00000	    1.82854	    0.76709	    2.57456	    1.10338	    1.46112
167.20000	    1.82868	    0.76711	    2.57393	    1.10311	    1.46116
167.40000	    1.82882	    0.76713	    2.57331	    1.10285	    1.46121
167.60000	    1.82895	    0.76716	    2.57268	    1.10258	    1.46125
167.80000	    1.82909	    0.76718	    2.57205	    1.10231	    1.46130
168.00000	    1.82923	    0.76720	    2.57143	    1.10204	    1.46134
168.20000	    1.82937	    0.76723	    2.57081	    1.10177	    1.46138
168.40000	    1.82950	    0.76725	    2.57019	    1.10151	    1.46143
168.60000	    1.82964	    0.76727	    2.56957	    1.10124	    1.46147
168.80000	    1.82977	    0.76729	    2.56895	    1.10098	    1.46151
169.00000	    1.82991	    0.76732	    2.56833	    1.10071	    1.46156
169.20000	    1.83004	    0.76734	    2.56772	    1.10045	    1.46160
169.40000	    1.83018	    0.76736	    2.56711	    1.10019	    1.46164
169.60000	    1.83031	    0.76738	    2.56649	    1.09993	    1.46168
169.80000	    1.83045	    0.76741	    2.56588	    1.09966	    1.46173
170.00000	    1.83058	    0.76743	    2.56527	    1.09940	    1.46177
170.20000	    1.83071	    0.76745	    2.56467	    1.09914	    1.46181
170.40000	    1.83085	    0.76747	    2.56406	    1.09888	    1.46185
170.60000	    1.83098	    0.76749	    2.56346	    1.09862	    1.46189
170.80000	    1.83111	    0.76752	    2.56286	    1.09837	    1.46194
171.00000	    1.83124	    0.76754	    2.56225	    1.09811	    1.46198
171.20000	    1.83137	    0.76756	    2.56165	    1.09785	    1.46202
171.40000	    1.83150	    0.76758	    2.56106	    1.09760	    1.46206
171.60000	    1.83163	    0.76760	    2.56046	    1.09734	    1.46210
171.80000	    1.83176	    0.76762	    2.55986	    1.09708	    1.46214
172.00000	    1.83189	    0.76765	    2.55927	    1.09683	    1.46218
172.20000	    1.83202	    0.76767	    2.55868	    1.09658	    1.46222
172.40000	    1.83215	    0.76769	    2.55809	    1.09632	    1.46226
172.60000	    1.83228	    0.76771	    2.55750	    1.09607	    1.46230
172.80000	    1.83241	    0.76773	    2.55691	    1.09582	    1.46235
173.00000	    1.83254	    0.76775	    2.55632	    1.09557	    1.46239
173.20000	    1.83267	    0.76777	    2.55574	    1.09532	    1.46243
173.40000	    1.83279	    0.76779	    2.55515	    1.09507	    1.46247
173.60000	    1.83292	    0.76782	    2.55457	    1.09482	    1.46251
173.80000	    1.83305	    0.76784	    2.55399	    1.09457	    1.46254
174.00000	    1.83317	    0.76786	    2.55341	    1.09432	    1.46258
174.20000	    1.83330	    0.76788	    2.55283	    1.09407	    1.46262
174.40000	    1.83343	    0.76790	    2.55225	    1.09382	    1.46266
174.60000	    1.83355	    0.76792	    2.55168	    1.09358	    1.46270
174.80000	    1.83368	    0.76794	    2.55110	    1.09333	    1.46274
175.00000	    1.83380	    0.76796	    2.55053	    1.09308	    1.46278
175.20000	    1.83393	    0.76798	    2.54996	    1.09284	    1.46282
175.40000	    1.83405	    0.76800	    2.54939	    1.09260	    1.46286
175.60000	    1.83417	    0.76802	    2.54882	    1.09235	    1.46290
175.80000	    1.83430	    0.76804	    2.54825	    1.09211	    1.46293
176.00000	    1.83442	    0.76806	    2.54769	    1.09187	    1.46297
176.20000	    1.83454	    0.76808	    2.54712	    1.09162	    1.46301
176.40000	    1.83467	    0.76810	    2.54656	    1.09138	    1.46305
176.60000	    1.83479	    0.76812	    2.54600	    1.09114	    1.46309
176.80000	    1.83491	    0.76814	    2.54544	    1.09090	    1.46312
177.00000	    1.83503	    0.76816	    2.54488	    1.09066	    1.46316
177.20000	    1.83515	    0.76818	    2.54432	    1.09042	    1.46320
177.40000	    1.83528	    0.76820	    2.54376	    1.09018	    1.46324
177.60000	    1.83540	    0.76822	    2.54321	    1.08995	    1.46327
177.80000	    1.83552	    0.76824	    2.54265	    1.08971	    1.46331
178.00000	    1.83564	    0.76826	    2.54210	    1.08947	    1.46335
178.20000	    1.83576	    0.76828	    2.54155	    1.08924	    1.46338
178.40000	    1.83588	    0.76830	    2.54100	    1.08900	    1.46342
178.60000	    1.83600	    0.76832	    2.54045	    1.08876	    1.46346
178.80000	    1.83611	    0.76833	    2.53990	    1.08853	    1.46349
179.00000	    1.83623	    0.76835	    2.53936	    1.08830	    1.46353
179.20000	    1.83635	    0.76837	    2.53881	    1.08806	    1.46357
179.40000	    1.83647	    0.76839	    2.53827	    1.08783	    1.46360
179.60000	    1.83659	    0.76841	    2.53772	    1.08760	    1.46364
179.80000	    1.83670	    0.76843	    2.53718	    1.08736	    1.46368
180.00000	    1.83682	    0.76845	    2.53664	    1.08713	    1.46371
180.20000	    1.83694	    0.76847	    2.53610	    1.08690	    1.46375
180.40000	    1.83705	    0.76849	    2.53557	    1.08667	    1.46378
180.60000	    1.83717	    0.76850	    2.53503	    1.08644	    1.46382
180.80000	    1.83729	    0.76852	    2.53449	    1.08621	    1.46385
181.00000	    1.83740	    0.76854	    2.53396	    1.08598	    1.46389
181.20000	    1.83752	    0.76856	    2.53343	    1.08576	    1.46392
181.40000	    1.83763	    0.76858	    2.53290	    1.08553	    1.46396
181.60000	    1.83775	    0.76860	    2.53237	    1.08530	    1.46399
181.80000	    1.83786	    0.76862	    2.53184	    1.08507	    1.46403
182.00000	    1.83798	    0.76863	    2.53131	    1.08485	    1.46406
182.20000	    1.83809	    0.76865	    2.53078	    1.08462	    1.46410
182.40000	    1.83820	    0.76867	    2.53026	    1.08440	    1.46413
182.60000	    1.83832	    0.76869	    2.52973	    1.08417	    1.46417
182.80000	    1.83843	    0.76871	    2.52921	    1.08395	    1.46420
183.00000	    1.83854	    0.76872	    2.52869	    1.08372	    1.46424
183.20000	    1.83865	    0.76874	    2.52817	    1.08350	    1.46427
183.40000	    1.83877	    0.76876	    2.52765	    1.08328	    1.46430
183.60000	    1.83888	    0.76878	    2.52713	    1.08306	    1.46434
183.80000	    1.83899	    0.76880	    2.52661	    1.08283	    1.46437
184.00000	    1.83910	    0.76881	    2.52610	    1.08261	    1.46441
184.20000	    1.83921	    0.76883	    2.52558	    1.08239	    1.46444
184.40000	    1.83932	    0.76885	    2.52507	    1.08217	    1.46447
184.60000	    1.83943	    0.76887	    2.52456	    1.08195	    1.46451
184.80000	    1.83954	    0.76888	    2.52405	    1.08173	    1.46454
185.00000	    1.83965	    0.76890	    2.52354	    1.08152	    1.46457
185.20000	    1.83976	    0.76892	    2.52303	    1.08130	    1.46460
185.40000	    1.83987	    0.76893	    2.52252	    1.08108	    1.46464
185.60000	    1.83998	    0.76895	    2.52201	    1.08086	    1.46467
185.80000	    1.84009	    0.76897	    2.52151	    1.08065	    1.46470
186.00000	    1.84020	    0.76899	    2.52100	    1.08043	    1.46474
186.20000	    1.84031	    0.76900	    2.52050	    1.08021	    1.46477
186.40000	    1.84042	    0.76902	    2.52000	    1.08000	    1.46480
186.60000	    1.84052	    0.76904	    2.51950	    1.07979	    1.46483
186.80000	    1.84063	    0.76905	    2.51900	    1.07957	    1.46487
187.00000	    1.84074	    0.76907	    2.51850	    1.07936	    1.46490
187.20000	    1.84085	    0.76909	    2.51800	    1.07914	    1.46493
187.40000	    1.84095	    0.76910	    2.51751	    1.07893	    1.46496
187.60000	    1.84106	    0.76912	    2.51701	    1.07872	    1.46499
187.80000	    1.84117	    0.76914	    2.51652	    1.07851	    1.46503
188.00000	    1.84127	    0.76915	    2.51602	    1.07830	    1.46506
188.20000	    1.84138	    0.76917	    2.51553	    1.07808	    1.46509
188.40000	    1.84148	    0.76919	    2.51504	    1.07787	    1.46512
188.60000	    1.84159	    0.76920	    2.51455	    1.07766	    1.46515
188.80000	    1.84169	    0.76922	    2.51406	    1.07745	    1.46518
189.00000	    1.84180	    0.76924	    2.51357	    1.07725	    1.46521
189.20000	    1.84190	    0.76925	    2.51309	    1.07704	    1.46524
189.40000	    1.84201	    0.76927	    2.51260	    1.07683	    1.46528
189.60000	    1.84211	    0.76929	    2.51212	    1.07662	    1.46531
189.80000	    1.84221	    0.76930	    2.51163	    1.07641	    1.46534
190.00000	    1.84232	    0.76932	    2.51115	    1.07621	    1.46537
190.20000	    1.84242	    0.76933	    2.51067	    1.07600	    1.46540
190.40000	    1.84252	    0.76935	    2.51019	    1.07580	    1.46543
190.60000	    1.84263	    0.76937	    2.50971	    1.07559	    1.46546
190.80000	    1.84273	    0.76938	    2.50923	    1.07539	    1.46549
191.00000	    1.84283	    0.76940	    2.50875	    1.07518	    1.46552
191.20000	    1.84293	    0.76941	    2.50828	    1.07498	    1.46555
191.40000	    1.84303	    0.76943	    2.50780	    1.07477	    1.46558
191.60000	    1.84314	    0.76945	    2.50733	    1.07457	    1.46561
191.80000	    1.84324	    0.76946	    2.50686	    1.07437	    1.46564
192.00000	    1.84334	    0.76948	    2.50638	    1.07416	    1.46567
192.20000	    1.84344	    0.76949	    2.50591	    1.07396	    1.46570
192.40000	    1.84354	    0.76951	    2.50544	    1.07376	    1.46573
192.60000	    1.84364	    0.76952	    2.50498	    1.07356	    1.46576
192.80000	    1.84374	    0.76954	    2.50451	    1.07336	    1.46579
193.00000	    1.84384	    0.76955	    2.50404	    1.07316	    1.46582
193.20000	    1.84394	    0.76957	    2.50357	    1.07296	    1.46585
193.40000	    1.84404	    0.76958	    2.50311	    1.07276	    1.46588
193.60000	    1.84414	    0.76960	    2.50265	    1.07256	    1.46591
193.80000	    1.84424	    0.76962	    2.50218	    1.07236	    1.46593
194.00000	    1.84434	    0.76963	    2.50172	    1.07217	    1.46596
194.20000	    1.84443	    0.76965	    2.50126	    1.07197	    1.46599
194.40000	    1.84453	    0.76966	    2.50080	    1.07177	    1.46602
194.60000	    1.84463	    0.76968	    2.50034	    1.07157	    1.46605
194.80000	    1.84473	    0.76969	    2.49988	    1.07138	    1.46608
195.00000	    1.84483	    0.76971	    2.49943	    1.07118	    1.46611
195.20000	    1.84492	    0.76972	    2.49897	    1.07099	    1.46613
195.40000	    1.84502	    0.76974	    2.49852	    1.07079	    1.46616
195.60000	    0.76975	    2.49806	    1.07060	    1.46619
195.80000	    1.84521	    0.76977	    2.49761	    1.07040	    1.46622
196.00000	    1.84531	    0.76978	    2.49716	    1.07021	    1.46625
196.20000	    1.84541	    0.76979	    2.49671	    1.07002	    1.46628
196.40000	    1.84550	    0.76981	    2.49626	    1.06982	    1.46630
196.60000	    1.84560	    0.76982	    2.49581	    1.06963	    1.46633
196.80000	    1.84569	    0.76984	    2.49536	    1.06944	    1.46636
197.00000	    1.84579	    0.76985	    2.49491	    1.06925	    1.46639
197.20000	    1.84588	    0.76987	    2.49446	    1.06906	    1.46641
197.40000	    1.84598	    0.76988	    2.49402	    1.06887	    1.46644
197.60000	    1.84607	    0.76990	    2.49357	    1.06867	    1.46647
197.80000	    1.84617	    0.76991	    2.49313	    1.06848	    1.46650
198.00000	    1.84626	    0.76993	    2.49269	    1.06829	    1.46652
198.20000	    1.84636	    0.76994	    2.49225	    1.06811	    1.46655
198.40000	    1.84645	    0.76995	    2.49181	    1.06792	    1.46658
198.60000	    1.84654	    0.76997	    2.49137	    1.06773	    1.46661
198.80000	    1.84664	    0.76998	    2.49093	    1.06754	    1.46663
199.00000	    1.84673	    0.77000	    2.49049	    1.06735	    1.46666
199.20000	    1.84682	    0.77001	    2.49005	    1.06716	    1.46669
199.40000	    1.84692	    0.77002	    2.48962	    1.06698	    1.46671
199.60000	    1.84701	    0.77004	    2.48918	    1.06679	    1.46674
199.80000	    1.84710	    0.77005	    2.48875	    1.06661	    1.46677
200.00000	    1.84719	    0.77007	    2.48831	    1.06642	    1.46679
