0.00000	    8.33333	    2.66667	    2.33333
0.20000	    8.33333	    2.66667	    2.33333
0.40000	    8.33333	    2.66667	    2.33333
0.60000	    8.33333	    2.66667	    2.33333
0.80000	    8.33333	    2.66667	    2.33333
1.00000	    8.33333	    2.66667	    2.33333
1.20000	    8.33333	    2.66667	    2.33333
1.40000	    8.33333	    2.66667	    2.33333
1.60000	    8.33333	    2.66667	    2.33333
1.80000	    8.33333	    2.66667	    2.33333
2.00000	    8.33333	    2.66667	    2.33333
2.20000	    8.33333	    2.66667	    2.33333
2.40000	    8.33333	    2.66667	    2.33333
2.60000	    8.33333	    2.66667	    2.33333
2.80000	    8.33334	    2.66666	    2.33333
3.00000	    8.33334	    2.66666	    2.33333
3.20000	    8.33336	    2.66665	    2.33332
3.40000	    8.33338	    2.66664	    2.33331
3.60000	    8.33329	    0.00014	    2.66662	    2.33329
3.80000	    5.55537	    0.00025	    2.66657	    2.33325
4.00000	    5.55523	    0.00042	    2.66651	    2.33320
4.20000	    5.55504	    0.00066	    2.66642	    2.33311
4.40000	    5.55476	    0.00101	    0.00016	    2.66628	    2.33299
4.60000	    5.55437	    0.00147	    0.00025	    2.66609	    2.33283
4.80000	    5.55384	    0.00208	    0.00037	    2.66584	    2.33261
5.00000	    5.55316	    0.00287	    0.00055	    2.66550	    2.33232
5.20000	    5.55228	    0.00385	    0.00077	    2.66508	    2.33194
5.40000	    5.55119	    0.00506	    0.00106	    2.66454	    2.33148
5.60000	    5.54984	    0.00653	    0.00143	    2.66389	    2.33090
5.80000	    5.54821	    0.00826	    0.00189	    2.66310	    2.33021
6.00000	    5.54627	    0.01030	    0.00244	    2.66215	    2.32938
6.20000	    5.54399	    0.01266	    0.00311	    2.66104	    2.32841
6.40000	    5.54135	    0.01536	    0.00390	    2.65975	    2.32728
6.60000	    5.53831	    0.01841	    0.00483	    2.65827	    2.32599
6.80000	    5.53486	    0.02183	    0.00590	    2.65659	    2.32452
7.00000	    5.53096	    0.02564	    0.00712	    2.65469	    2.32285
7.20000	    5.52661	    0.02984	    0.00850	    2.65257	    2.32100
7.40000	    5.52179	    0.03443	    0.01006	    2.65022	    2.31894
7.60000	    5.51647	    0.03943	    0.01180	    2.64762	    2.31667
7.80000	    5.51066	    0.04484	    0.01372	    2.64479	    2.31419
8.00000	    5.50433	    0.05066	    0.01583	    2.64170	    2.31149
8.20000	    5.49749	    0.05688	    0.01813	    2.63836	    2.30857
8.40000	    5.49013	    0.06351	    0.02064	    2.63477	    2.30542
8.60000	    5.48225	    0.07053	    0.02335	    2.63092	    2.30205
8.80000	    5.47384	    0.07794	    0.02625	    2.62681	    2.29846
9.00000	    5.46491	    0.08574	    0.02937	    2.62245	    2.29464
9.20000	    5.45546	    0.09391	    0.03268	    2.61784	    2.29061
9.40000	    5.44550	    0.10244	    0.03620	    2.61297	    2.28635
9.60000	    5.43504	    0.11132	    0.03992	    2.60786	    2.28188
9.80000	    5.42409	    0.12055	    0.04384	    2.60251	    2.27720
10.00000	    5.41265	    0.13010	    0.04796	    2.59692	    2.27231
10.20000	    5.40074	    0.13996	    0.05227	    2.59110	    2.26721
10.40000	    5.38837	    0.15012	    0.05677	    2.58505	    2.26192
10.60000	    5.37555	    0.16057	    0.06145	    2.57879	    2.25644
10.80000	    5.36231	    0.17128	    0.06631	    2.57232	    2.25078
11.00000	    5.34865	    0.18225	    0.07135	    2.56564	    2.24493
11.20000	    5.33459	    0.19345	    0.07655	    2.55877	    2.23892
11.40000	    5.32015	    0.20488	    0.08192	    2.55170	    2.23274
11.60000	    5.30534	    0.21652	    0.08744	    2.54447	    2.22641
11.80000	    5.29019	    0.22835	    0.09312	    2.53706	    2.21992
12.00000	    5.27470	    0.24037	    0.09894	    2.52948	    2.21330
12.20000	    5.25890	    0.25254	    0.10489	    2.52176	    2.20654
12.40000	    5.24281	    0.26487	    0.11098	    2.51389	    2.19965
12.60000	    5.22644	    0.27733	    0.11719	    2.50588	    2.19264
12.80000	    5.20981	    0.28992	    0.12351	    2.49774	    2.18552
13.00000	    5.19293	    0.30261	    0.12995	    2.48949	    2.17830
13.20000	    5.17583	    0.31540	    0.13649	    2.48112	    2.17098
13.40000	    5.15851	    0.32828	    0.14313	    2.47265	    2.16357
13.60000	    5.14101	    0.34123	    0.14986	    2.46409	    2.15608
13.80000	    5.12332	    0.35423	    0.15668	    2.45543	    2.14850
14.00000	    5.10547	    0.36729	    0.16357	    2.44670	    2.14086
14.20000	    5.08748	    0.38039	    0.17053	    2.43790	    2.13316
14.40000	    5.06936	    0.39352	    0.17756	    2.42903	    2.12540
14.60000	    5.05111	    0.40666	    0.18465	    2.42010	    2.11759
14.80000	    5.03277	    0.41982	    0.19179	    2.41113	    2.10973
15.00000	    5.01433	    0.43297	    0.19899	    2.40210	    2.10184
15.20000	    4.99582	    0.44612	    0.20622	    2.39304	    2.09391
15.40000	    4.97724	    0.45925	    0.21350	    2.38395	    2.08596
15.60000	    4.95861	    0.47236	    0.22080	    2.37483	    2.07798
15.80000	    4.93994	    0.48544	    0.22814	    2.36570	    2.06998
16.00000	    4.92124	    0.49848	    0.23549	    2.35654	    2.06198
16.20000	    4.90252	    0.51148	    0.24287	    2.34738	    2.05396
16.40000	    4.88379	    0.52443	    0.25026	    2.33821	    2.04594
16.60000	    4.86506	    0.53732	    0.25767	    2.32905	    2.03792
16.80000	    4.84634	    0.55016	    0.26508	    2.31988	    2.02990
17.00000	    4.82764	    0.56293	    0.27249	    2.31073	    2.02189
17.20000	    4.80897	    0.57563	    0.27990	    2.30159	    2.01389
17.40000	    4.79033	    0.58825	    0.28730	    2.29246	    2.00591
17.60000	    4.77174	    0.60080	    0.29470	    2.28336	    1.99794
17.80000	    4.75319	    0.61327	    0.30209	    2.27428	    1.99000
18.00000	    4.73470	    0.62565	    0.30947	    2.26523	    1.98208
18.20000	    4.71627	    0.63794	    0.31682	    2.25621	    1.97418
18.40000	    4.69792	    0.65015	    0.32416	    2.24722	    1.96632
18.60000	    4.67963	    0.66226	    0.33148	    2.23827	    1.95848
18.80000	    4.66143	    0.67427	    0.33877	    2.22935	    1.95068
19.00000	    4.64330	    0.68619	    0.34604	    2.22048	    1.94292
19.20000	    4.62527	    0.69800	    0.35328	    2.21165	    1.93520
19.40000	    4.60733	    0.70972	    0.36048	    2.20287	    1.92751
19.60000	    4.58949	    0.72133	    0.36766	    2.19413	    1.91987
19.80000	    4.57175	    0.73284	    0.37480	    2.18545	    1.91226
20.00000	    4.55412	    0.74424	    0.38190	    2.17681	    1.90471
20.20000	    4.53659	    0.75554	    0.38897	    2.16823	    1.89720
20.40000	    4.51917	    0.76673	    0.39600	    2.15970	    1.88974
20.60000	    4.50186	    0.77781	    0.40299	    2.15122	    1.88232
20.80000	    4.48468	    0.78878	    0.40994	    2.14281	    1.87496
21.00000	    4.46761	    0.79965	    0.41685	    2.13445	    1.86764
21.20000	    4.45065	    0.81040	    0.42371	    2.12615	    1.86038
21.40000	    4.43383	    0.82105	    0.43053	    2.11790	    1.85317
21.60000	    4.41712	    0.83158	    0.43730	    2.10972	    1.84601
21.80000	    4.40054	    0.84201	    0.44403	    2.10160	    1.83890
22.00000	    4.38409	    0.85232	    0.45071	    2.09355	    1.83185
22.20000	    4.36776	    0.86253	    0.45735	    2.08555	    1.82486
22.40000	    4.35157	    0.87262	    0.46393	    2.07762	    1.81792
22.60000	    4.33550	    0.88261	    0.47047	    2.06975	    1.81103
22.80000	    4.31956	    0.89249	    0.47696	    2.06194	    1.80420
23.00000	    4.30376	    0.90226	    0.48340	    2.05420	    1.79743
23.20000	    4.28808	    0.91192	    0.48979	    2.04653	    1.79071
23.40000	    4.27254	    0.92148	    0.49613	    2.03891	    1.78405
23.60000	    4.25713	    0.93093	    0.50242	    2.03137	    1.77744
23.80000	    4.24185	    0.94027	    0.50866	    2.02388	    1.77090
24.00000	    4.22671	    0.94951	    0.51485	    2.01646	    1.76441
24.20000	    4.21170	    0.95864	    0.52098	    2.00911	    1.75797
24.40000	    4.19682	    0.96767	    0.52707	    2.00182	    1.75159
24.60000	    4.18207	    0.97660	    0.53311	    1.99460	    1.74527
24.80000	    4.16745	    0.98543	    0.53909	    1.98744	    1.73901
25.00000	    4.15297	    0.99415	    0.54503	    1.98034	    1.73280
25.20000	    4.13862	    1.00277	    0.55091	    1.97331	    1.72665
25.40000	    4.12439	    1.01130	    0.55674	    1.96635	    1.72055
25.60000	    4.11030	    1.01973	    0.56253	    1.95944	    1.71451
25.80000	    4.09634	    1.02805	    0.56826	    1.95261	    1.70853
26.00000	    4.08251	    1.03629	    0.57394	    1.94583	    1.70260
26.20000	    4.06880	    1.04442	    0.57957	    1.93912	    1.69673
26.40000	    4.05523	    1.05247	    0.58515	    1.93247	    1.69091
26.60000	    4.04178	    1.06042	    0.59068	    1.92588	    1.68514
26.80000	    4.02845	    1.06827	    0.59616	    1.91935	    1.67943
27.00000	    4.01526	    1.07604	    0.60160	    1.91288	    1.67377
27.20000	    4.00218	    1.08371	    0.60698	    1.90648	    1.66817
27.40000	    3.98923	    1.09130	    0.61231	    1.90014	    1.66262
27.60000	    3.97641	    1.09879	    0.61760	    1.89385	    1.65712
27.80000	    3.96370	    1.10620	    0.62284	    1.88763	    1.65168
28.00000	    3.95112	    1.11353	    0.62803	    1.88147	    1.64628
28.20000	    3.93866	    1.12076	    0.63317	    1.87536	    1.64094
28.40000	    3.92631	    1.12792	    0.63826	    1.86931	    1.63565
28.60000	    3.91409	    1.13499	    0.64331	    1.86332	    1.63041
28.80000	    3.90198	    1.14198	    0.64831	    1.85739	    1.62522
29.00000	    3.88999	    1.14888	    0.65327	    1.85152	    1.62008
29.20000	    3.87811	    1.15571	    0.65818	    1.84570	    1.61499
29.40000	    3.86635	    1.16246	    0.66304	    1.83993	    1.60994
29.60000	    3.85470	    1.16913	    0.66786	    1.83423	    1.60495
29.80000	    3.84316	    1.17572	    0.67263	    1.82857	    1.60000
30.00000	    3.83173	    1.18223	    0.67736	    1.82298	    1.59510
30.20000	    3.82042	    1.18867	    0.68205	    1.81743	    1.59025
30.40000	    3.80921	    1.19504	    0.68669	    1.81194	    1.58545
30.60000	    3.79811	    1.20133	    0.69129	    1.80650	    1.58069
30.80000	    3.78712	    1.20755	    0.69584	    1.80112	    1.57598
31.00000	    3.77623	    1.21370	    0.70036	    1.79578	    1.57131
31.20000	    3.76544	    1.21978	    0.70483	    1.79050	    1.56668
31.40000	    3.75476	    1.22579	    0.70926	    1.78526	    1.56211
31.60000	    3.74419	    1.23173	    0.71365	    1.78008	    1.55757
31.80000	    3.73371	    1.23761	    0.71799	    1.77495	    1.55308
32.00000	    3.72333	    1.24341	    0.72230	    1.76986	    1.54863
32.20000	    3.71306	    1.24915	    0.72657	    1.76483	    1.54423
32.40000	    3.70288	    1.25483	    0.73079	    1.75984	    1.53986
32.60000	    3.69280	    1.26044	    0.73498	    1.75490	    1.53554
32.80000	    3.68281	    1.26599	    0.73913	    1.75001	    1.53126
33.00000	    3.67292	    1.27148	    0.74324	    1.74516	    1.52702
33.20000	    3.66312	    1.27690	    0.74732	    1.74036	    1.52282
33.40000	    3.65342	    1.28227	    0.75135	    1.73561	    1.51866
33.60000	    3.64381	    1.28757	    0.75535	    1.73090	    1.51454
33.80000	    3.63429	    1.29282	    0.75931	    1.72624	    1.51046
34.00000	    3.62486	    1.29800	    0.76324	    1.72161	    1.50641
34.20000	    3.61552	    1.30313	    0.76712	    1.71704	    1.50241
34.40000	    3.60626	    1.30821	    0.77098	    1.71250	    1.49844
34.60000	    3.59710	    1.31322	    0.77479	    1.70801	    1.49451
34.80000	    3.58801	    1.31819	    0.77858	    1.70356	    1.49062
35.00000	    3.57902	    1.32309	    0.78233	    1.69915	    1.48676
35.20000	    3.57011	    1.32795	    0.78604	    1.69479	    1.48294
35.40000	    3.56128	    1.33275	    0.78972	    1.69046	    1.47915
35.60000	    3.55253	    1.33750	    0.79337	    1.68617	    1.47540
35.80000	    3.54386	    1.34220	    0.79698	    1.68193	    1.47169
36.00000	    3.53528	    1.34684	    0.80056	    1.67772	    1.46801
36.20000	    3.52677	    1.35144	    0.80411	    1.67355	    1.46436
36.40000	    3.51835	    1.35599	    0.80762	    1.66942	    1.46075
36.60000	    3.51000	    1.36049	    0.81111	    1.66533	    1.45717
36.80000	    3.50172	    1.36494	    0.81456	    1.66128	    1.45362
37.00000	    3.49353	    1.36934	    0.81799	    1.65726	    1.45010
37.20000	    3.48540	    1.37370	    0.82138	    1.65328	    1.44662
37.40000	    3.47735	    1.37801	    0.82474	    1.64934	    1.44317
37.60000	    3.46938	    1.38228	    0.82807	    1.64543	    1.43975
37.80000	    3.46148	    1.38650	    0.83137	    1.64156	    1.43636
38.00000	    3.45364	    1.39067	    0.83464	    1.63772	    1.43300
38.20000	    3.44588	    1.39481	    0.83789	    1.63391	    1.42968
38.40000	    3.43819	    1.39890	    0.84110	    1.63015	    1.42638
38.60000	    3.43057	    1.40294	    0.84429	    1.62641	    1.42311
38.80000	    3.42302	    1.40695	    0.84745	    1.62271	    1.41987
39.00000	    3.41553	    1.41091	    0.85058	    1.61904	    1.41666
39.20000	    3.40811	    1.41484	    0.85368	    1.61541	    1.41348
39.40000	    3.40076	    1.41872	    0.85676	    1.61180	    1.41033
39.60000	    3.39347	    1.42256	    0.85981	    1.60823	    1.40720
39.80000	    3.38625	    1.42637	    0.86283	    1.60469	    1.40410
40.00000	    3.37909	    1.43013	    0.86583	    1.60118	    1.40103
40.20000	    3.37199	    1.43386	    0.86880	    1.59770	    1.39799
40.40000	    3.36495	    1.43755	    0.87175	    1.59426	    1.39497
40.60000	    3.35798	    1.44120	    0.87467	    1.59084	    1.39198
40.80000	    3.35107	    1.44482	    0.87756	    1.58745	    1.38902
41.00000	    3.34421	    1.44840	    0.88043	    1.58409	    1.38608
41.20000	    3.33742	    1.45194	    0.88328	    1.58076	    1.38317
41.40000	    3.33069	    1.45545	    0.88610	    1.57746	    1.38028
41.60000	    3.32401	    1.45893	    0.88890	    1.57419	    1.37742
41.80000	    3.31739	    1.46237	    0.89167	    1.57095	    1.37458
42.00000	    3.31083	    1.46577	    0.89442	    1.56773	    1.37177
42.20000	    3.30432	    1.46915	    0.89715	    1.56454	    1.36898
42.40000	    3.29787	    1.47249	    0.89985	    1.56138	    1.36621
42.60000	    3.29148	    1.47579	    0.90254	    1.55825	    1.36347
42.80000	    3.28514	    1.47907	    0.90520	    1.55514	    1.36075
43.00000	    3.27885	    1.48231	    0.90783	    1.55206	    1.35805
43.20000	    3.27261	    1.48553	    0.91045	    1.54900	    1.35538
43.40000	    3.26643	    1.48871	    0.91304	    1.54597	    1.35273
43.60000	    3.26030	    1.49186	    0.91562	    1.54297	    1.35010
43.80000	    3.25422	    1.49498	    0.91817	    1.53999	    1.34749
44.00000	    3.24819	    1.49807	    0.92070	    1.53704	    1.34491
44.20000	    3.24221	    1.50113	    0.92321	    1.53411	    1.34234
44.40000	    3.23628	    1.50417	    0.92570	    1.53120	    1.33980
44.60000	    3.23040	    1.50717	    0.92817	    1.52832	    1.33728
44.80000	    3.22457	    1.51015	    0.93062	    1.52546	    1.33478
45.00000	    3.21879	    1.51310	    0.93304	    1.52263	    1.33230
45.20000	    3.21305	    1.51602	    0.93545	    1.51981	    1.32984
45.40000	    3.20736	    1.51891	    0.93784	    1.51703	    1.32740
45.60000	    3.20172	    1.52178	    0.94022	    1.51426	    1.32498
45.80000	    3.19612	    1.52462	    0.94257	    1.51152	    1.32258
46.00000	    3.19057	    1.52744	    0.94490	    1.50880	    1.32020
46.20000	    3.18506	    1.53022	    0.94722	    1.50610	    1.31783
46.40000	    3.17960	    1.53299	    0.94951	    1.50342	    1.31549
46.60000	    3.17418	    1.53573	    0.95179	    1.50076	    1.31317
46.80000	    3.16880	    1.53844	    0.95405	    1.49813	    1.31086
47.00000	    3.16347	    1.54113	    0.95629	    1.49551	    1.30857
47.20000	    3.15818	    1.54379	    0.95852	    1.49292	    1.30631
47.40000	    3.15293	    1.54643	    0.96072	    1.49035	    1.30405
47.60000	    3.14772	    1.54905	    0.96291	    1.48780	    1.30182
47.80000	    3.14255	    1.55164	    0.96509	    1.48526	    1.29961
48.00000	    3.13743	    1.55421	    0.96724	    1.48275	    1.29741
48.20000	    3.13234	    1.55676	    0.96938	    1.48026	    1.29523
48.40000	    3.12730	    1.55929	    0.97151	    1.47779	    1.29306
48.60000	    3.12229	    1.56179	    0.97361	    1.47533	    1.29092
48.80000	    3.11732	    1.56427	    0.97570	    1.47290	    1.28878
49.00000	    3.11239	    1.56673	    0.97778	    1.47048	    1.28667
49.20000	    3.10750	    1.56917	    0.97984	    1.46808	    1.28457
49.40000	    3.10264	    1.57159	    0.98188	    1.46570	    1.28249
49.60000	    3.09783	    1.57398	    0.98391	    1.46334	    1.28043
49.80000	    3.09305	    1.57636	    0.98592	    1.46100	    1.27838
50.00000	    3.08830	    1.57871	    0.98792	    1.45868	    1.27634
50.20000	    3.08360	    1.58105	    0.98990	    1.45637	    1.27432
50.40000	    3.07892	    1.58336	    0.99187	    1.45408	    1.27232
50.60000	    3.07429	    1.58565	    0.99382	    1.45181	    1.27033
50.80000	    3.06968	    1.58793	    0.99576	    1.44955	    1.26836
51.00000	    3.06512	    1.59019	    0.99769	    1.44731	    1.26640
51.20000	    3.06058	    1.59242	    0.99959	    1.44509	    1.26445
51.40000	    3.05608	    1.59464	    1.00149	    1.44288	    1.26252
51.60000	    3.05162	    1.59684	    1.00337	    1.44070	    1.26061
51.80000	    3.04719	    1.59902	    1.00524	    1.43852	    1.25871
52.00000	    3.04279	    1.60118	    1.00709	    1.43637	    1.25682
52.20000	    3.03842	    1.60333	    1.00894	    1.43423	    1.25495
52.40000	    3.03408	    1.60546	    1.01076	    1.43210	    1.25309
52.60000	    3.02978	    1.60757	    1.01258	    1.42999	    1.25124
52.80000	    3.02551	    1.60966	    1.01438	    1.42790	    1.24941
53.00000	    3.02126	    1.61173	    1.01617	    1.42582	    1.24759
53.20000	    3.01705	    1.61379	    1.01794	    1.42376	    1.24579
53.40000	    3.01287	    1.61583	    1.01970	    1.42171	    1.24399
53.60000	    3.00872	    1.61786	    1.02145	    1.41967	    1.24221
53.80000	    3.00460	    1.61987	    1.02319	    1.41765	    1.24045
54.00000	    3.00051	    1.62186	    1.02492	    1.41565	    1.23869
54.20000	    2.99645	    1.62384	    1.02663	    1.41366	    1.23695
54.40000	    2.99242	    1.62580	    1.02833	    1.41168	    1.23522
54.60000	    2.98842	    1.62774	    1.03002	    1.40972	    1.23351
54.80000	    2.98444	    1.62967	    1.03169	    1.40777	    1.23180
55.00000	    2.98050	    1.63158	    1.03336	    1.40584	    1.23011
55.20000	    2.97658	    1.63348	    1.03501	    1.40392	    1.22843
55.40000	    2.97269	    1.63537	    1.03666	    1.40201	    1.22676
55.60000	    2.96882	    1.63724	    1.03829	    1.40012	    1.22510
55.80000	    2.96498	    1.63909	    1.03991	    1.39823	    1.22346
56.00000	    2.96117	    1.64093	    1.04151	    1.39637	    1.22182
56.20000	    2.95739	    1.64276	    1.04311	    1.39451	    1.22020
56.40000	    2.95363	    1.64457	    1.04470	    1.39267	    1.21859
56.60000	    2.94990	    1.64636	    1.04627	    1.39084	    1.21699
56.80000	    2.94619	    1.64815	    1.04784	    1.38903	    1.21540
57.00000	    2.94251	    1.64992	    1.04939	    1.38722	    1.21382
57.20000	    2.93886	    1.65167	    1.05093	    1.38543	    1.21225
57.40000	    2.93523	    1.65342	    1.05247	    1.38365	    1.21069
57.60000	    2.93162	    1.65515	    1.05399	    1.38188	    1.20915
57.80000	    2.92804	    1.65686	    1.05550	    1.38013	    1.20761
58.00000	    2.92448	    1.65857	    1.05700	    1.37838	    1.20609
58.20000	    2.92095	    1.66026	    1.05850	    1.37665	    1.20457
58.40000	    2.91744	    1.66193	    1.05998	    1.37493	    1.20307
58.60000	    2.91396	    1.66360	    1.06145	    1.37322	    1.20157
58.80000	    2.91049	    1.66525	    1.06291	    1.37153	    1.20009
59.00000	    2.90705	    1.66689	    1.06436	    1.36984	    1.19861
59.20000	    2.90364	    1.66852	    1.06581	    1.36817	    1.19715
59.40000	    2.90024	    1.67014	    1.06724	    1.36650	    1.19569
59.60000	    2.89687	    1.67174	    1.06867	    1.36485	    1.19424
59.80000	    2.89352	    1.67333	    1.07008	    1.36321	    1.19281
60.00000	    2.89020	    1.67491	    1.07149	    1.36158	    1.19138
60.20000	    2.88689	    1.67648	    1.07288	    1.35996	    1.18996
60.40000	    2.88361	    1.67804	    1.07427	    1.35835	    1.18856
60.60000	    2.88035	    1.67959	    1.07565	    1.35675	    1.18716
60.80000	    2.87711	    1.68112	    1.07702	    1.35516	    1.18577
61.00000	    2.87389	    1.68264	    1.07838	    1.35358	    1.18439
61.20000	    2.87069	    1.68416	    1.07973	    1.35202	    1.18301
61.40000	    2.86751	    1.68566	    1.08108	    1.35046	    1.18165
61.60000	    2.86435	    1.68715	    1.08241	    1.34891	    1.18030
61.80000	    2.86121	    1.68863	    1.08374	    1.34737	    1.17895
62.00000	    2.85810	    1.69010	    1.08506	    1.34584	    1.17761
62.20000	    2.85500	    1.69156	    1.08637	    1.34433	    1.17629
62.40000	    2.85192	    1.69301	    1.08767	    1.34282	    1.17497
62.60000	    2.84886	    1.69445	    1.08896	    1.34132	    1.17365
62.80000	    2.84582	    1.69588	    1.09024	    1.33983	    1.17235
63.00000	    2.84280	    1.69730	    1.09152	    1.33835	    1.17105
63.20000	    2.83980	    1.69871	    1.09279	    1.33688	    1.16977
63.40000	    2.83682	    1.70011	    1.09405	    1.33542	    1.16849
63.60000	    2.83386	    1.70150	    1.09531	    1.33396	    1.16722
63.80000	    2.83091	    1.70287	    1.09655	    1.33252	    1.16595
64.00000	    2.82798	    1.70424	    1.09779	    1.33109	    1.16470
64.20000	    2.82508	    1.70561	    1.09902	    1.32966	    1.16345
64.40000	    2.82218	    1.70696	    1.10024	    1.32824	    1.16221
64.60000	    2.81931	    1.70830	    1.10146	    1.32683	    1.16098
64.80000	    2.81646	    1.70963	    1.10267	    1.32544	    1.15976
65.00000	    2.81362	    1.71096	    1.10387	    1.32404	    1.15854
65.20000	    2.81080	    1.71227	    1.10506	    1.32266	    1.15733
65.40000	    2.80800	    1.71358	    1.10624	    1.32129	    1.15613
65.60000	    2.80521	    1.71487	    1.10742	    1.31992	    1.15493
65.80000	    2.80244	    1.71616	    1.10860	    1.31857	    1.15375
66.00000	    2.79969	    1.71744	    1.10976	    1.31722	    1.15256
66.20000	    2.79695	    1.71871	    1.11092	    1.31588	    1.15139
66.40000	    2.79424	    1.71998	    1.11207	    1.31454	    1.15023
66.60000	    2.79153	    1.72123	    1.11321	    1.31322	    1.14907
66.80000	    2.78885	    1.72247	    1.11435	    1.31190	    1.14791
67.00000	    2.78618	    1.72371	    1.11548	    1.31059	    1.14677
67.20000	    2.78352	    1.72494	    1.11660	    1.30929	    1.14563
67.40000	    2.78088	    1.72616	    1.11772	    1.30800	    1.14450
67.60000	    2.77826	    1.72738	    1.11883	    1.30671	    1.14337
67.80000	    2.77565	    1.72858	    1.11993	    1.30543	    1.14225
68.00000	    2.77306	    1.72978	    1.12103	    1.30416	    1.14114
68.20000	    2.77048	    1.73097	    1.12212	    1.30290	    1.14004
68.40000	    2.76792	    1.73215	    1.12321	    1.30164	    1.13894
68.60000	    2.76537	    1.73332	    1.12429	    1.30040	    1.13785
68.80000	    2.76284	    1.73449	    1.12536	    1.29916	    1.13676
69.00000	    2.76032	    1.73565	    1.12642	    1.29792	    1.13568
69.20000	    2.75782	    1.73680	    1.12748	    1.29669	    1.13461
69.40000	    2.75533	    1.73795	    1.12854	    1.29548	    1.13354
69.60000	    2.75286	    1.73908	    1.12958	    1.29426	    1.13248
69.80000	    2.75040	    1.74021	    1.13063	    1.29306	    1.13142
70.00000	    2.74795	    1.74134	    1.13166	    1.29186	    1.13038
70.20000	    2.74552	    1.74245	    1.13269	    1.29067	    1.12933
70.40000	    2.74311	    1.74356	    1.13372	    1.28948	    1.12830
70.60000	    2.74070	    1.74466	    1.13473	    1.28830	    1.12727
70.80000	    2.73831	    1.74576	    1.13575	    1.28713	    1.12624
71.00000	    2.73593	    1.74684	    1.13675	    1.28597	    1.12522
71.20000	    2.73357	    1.74792	    1.13775	    1.28481	    1.12421
71.40000	    2.73122	    1.74900	    1.13875	    1.28366	    1.12320
71.60000	    2.72889	    1.75007	    1.13974	    1.28251	    1.12220
71.80000	    2.72656	    1.75113	    1.14072	    1.28137	    1.12120
72.00000	    2.72425	    1.75218	    1.14170	    1.28024	    1.12021
72.20000	    2.72195	    1.75323	    1.14268	    1.27911	    1.11922
72.40000	    2.71967	    1.75427	    1.14364	    1.27799	    1.11824
72.60000	    2.71740	    1.75530	    1.14461	    1.27688	    1.11727
72.80000	    2.71514	    1.75633	    1.14556	    1.27577	    1.11630
73.00000	    2.71289	    1.75735	    1.14652	    1.27467	    1.11534
73.20000	    2.71066	    1.75837	    1.14746	    1.27358	    1.11438
73.40000	    2.70843	    1.75938	    1.14840	    1.27249	    1.11343
73.60000	    2.70622	    1.76038	    1.14934	    1.27140	    1.11248
73.80000	    2.70403	    1.76138	    1.15027	    1.27033	    1.11154
74.00000	    2.70184	    1.76237	    1.15120	    1.26925	    1.11060
74.20000	    2.69967	    1.76336	    1.15212	    1.26819	    1.10967
74.40000	    2.69750	    1.76434	    1.15304	    1.26713	    1.10874
74.60000	    2.69535	    1.76531	    1.15395	    1.26607	    1.10782
74.80000	    2.69321	    1.76628	    1.15485	    1.26503	    1.10690
75.00000	    2.69109	    1.76724	    1.15576	    1.26398	    1.10599
75.20000	    2.68897	    1.76820	    1.15665	    1.26295	    1.10508
75.40000	    2.68687	    1.76915	    1.15755	    1.26191	    1.10418
75.60000	    2.68477	    1.77010	    1.15843	    1.26089	    1.10328
75.80000	    2.68269	    1.77104	    1.15932	    1.25987	    1.10238
76.00000	    2.68062	    1.77197	    1.16019	    1.25885	    1.10150
76.20000	    2.67856	    1.77290	    1.16107	    1.25784	    1.10061
76.40000	    2.67651	    1.77382	    1.16194	    1.25684	    1.09973
76.60000	    2.67447	    1.77474	    1.16280	    1.25584	    1.09886
76.80000	    2.67244	    1.77565	    1.16366	    1.25485	    1.09799
77.00000	    2.67043	    1.77656	    1.16451	    1.25386	    1.09712
77.20000	    2.66842	    1.77746	    1.16537	    1.25287	    1.09626
77.40000	    2.66643	    1.77836	    1.16621	    1.25190	    1.09541
77.60000	    2.66444	    1.77925	    1.16705	    1.25092	    1.09456
77.80000	    2.66247	    1.78014	    1.16789	    1.24995	    1.09371
78.00000	    2.66050	    1.78102	    1.16872	    1.24899	    1.09287
78.20000	    2.65855	    1.78190	    1.16955	    1.24803	    1.09203
78.40000	    2.65660	    1.78277	    1.17038	    1.24708	    1.09119
78.60000	    2.65467	    1.78364	    1.17120	    1.24613	    1.09037
78.80000	    2.65274	    1.78450	    1.17201	    1.24519	    1.08954
79.00000	    2.65083	    1.78535	    1.17283	    1.24425	    1.08872
79.20000	    2.64892	    1.78621	    1.17363	    1.24332	    1.08790
79.40000	    2.64703	    1.78705	    1.17444	    1.24239	    1.08709
79.60000	    2.64514	    1.78790	    1.17524	    1.24146	    1.08628
79.80000	    2.64327	    1.78873	    1.17603	    1.24054	    1.08548
80.00000	    2.64140	    1.78957	    1.17682	    1.23963	    1.08468
80.20000	    2.63954	    1.79040	    1.17761	    1.23872	    1.08388
80.40000	    2.63770	    1.79122	    1.17840	    1.23781	    1.08309
80.60000	    2.63586	    1.79204	    1.17918	    1.23691	    1.08230
80.80000	    2.63403	    1.79285	    1.17995	    1.23602	    1.08151
81.00000	    2.63221	    1.79366	    1.18072	    1.23512	    1.08073
81.20000	    2.63040	    1.79447	    1.18149	    1.23424	    1.07996
81.40000	    2.62860	    1.79527	    1.18226	    1.23335	    1.07918
81.60000	    2.62681	    1.79607	    1.18302	    1.23247	    1.07842
81.80000	    2.62502	    1.79686	    1.18377	    1.23160	    1.07765
82.00000	    2.62325	    1.79765	    1.18453	    1.23073	    1.07689
82.20000	    2.62148	    1.79843	    1.18528	    1.22986	    1.07613
82.40000	    2.61972	    1.79921	    1.18602	    1.22900	    1.07538
82.60000	    2.61798	    1.79999	    1.18676	    1.22815	    1.07463
82.80000	    2.61624	    1.80076	    1.18750	    1.22729	    1.07388
83.00000	    2.61450	    1.80153	    1.18824	    1.22644	    1.07314
83.20000	    2.61278	    1.80229	    1.18897	    1.22560	    1.07240
83.40000	    2.61107	    1.80305	    1.18969	    1.22476	    1.07166
83.60000	    2.60936	    1.80381	    1.19042	    1.22392	    1.07093
83.80000	    2.60766	    1.80456	    1.19114	    1.22309	    1.07020
84.00000	    2.60597	    1.80530	    1.19186	    1.22226	    1.06948
84.20000	    2.60429	    1.80605	    1.19257	    1.22144	    1.06876
84.40000	    2.60262	    1.80679	    1.19328	    1.22062	    1.06804
84.60000	    2.60095	    1.80752	    1.19399	    1.21980	    1.06733
84.80000	    2.59929	    1.80825	    1.19469	    1.21899	    1.06662
85.00000	    2.59765	    1.80898	    1.19539	    1.21818	    1.06591
85.20000	    2.59600	    1.80970	    1.19609	    1.21738	    1.06520
85.40000	    2.59437	    1.81042	    1.19678	    1.21657	    1.06450
85.60000	    2.59274	    1.81114	    1.19747	    1.21578	    1.06381
85.80000	    2.59113	    1.81185	    1.19816	    1.21498	    1.06311
86.00000	    2.58952	    1.81256	    1.19884	    1.21420	    1.06242
86.20000	    2.58791	    1.81327	    1.19952	    1.21341	    1.06173
86.40000	    2.58632	    1.81397	    1.20020	    1.21263	    1.06105
86.60000	    2.58473	    1.81467	    1.20087	    1.21185	    1.06037
86.80000	    2.58315	    1.81536	    1.20154	    1.21107	    1.05969
87.00000	    2.58158	    1.81605	    1.20221	    1.21030	    1.05902
87.20000	    2.58001	    1.81674	    1.20288	    1.20954	    1.05834
87.40000	    2.57845	    1.81742	    1.20354	    1.20877	    1.05768
87.60000	    2.57690	    1.81810	    1.20420	    1.20801	    1.05701
87.80000	    2.57536	    1.81878	    1.20485	    1.20725	    1.05635
88.00000	    2.57382	    1.81945	    1.20550	    1.20650	    1.05569
88.20000	    2.57229	    1.82012	    1.20615	    1.20575	    1.05503
88.40000	    2.57077	    1.82079	    1.20680	    1.20501	    1.05438
88.60000	    2.56925	    1.82145	    1.20744	    1.20426	    1.05373
88.80000	    2.56774	    1.82211	    1.20808	    1.20352	    1.05308
89.00000	    2.56624	    1.82277	    1.20872	    1.20279	    1.05244
89.20000	    2.56475	    1.82342	    1.20936	    1.20205	    1.05180
89.40000	    2.56326	    1.82407	    1.20999	    1.20132	    1.05116
89.60000	    2.56178	    1.82472	    1.21062	    1.20060	    1.05052
89.80000	    2.56030	    1.82536	    1.21124	    1.19988	    1.04989
90.00000	    2.55884	    1.82600	    1.21187	    1.19916	    1.04926
90.20000	    2.55738	    1.82664	    1.21249	    1.19844	    1.04864
90.40000	    2.55592	    1.82727	    1.21310	    1.19773	    1.04801
90.60000	    2.55447	    1.82790	    1.21372	    1.19702	    1.04739
90.80000	    2.55303	    1.82853	    1.21433	    1.19631	    1.04677
91.00000	    2.55160	    1.82916	    1.21494	    1.19561	    1.04616
91.20000	    2.55017	    1.82978	    1.21555	    1.19491	    1.04554
91.40000	    2.54875	    1.83040	    1.21615	    1.19421	    1.04493
91.60000	    2.54733	    1.83101	    1.21675	    1.19352	    1.04433
91.80000	    2.54592	    1.83162	    1.21735	    1.19283	    1.04372
92.00000	    2.54452	    1.83223	    1.21795	    1.19214	    1.04312
92.20000	    2.54312	    1.83284	    1.21854	    1.19145	    1.04252
92.40000	    2.54173	    1.83345	    1.21913	    1.19077	    1.04192
92.60000	    2.54035	    1.83405	    1.21972	    1.19009	    1.04133
92.80000	    2.53897	    1.83464	    1.22031	    1.18942	    1.04074
93.00000	    2.53759	    1.83524	    1.22089	    1.18874	    1.04015
93.20000	    2.53623	    1.83583	    1.22147	    1.18807	    1.03956
93.40000	    2.53487	    1.83642	    1.22205	    1.18741	    1.03898
93.60000	    2.53351	    1.83701	    1.22262	    1.18674	    1.03840
93.80000	    2.53216	    1.83759	    1.22320	    1.18608	    1.03782
94.00000	    2.53082	    1.83817	    1.22377	    1.18542	    1.03725
94.20000	    2.52948	    1.83875	    1.22433	    1.18477	    1.03667
94.40000	    2.52815	    1.83933	    1.22490	    1.18412	    1.03610
94.60000	    2.52683	    1.83990	    1.22546	    1.18347	    1.03553
94.80000	    2.52551	    1.84047	    1.22602	    1.18282	    1.03497
95.00000	    2.52419	    1.84104	    1.22658	    1.18218	    1.03440
95.20000	    2.52289	    1.84160	    1.22714	    1.18153	    1.03384
95.40000	    2.52158	    1.84216	    1.22769	    1.18090	    1.03328
95.60000	    2.52029	    1.84272	    1.22824	    1.18026	    1.03273
95.80000	    2.51900	    1.84328	    1.22879	    1.17963	    1.03217
96.00000	    2.51771	    1.84384	    1.22934	    1.17900	    1.03162
96.20000	    2.51643	    1.84439	    1.22988	    1.17837	    1.03107
96.40000	    2.51515	    1.84494	    1.23042	    1.17774	    1.03053
96.60000	    2.51388	    1.84548	    1.23096	    1.17712	    1.02998
96.80000	    2.51262	    1.84603	    1.23150	    1.17650	    1.02944
97.00000	    2.51136	    1.84657	    1.23203	    1.17588	    1.02890
97.20000	    2.51011	    1.84711	    1.23257	    1.17527	    1.02836
97.40000	    2.50886	    1.84765	    1.23310	    1.17466	    1.02783
97.60000	    2.50761	    1.84818	    1.23363	    1.17405	    1.02729
97.80000	    2.50638	    1.84871	    1.23415	    1.17344	    1.02676
98.00000	    2.50514	    1.84924	    1.23468	    1.17284	    1.02623
98.20000	    2.50392	    1.84977	    1.23520	    1.17223	    1.02571
98.40000	    2.50269	    1.85029	    1.23572	    1.17164	    1.02518
98.60000	    2.50148	    1.85082	    1.23623	    1.17104	    1.02466
98.80000	    2.50026	    1.85134	    1.23675	    1.17044	    1.02414
99.00000	    2.49906	    1.85185	    1.23726	    1.16985	    1.02362
99.20000	    2.49785	    1.85237	    1.23777	    1.16926	    1.02311
99.40000	    2.49666	    1.85288	    1.23828	    1.16868	    1.02259
99.60000	    2.49546	    1.85339	    1.23879	    1.16809	    1.02208
99.80000	    2.49428	    1.85390	    1.23929	    1.16751	    1.02157
100.00000	    2.49309	    1.85441	    1.23980	    1.16693	    1.02106
100.20000	    2.49191	    1.85491	    1.24030	    1.16635	    1.02056
100.40000	    2.49074	    1.85541	    1.24080	    1.16578	    1.02005
100.60000	    2.48957	    1.85591	    1.24129	    1.16520	    1.01955
100.80000	    2.48841	    1.85641	    1.24179	    1.16463	    1.01905
101.00000	    2.48725	    1.85690	    1.24228	    1.16407	    1.01856
101.20000	    2.48610	    1.85740	    1.24277	    1.16350	    1.01806
101.40000	    2.48495	    1.85789	    1.24326	    1.16294	    1.01757
101.60000	    2.48380	    1.85838	    1.24375	    1.16238	    1.01708
101.80000	    2.48266	    1.85886	    1.24423	    1.16182	    1.01659
102.00000	    2.48153	    1.85935	    1.24471	    1.16126	    1.01610
102.20000	    2.48039	    1.85983	    1.24519	    1.16070	    1.01562
102.40000	    2.47927	    1.86031	    1.24567	    1.16015	    1.01513
102.60000	    2.47815	    1.86079	    1.24615	    1.15960	    1.01465
102.80000	    2.47703	    1.86126	    1.24663	    1.15905	    1.01417
103.00000	    2.47591	    1.86174	    1.24710	    1.15851	    1.01370
103.20000	    2.47481	    1.86221	    1.24757	    1.15797	    1.01322
103.40000	    2.47370	    1.86268	    1.24804	    1.15742	    1.01275
103.60000	    2.47260	    1.86315	    1.24851	    1.15688	    1.01227
103.80000	    2.47151	    1.86361	    1.24897	    1.15635	    1.01180
104.00000	    2.47041	    1.86408	    1.24944	    1.15581	    1.01134
104.20000	    2.46933	    1.86454	    1.24990	    1.15528	    1.01087
104.40000	    2.46824	    1.86500	    1.25036	    1.15475	    1.01041
104.60000	    2.46717	    1.86546	    1.25082	    1.15422	    1.00994
104.80000	    2.46609	    1.86591	    1.25127	    1.15369	    1.00948
105.00000	    2.46502	    1.86637	    1.25173	    1.15317	    1.00902
105.20000	    2.46396	    1.86682	    1.25218	    1.15265	    1.00857
105.40000	    2.46289	    1.86727	    1.25263	    1.15213	    1.00811
105.60000	    2.46184	    1.86772	    1.25308	    1.15161	    1.00766
105.80000	    2.46078	    1.86816	    1.25353	    1.15109	    1.00720
106.00000	    2.45973	    1.86861	    1.25398	    1.15058	    1.00675
106.20000	    2.45869	    1.86905	    1.25442	    1.15006	    1.00631
106.40000	    2.45765	    1.86949	    1.25487	    1.14955	    1.00586
106.60000	    2.45661	    1.86993	    1.25531	    1.14904	    1.00541
106.80000	    2.45558	    1.87037	    1.25575	    1.14854	    1.00497
107.00000	    2.45455	    1.87080	    1.25618	    1.14803	    1.00453
107.20000	    2.45352	    1.87124	    1.25662	    1.14753	    1.00409
107.40000	    2.45250	    1.87167	    1.25705	    1.14703	    1.00365
107.60000	    2.45148	    1.87210	    1.25749	    1.14653	    1.00321
107.80000	    2.45047	    1.87253	    1.25792	    1.14603	    1.00278
108.00000	    2.44946	    1.87295	    1.25835	    1.14554	    1.00235
108.20000	    2.44845	    1.87338	    1.25878	    1.14505	    1.00192
108.40000	    2.44745	    1.87380	    1.25920	    1.14455	    1.00149
108.60000	    2.44645	    1.87422	    1.25963	    1.14406	    1.00106
108.80000	    2.44546	    1.87464	    1.26005	    1.14358	    1.00063
109.00000	    2.44446	    1.87506	    1.26047	    1.14309	    1.00021
109.20000	    2.44348	    1.87548	    1.26089	    1.14261	    0.99978
109.40000	    2.44249	    1.87589	    1.26131	    1.14213	    0.99936
109.60000	    2.44151	    1.87630	    1.26173	    1.14164	    0.99894
109.80000	    2.44054	    1.87671	    1.26214	    1.14117	    0.99852
110.00000	    2.43956	    1.87712	    1.26255	    1.14069	    0.99810
110.20000	    2.43860	    1.87753	    1.26297	    1.14021	    0.99769
110.40000	    2.43763	    1.87794	    1.26338	    1.13974	    0.99727
110.60000	    2.43667	    1.87834	    1.26379	    1.13927	    0.99686
110.80000	    2.43571	    1.87875	    1.26419	    1.13880	    0.99645
111.00000	    2.43475	    1.87915	    1.26460	    1.13833	    0.99604
111.20000	    2.43380	    1.87955	    1.26500	    1.13787	    0.99563
111.40000	    2.43286	    1.87994	    1.26541	    1.13740	    0.99523
111.60000	    2.43191	    1.88034	    1.26581	    1.13694	    0.99482
111.80000	    2.43097	    1.88074	    1.26621	    1.13648	    0.99442
112.00000	    2.43003	    1.88113	    1.26661	    1.13602	    0.99402
112.20000	    2.42910	    1.88152	    1.26700	    1.13556	    0.99361
112.40000	    2.42817	    1.88191	    1.26740	    1.13510	    0.99322
112.60000	    2.42724	    1.88230	    1.26779	    1.13465	    0.99282
112.80000	    2.42632	    1.88269	    1.26819	    1.13420	    0.99242
113.00000	    2.42540	    1.88307	    1.26858	    1.13375	    0.99203
113.20000	    2.42448	    1.88346	    1.26897	    1.13330	    0.99163
113.40000	    2.42357	    1.88384	    1.26936	    1.13285	    0.99124
113.60000	    2.42266	    1.88422	    1.26974	    1.13240	    0.99085
113.80000	    2.42175	    1.88460	    1.27013	    1.13196	    0.99046
114.00000	    2.42085	    1.88498	    1.27052	    1.13151	    0.99007
114.20000	    2.41995	    1.88536	    1.27090	    1.13107	    0.98969
114.40000	    2.41905	    1.88573	    1.27128	    1.13063	    0.98930
114.60000	    2.41815	    1.88610	    1.27166	    1.13019	    0.98892
114.80000	    2.41726	    1.88648	    1.27204	    1.12976	    0.98854
115.00000	    2.41638	    1.88685	    1.27242	    1.12932	    0.98816
115.20000	    2.41549	    1.88722	    1.27279	    1.12889	    0.98778
115.40000	    2.41461	    1.88759	    1.27317	    1.12846	    0.98740
115.60000	    2.41373	    1.88795	    1.27354	    1.12803	    0.98702
115.80000	    2.41286	    1.88832	    1.27391	    1.12760	    0.98665
116.00000	    2.41198	    1.88868	    1.27429	    1.12717	    0.98627
116.20000	    2.41112	    1.88904	    1.27465	    1.12674	    0.98590
116.40000	    2.41025	    1.88941	    1.27502	    1.12632	    0.98553
116.60000	    2.40939	    1.88977	    1.27539	    1.12590	    0.98516
116.80000	    2.40853	    1.89012	    1.27576	    1.12547	    0.98479
117.00000	    2.40767	    1.89048	    1.27612	    1.12505	    0.98442
117.20000	    2.40682	    1.89084	    1.27648	    1.12464	    0.98406
117.40000	    2.40597	    1.89119	    1.27685	    1.12422	    0.98369
117.60000	    2.40512	    1.89154	    1.27721	    1.12380	    0.98333
117.80000	    2.40427	    1.89190	    1.27757	    1.12339	    0.98297
118.00000	    2.40343	    1.89225	    1.27792	    1.12298	    0.98260
118.20000	    2.40259	    1.89259	    1.27828	    1.12257	    0.98224
118.40000	    2.40176	    1.89294	    1.27864	    1.12216	    0.98189
118.60000	    2.40092	    1.89329	    1.27899	    1.12175	    0.98153
118.80000	    2.40009	    1.89363	    1.27934	    1.12134	    0.98117
119.00000	    2.39926	    1.89398	    1.27970	    1.12093	    0.98082
119.20000	    2.39844	    1.89432	    1.28005	    1.12053	    0.98046
119.40000	    2.39762	    1.89466	    1.28040	    1.12013	    0.98011
119.60000	    2.39680	    1.89500	    1.28075	    1.11973	    0.97976
119.80000	    2.39598	    1.89534	    1.28109	    1.11933	    0.97941
120.00000	    2.39517	    1.89568	    1.28144	    1.11893	    0.97906
120.20000	    2.39436	    1.89601	    1.28178	    1.11853	    0.97871
120.40000	    2.39355	    1.89635	    1.28213	    1.11813	    0.97837
120.60000	    2.39275	    1.89668	    1.28247	    1.11774	    0.97802
120.80000	    2.39194	    1.89702	    1.28281	    1.11735	    0.97768
121.00000	    2.39114	    1.89735	    1.28315	    1.11695	    0.97733
121.20000	    2.39035	    1.89768	    1.28349	    1.11656	    0.97699
121.40000	    2.38955	    1.89801	    1.28383	    1.11617	    0.97665
121.60000	    2.38876	    1.89833	    1.28417	    1.11579	    0.97631
121.80000	    2.38797	    1.89866	    1.28450	    1.11540	    0.97597
122.00000	    2.38719	    1.89899	    1.28484	    1.11501	    0.97564
122.20000	    2.38640	    1.89931	    1.28517	    1.11463	    0.97530
122.40000	    2.38562	    1.89963	    1.28550	    1.11425	    0.97497
122.60000	    2.38484	    1.89996	    1.28583	    1.11386	    0.97463
122.80000	    2.38407	    1.90028	    1.28616	    1.11348	    0.97430
123.00000	    2.38329	    1.90060	    1.28649	    1.11311	    0.97397
123.20000	    2.38252	    1.90092	    1.28682	    1.11273	    0.97364
123.40000	    2.38176	    1.90123	    1.28715	    1.11235	    0.97331
123.60000	    2.38099	    1.90155	    1.28747	    1.11198	    0.97298
123.80000	    2.38023	    1.90186	    1.28780	    1.11160	    0.97265
124.00000	    2.37947	    1.90218	    1.28812	    1.11123	    0.97233
124.20000	    2.37871	    1.90249	    1.28844	    1.11086	    0.97200
124.40000	    2.37795	    1.90280	    1.28876	    1.11049	    0.97168
124.60000	    2.37720	    1.90311	    1.28909	    1.11012	    0.97135
124.80000	    2.37645	    1.90342	    1.28940	    1.10975	    0.97103
125.00000	    2.37570	    1.90373	    1.28972	    1.10938	    0.97071
125.20000	    2.37496	    1.90404	    1.29004	    1.10902	    0.97039
125.40000	    2.37421	    1.90434	    1.29036	    1.10865	    0.97007
125.60000	    2.37347	    1.90465	    1.29067	    1.10829	    0.96975
125.80000	    2.37274	    1.90495	    1.29099	    1.10793	    0.96944
126.00000	    2.37200	    1.90526	    1.29130	    1.10757	    0.96912
126.20000	    2.37127	    1.90556	    1.29161	    1.10721	    0.96881
126.40000	    2.37054	    1.90586	    1.29192	    1.10685	    0.96849
126.60000	    2.36981	    1.90616	    1.29223	    1.10649	    0.96818
126.80000	    2.36908	    1.90646	    1.29254	    1.10614	    0.96787
127.00000	    2.36836	    1.90676	    1.29285	    1.10578	    0.96756
127.20000	    2.36764	    1.90705	    1.29316	    1.10543	    0.96725
127.40000	    2.36692	    1.90735	    1.29346	    1.10508	    0.96694
127.60000	    2.36620	    1.90764	    1.29377	    1.10473	    0.96663
127.80000	    2.36548	    1.90794	    1.29407	    1.10437	    0.96633
128.00000	    2.36477	    1.90823	    1.29437	    1.10403	    0.96602
128.20000	    2.36406	    1.90852	    1.29468	    1.10368	    0.96572
128.40000	    2.36335	    1.90881	    1.29498	    1.10333	    0.96541
128.60000	    2.36265	    1.90910	    1.29528	    1.10298	    0.96511
128.80000	    2.36195	    1.90939	    1.29558	    1.10264	    0.96481
129.00000	    2.36124	    1.90968	    1.29588	    1.10230	    0.96451
129.20000	    2.36055	    1.90996	    1.29617	    1.10195	    0.96421
129.40000	    2.35985	    1.91025	    1.29647	    1.10161	    0.96391
129.60000	    2.35915	    1.91054	    1.29677	    1.10127	    0.96361
129.80000	    2.35846	    1.91082	    1.29706	    1.10093	    0.96332
130.00000	    2.35777	    1.91110	    1.29735	    1.10059	    0.96302
130.20000	    2.35708	    1.91138	    1.29765	    1.10026	    0.96273
130.40000	    2.35640	    1.91166	    1.29794	    1.09992	    0.96243
130.60000	    2.35572	    1.91194	    1.29823	    1.09959	    0.96214
130.80000	    2.35503	    1.91222	    1.29852	    1.09925	    0.96185
131.00000	    2.35436	    1.91250	    1.29881	    1.09892	    0.96155
131.20000	    2.35368	    1.91278	    1.29910	    1.09859	    0.96126
131.40000	    2.35300	    1.91305	    1.29938	    1.09826	    0.96097
131.60000	    2.35233	    1.91333	    1.29967	    1.09793	    0.96069
131.80000	    2.35166	    1.91360	    1.29996	    1.09760	    0.96040
132.00000	    2.35099	    1.91388	    1.30024	    1.09727	    0.96011
132.20000	    2.35032	    1.91415	    1.30052	    1.09694	    0.95983
132.40000	    2.34966	    1.91442	    1.30081	    1.09662	    0.95954
132.60000	    2.34900	    1.91469	    1.30109	    1.09629	    0.95926
132.80000	    2.34834	    1.91496	    1.30137	    1.09597	    0.95897
133.00000	    2.34768	    1.91523	    1.30165	    1.09565	    0.95869
133.20000	    2.34702	    1.91550	    1.30193	    1.09532	    0.95841
133.40000	    2.34637	    1.91577	    1.30221	    1.09500	    0.95813
133.60000	    2.34572	    1.91603	    1.30249	    1.09468	    0.95785
133.80000	    2.34507	    1.91630	    1.30276	    1.09437	    0.95757
134.00000	    2.34442	    1.91656	    1.30304	    1.09405	    0.95729
134.20000	    2.34377	    1.91683	    1.30331	    1.09373	    0.95701
134.40000	    2.34313	    1.91709	    1.30359	    1.09341	    0.95674
134.60000	    2.34248	    1.91735	    1.30386	    1.09310	    0.95646
134.80000	    2.34184	    1.91761	    1.30413	    1.09279	    0.95619
135.00000	    2.34121	    1.91787	    1.30441	    1.09247	    0.95591
135.20000	    2.34057	    1.91813	    1.30468	    1.09216	    0.95564
135.40000	    2.33993	    1.91839	    1.30495	    1.09185	    0.95537
135.60000	    2.33930	    1.91865	    1.30522	    1.09154	    0.95510
135.80000	    2.33867	    1.91891	    1.30549	    1.09123	    0.95483
136.00000	    2.33804	    1.91916	    1.30575	    1.09092	    0.95456
136.20000	    2.33742	    1.91942	    1.30602	    1.09061	    0.95429
136.40000	    2.33679	    1.91967	    1.30629	    1.09031	    0.95402
136.60000	    2.33617	    1.91992	    1.30655	    1.09000	    0.95375
136.80000	    2.33555	    1.92018	    1.30682	    1.08970	    0.95349
137.00000	    2.33493	    1.92043	    1.30708	    1.08939	    0.95322
137.20000	    2.33431	    1.92068	    1.30734	    1.08909	    0.95296
137.40000	    2.33369	    1.92093	    1.30760	    1.08879	    0.95269
137.60000	    2.33308	    1.92118	    1.30787	    1.08849	    0.95243
137.80000	    2.33247	    1.92143	    1.30813	    1.08819	    0.95217
138.00000	    2.33186	    1.92168	    1.30839	    1.08789	    0.95190
138.20000	    2.33125	    1.92192	    1.30865	    1.08759	    0.95164
138.40000	    2.33064	    1.92217	    1.30890	    1.08729	    0.95138
138.60000	    2.33004	    1.92242	    1.30916	    1.08700	    0.95112
138.80000	    2.32943	    1.92266	    1.30942	    1.08670	    0.95086
139.00000	    2.32883	    1.92290	    1.30967	    1.08641	    0.95061
139.20000	    2.32823	    1.92315	    1.30993	    1.08611	    0.95035
139.40000	    2.32764	    1.92339	    1.31018	    1.08582	    0.95009
139.60000	    2.32704	    1.92363	    1.31044	    1.08553	    0.94984
139.80000	    2.32645	    1.92387	    1.31069	    1.08524	    0.94958
140.00000	    2.32585	    1.92411	    1.31094	    1.08495	    0.94933
140.20000	    2.32526	    1.92435	    1.31119	    1.08466	    0.94908
140.40000	    2.32467	    1.92459	    1.31145	    1.08437	    0.94882
140.60000	    2.32409	    1.92483	    1.31170	    1.08408	    0.94857
140.80000	    2.32350	    1.92507	    1.31194	    1.08379	    0.94832
141.00000	    2.32292	    1.92530	    1.31219	    1.08351	    0.94807
141.20000	    2.32233	    1.92554	    1.31244	    1.08322	    0.94782
141.40000	    2.32175	    1.92577	    1.31269	    1.08294	    0.94757
141.60000	    2.32118	    1.92601	    1.31293	    1.08265	    0.94732
141.80000	    2.32060	    1.92624	    1.31318	    1.08237	    0.94707
142.00000	    2.32002	    1.92647	    1.31343	    1.08209	    0.94683
142.20000	    2.31945	    1.92671	    1.31367	    1.08181	    0.94658
142.40000	    2.31888	    1.92694	    1.31391	    1.08153	    0.94634
142.60000	    2.31831	    1.92717	    1.31416	    1.08125	    0.94609
142.80000	    2.31774	    1.92740	    1.31440	    1.08097	    0.94585
143.00000	    2.31717	    1.92763	    1.31464	    1.08069	    0.94560
143.20000	    2.31661	    1.92786	    1.31488	    1.08041	    0.94536
143.40000	    2.31604	    1.92808	    1.31512	    1.08014	    0.94512
143.60000	    2.31548	    1.92831	    1.31536	    1.07986	    0.94488
143.80000	    2.31492	    1.92854	    1.31560	    1.07959	    0.94464
144.00000	    2.31436	    1.92876	    1.31584	    1.07931	    0.94440
144.20000	    2.31380	    1.92899	    1.31607	    1.07904	    0.94416
144.40000	    2.31325	    1.92921	    1.31631	    1.07877	    0.94392
144.60000	    2.31269	    1.92944	    1.31655	    1.07849	    0.94368
144.80000	    2.31214	    1.92966	    1.31678	    1.07822	    0.94345
145.00000	    2.31159	    1.92988	    1.31702	    1.07795	    0.94321
145.20000	    2.31104	    1.93010	    1.31725	    1.07768	    0.94297
145.40000	    2.31049	    1.93033	    1.31749	    1.07742	    0.94274
145.60000	    2.30994	    1.93055	    1.31772	    1.07715	    0.94250
145.80000	    2.30940	    1.93077	    1.31795	    1.07688	    0.94227
146.00000	    2.30885	    1.93098	    1.31818	    1.07661	    0.94204
146.20000	    2.30831	    1.93120	    1.31841	    1.07635	    0.94180
146.40000	    2.30777	    1.93142	    1.31864	    1.07608	    0.94157
146.60000	    2.30723	    1.93164	    1.31887	    1.07582	    0.94134
146.80000	    2.30670	    1.93185	    1.31910	    1.07556	    0.94111
147.00000	    2.30616	    1.93207	    1.31933	    1.07529	    0.94088
147.20000	    2.30563	    1.93229	    1.31956	    1.07503	    0.94065
147.40000	    2.30509	    1.93250	    1.31978	    1.07477	    0.94042
147.60000	    2.30456	    1.93271	    1.32001	    1.07451	    0.94020
147.80000	    2.30403	    1.93293	    1.32024	    1.07425	    0.93997
148.00000	    2.30350	    1.93314	    1.32046	    1.07399	    0.93974
148.20000	    2.30298	    1.93335	    1.32069	    1.07373	    0.93952
148.40000	    2.30245	    1.93356	    1.32091	    1.07347	    0.93929
148.60000	    2.30193	    1.93377	    1.32113	    1.07322	    0.93907
148.80000	    2.30140	    1.93398	    1.32135	    1.07296	    0.93884
149.00000	    2.30088	    1.93419	    1.32158	    1.07271	    0.93862
149.20000	    2.30036	    1.93440	    1.32180	    1.07245	    0.93839
149.40000	    2.29984	    1.93461	    1.32202	    1.07220	    0.93817
149.60000	    2.29933	    1.93482	    1.32224	    1.07194	    0.93795
149.80000	    2.29881	    1.93503	    1.32246	    1.07169	    0.93773
150.00000	    2.29830	    1.93523	    1.32268	    1.07144	    0.93751
150.20000	    2.29778	    1.93544	    1.32290	    1.07119	    0.93729
150.40000	    2.29727	    1.93564	    1.32311	    1.07094	    0.93707
150.60000	    2.29676	    1.93585	    1.32333	    1.07069	    0.93685
150.80000	    2.29625	    1.93605	    1.32355	    1.07044	    0.93663
151.00000	    2.29575	    1.93626	    1.32376	    1.07019	    0.93641
151.20000	    2.29524	    1.93646	    1.32398	    1.06994	    0.93620
151.40000	    2.29474	    1.93666	    1.32419	    1.06969	    0.93598
151.60000	    2.29423	    1.93686	    1.32441	    1.06945	    0.93577
151.80000	    2.29373	    1.93706	    1.32462	    1.06920	    0.93555
152.00000	    2.29323	    1.93726	    1.32483	    1.06896	    0.93534
152.20000	    2.29273	    1.93746	    1.32505	    1.06871	    0.93512
152.40000	    2.29224	    1.93766	    1.32526	    1.06847	    0.93491
152.60000	    2.29174	    1.93786	    1.32547	    1.06822	    0.93470
152.80000	    2.29124	    1.93806	    1.32568	    1.06798	    0.93448
153.00000	    2.29075	    1.93826	    1.32589	    1.06774	    0.93427
153.20000	    2.29026	    1.93846	    1.32610	    1.06750	    0.93406
153.40000	    2.28977	    1.93865	    1.32631	    1.06726	    0.93385
153.60000	    2.28928	    1.93885	    1.32652	    1.06702	    0.93364
153.80000	    2.28879	    1.93904	    1.32673	    1.06678	    0.93343
154.00000	    2.28830	    1.93924	    1.32693	    1.06654	    0.93322
154.20000	    2.28782	    1.93943	    1.32714	    1.06630	    0.93301
154.40000	    2.28733	    1.93963	    1.32735	    1.06606	    0.93281
154.60000	    2.28685	    1.93982	    1.32755	    1.06583	    0.93260
154.80000	    2.28637	    1.94001	    1.32776	    1.06559	    0.93239
155.00000	    2.28589	    1.94020	    1.32796	    1.06535	    0.93219
155.20000	    2.28541	    1.94040	    1.32817	    1.06512	    0.93198
155.40000	    2.28493	    1.94059	    1.32837	    1.06489	    0.93177
155.60000	    2.28445	    1.94078	    1.32857	    1.06465	    0.93157
155.80000	    2.28398	    1.94097	    1.32878	    1.06442	    0.93137
156.00000	    2.28350	    1.94116	    1.32898	    1.06419	    0.93116
156.20000	    2.28303	    1.94135	    1.32918	    1.06395	    0.93096
156.40000	    2.28256	    1.94153	    1.32938	    1.06372	    0.93076
156.60000	    2.28209	    1.94172	    1.32958	    1.06349	    0.93056
156.80000	    2.28162	    1.94191	    1.32978	    1.06326	    0.93035
157.00000	    2.28115	    1.94210	    1.32998	    1.06303	    0.93015
157.20000	    2.28068	    1.94228	    1.33018	    1.06280	    0.92995
157.40000	    2.28022	    1.94247	    1.33038	    1.06258	    0.92975
157.60000	    2.27975	    1.94265	    1.33058	    1.06235	    0.92955
157.80000	    2.27929	    1.94284	    1.33077	    1.06212	    0.92936
158.00000	    2.27883	    1.94302	    1.33097	    1.06189	    0.92916
158.20000	    2.27837	    1.94321	    1.33117	    1.06167	    0.92896
158.40000	    2.27791	    1.94339	    1.33136	    1.06144	    0.92876
158.60000	    2.27745	    1.94357	    1.33156	    1.06122	    0.92857
158.80000	    2.27699	    1.94375	    1.33175	    1.06099	    0.92837
159.00000	    2.27653	    1.94394	    1.33195	    1.06077	    0.92817
159.20000	    2.27608	    1.94412	    1.33214	    1.06055	    0.92798
159.40000	    2.27563	    1.94430	    1.33233	    1.06032	    0.92778
159.60000	    2.27517	    1.94448	    1.33253	    1.06010	    0.92759
159.80000	    2.27472	    1.94466	    1.33272	    1.05988	    0.92740
160.00000	    2.27427	    1.94484	    1.33291	    1.05966	    0.92720
160.20000	    2.27382	    1.94502	    1.33310	    1.05944	    0.92701
160.40000	    2.27337	    1.94519	    1.33329	    1.05922	    0.92682
160.60000	    2.27293	    1.94537	    1.33348	    1.05900	    0.92663
160.80000	    2.27248	    1.94555	    1.33367	    1.05878	    0.92644
161.00000	    2.27204	    1.94573	    1.33386	    1.05857	    0.92624
161.20000	    2.27159	    1.94590	    1.33405	    1.05835	    0.92605
161.40000	    2.27115	    1.94608	    1.33424	    1.05813	    0.92586
161.60000	    2.27071	    1.94625	    1.33443	    1.05791	    0.92568
161.80000	    2.27027	    1.94643	    1.33462	    1.05770	    0.92549
162.00000	    2.26983	    1.94660	    1.33480	    1.05748	    0.92530
162.20000	    2.26939	    1.94678	    1.33499	    1.05727	    0.92511
162.40000	    2.26896	    1.94695	    1.33518	    1.05706	    0.92492
162.60000	    2.26852	    1.94712	    1.33536	    1.05684	    0.92474
162.80000	    2.26809	    1.94730	    1.33555	    1.05663	    0.92455
163.00000	    2.26765	    1.94747	    1.33573	    1.05642	    0.92436
163.20000	    2.26722	    1.94764	    1.33591	    1.05620	    0.92418
163.40000	    2.26679	    1.94781	    1.33610	    1.05599	    0.92399
163.60000	    2.26636	    1.94798	    1.33628	    1.05578	    0.92381
163.80000	    2.26593	    1.94815	    1.33646	    1.05557	    0.92363
164.00000	    2.26550	    1.94832	    1.33665	    1.05536	    0.92344
164.20000	    2.26508	    1.94849	    1.33683	    1.05515	    0.92326
164.40000	    2.26465	    1.94866	    1.33701	    1.05494	    0.92308
164.60000	    2.26423	    1.94883	    1.33719	    1.05474	    0.92289
164.80000	    2.26380	    1.94900	    1.33737	    1.05453	    0.92271
165.00000	    2.26338	    1.94917	    1.33755	    1.05432	    0.92253
165.20000	    2.26296	    1.94933	    1.33773	    1.05411	    0.92235
165.40000	    2.26254	    1.94950	    1.33791	    1.05391	    0.92217
165.60000	    2.26212	    1.94967	    1.33809	    1.05370	    0.92199
165.80000	    2.26170	    1.94983	    1.33827	    1.05350	    0.92181
166.00000	    2.26128	    1.95000	    1.33845	    1.05329	    0.92163
166.20000	    2.26086	    1.95016	    1.33862	    1.05309	    0.92145
166.40000	    2.26045	    1.95033	    1.33880	    1.05288	    0.92127
166.60000	    2.26003	    1.95049	    1.33898	    1.05268	    0.92110
166.80000	    2.25962	    1.95065	    1.33915	    1.05248	    0.92092
167.00000	    2.25921	    1.95082	    1.33933	    1.05228	    0.92074
167.20000	    2.25880	    1.95098	    1.33950	    1.05207	    0.92057
167.40000	    2.25839	    1.95114	    1.33968	    1.05187	    0.92039
167.60000	    2.25798	    1.95130	    1.33985	    1.05167	    0.92021
167.80000	    2.25757	    1.95147	    1.34003	    1.05147	    0.92004
168.00000	    2.25716	    1.95163	    1.34020	    1.05127	    0.91986
168.20000	    2.25676	    1.95179	    1.34037	    1.05107	    0.91969
168.40000	    2.25635	    1.95195	    1.34055	    1.05088	    0.91952
168.60000	    2.25595	    1.95211	    1.34072	    1.05068	    0.91934
168.80000	    2.25554	    1.95227	    1.34089	    1.05048	    0.91917
169.00000	    2.25514	    1.95243	    1.34106	    1.05028	    0.91900
169.20000	    2.25474	    1.95259	    1.34123	    1.05009	    0.91882
169.40000	    2.25434	    1.95274	    1.34140	    1.04989	    0.91865
169.60000	    2.25394	    1.95290	    1.34157	    1.04969	    0.91848
169.80000	    2.25354	    1.95306	    1.34174	    1.04950	    0.91831
170.00000	    2.25314	    1.95322	    1.34191	    1.04930	    0.91814
170.20000	    2.25275	    1.95337	    1.34208	    1.04911	    0.91797
170.40000	    2.25235	    1.95353	    1.34225	    1.04891	    0.91780
170.60000	    2.25196	    1.95368	    1.34242	    1.04872	    0.91763
170.80000	    2.25156	    1.95384	    1.34259	    1.04853	    0.91746
171.00000	    2.25117	    1.95400	    1.34275	    1.04834	    0.91729
171.20000	    2.25078	    1.95415	    1.34292	    1.04814	    0.91713
171.40000	    2.25039	    1.95430	    1.34309	    1.04795	    0.91696
171.60000	    2.25000	    1.95446	    1.34325	    1.04776	    0.91679
171.80000	    2.24961	    1.95461	    1.34342	    1.04757	    0.91662
172.00000	    2.24922	    1.95476	    1.34358	    1.04738	    0.91646
172.20000	    2.24883	    1.95492	    1.34375	    1.04719	    0.91629
172.40000	    2.24845	    1.95507	    1.34391	    1.04700	    0.91613
172.60000	    2.24806	    1.95522	    1.34408	    1.04681	    0.91596
172.80000	    2.24768	    1.95537	    1.34424	    1.04662	    0.91579
173.00000	    2.24729	    1.95552	    1.34441	    1.04643	    0.91563
173.20000	    2.24691	    1.95568	    1.34457	    1.04625	    0.91547
173.40000	    2.24653	    1.95583	    1.34473	    1.04606	    0.91530
173.60000	    2.24615	    1.95598	    1.34489	    1.04587	    0.91514
173.80000	    2.24577	    1.95613	    1.34506	    1.04569	    0.91498
174.00000	    2.24539	    1.95627	    1.34522	    1.04550	    0.91481
174.20000	    2.24501	    1.95642	    1.34538	    1.04532	    0.91465
174.40000	    2.24463	    1.95657	    1.34554	    1.04513	    0.91449
174.60000	    2.24426	    1.95672	    1.34570	    1.04495	    0.91433
174.80000	    2.24388	    1.95687	    1.34586	    1.04476	    0.91417
175.00000	    2.24351	    1.95702	    1.34602	    1.04458	    0.91401
175.20000	    2.24313	    1.95716	    1.34618	    1.04440	    0.91385
175.40000	    2.24276	    1.95731	    1.34634	    1.04421	    0.91369
175.60000	    2.24239	    1.95746	    1.34650	    1.04403	    0.91353
175.80000	    2.24202	    1.95760	    1.34665	    1.04385	    0.91337
176.00000	    2.24165	    1.95775	    1.34681	    1.04367	    0.91321
176.20000	    2.24128	    1.95789	    1.34697	    1.04349	    0.91305
176.40000	    2.24091	    1.95804	    1.34713	    1.04331	    0.91289
176.60000	    2.24054	    1.95818	    1.34728	    1.04313	    0.91273
176.80000	    2.24017	    1.95833	    1.34744	    1.04295	    0.91258
177.00000	    2.23981	    1.95847	    1.34759	    1.04277	    0.91242
177.20000	    2.23944	    1.95861	    1.34775	    1.04259	    0.91226
177.40000	    2.23908	    1.95876	    1.34791	    1.04241	    0.91211
177.60000	    2.23872	    1.95890	    1.34806	    1.04223	    0.91195
177.80000	    2.23835	    1.95904	    1.34822	    1.04205	    0.91180
178.00000	    2.23799	    1.95918	    1.34837	    1.04188	    0.91164
178.20000	    2.23763	    1.95933	    1.34852	    1.04170	    0.91149
178.40000	    2.23727	    1.95947	    1.34868	    1.04152	    0.91133
178.60000	    2.23691	    1.95961	    1.34883	    1.04135	    0.91118
178.80000	    2.23655	    1.95975	    1.34898	    1.04117	    0.91102
179.00000	    2.23620	    1.95989	    1.34913	    1.04099	    0.91087
179.20000	    2.23584	    1.96003	    1.34929	    1.04082	    0.91072
179.40000	    2.23548	    1.96017	    1.34944	    1.04064	    0.91056
179.60000	    2.23513	    1.96031	    1.34959	    1.04047	    0.91041
179.80000	    2.23477	    1.96045	    1.34974	    1.04030	    0.91026
180.00000	    2.23442	    1.96059	    1.34989	    1.04012	    0.91011
180.20000	    2.23407	    1.96073	    1.35004	    1.03995	    0.90996
180.40000	    2.23371	    1.96086	    1.35019	    1.03978	    0.90981
180.60000	    2.23336	    1.96100	    1.35034	    1.03961	    0.90966
180.80000	    2.23301	    1.96114	    1.35049	    1.03943	    0.90951
181.00000	    2.23266	    1.96128	    1.35064	    1.03926	    0.90936
181.20000	    2.23231	    1.96141	    1.35079	    1.03909	    0.90921
181.40000	    2.23197	    1.96155	    1.35094	    1.03892	    0.90906
181.60000	    2.23162	    1.96168	    1.35108	    1.03875	    0.90891
181.80000	    2.23127	    1.96182	    1.35123	    1.03858	    0.90876
182.00000	    2.23093	    1.96196	    1.35138	    1.03841	    0.90861
182.20000	    2.23058	    1.96209	    1.35153	    1.03824	    0.90846
182.40000	    2.23024	    1.96223	    1.35167	    1.03807	    0.90832
182.60000	    2.22990	    1.96236	    1.35182	    1.03791	    0.90817
182.80000	    2.22955	    1.96249	    1.35197	    1.03774	    0.90802
183.00000	    2.22921	    1.96263	    1.35211	    1.03757	    0.90787
183.20000	    2.22887	    1.96276	    1.35226	    1.03740	    0.90773
183.40000	    2.22853	    1.96289	    1.35240	    1.03724	    0.90758
183.60000	    2.22819	    1.96303	    1.35255	    1.03707	    0.90744
183.80000	    2.22785	    1.96316	    1.35269	    1.03690	    0.90729
184.00000	    2.22751	    1.96329	    1.35283	    1.03674	    0.90715
184.20000	    2.22718	    1.96342	    1.35298	    1.03657	    0.90700
184.40000	    2.22684	    1.96356	    1.35312	    1.03641	    0.90686
184.60000	    2.22650	    1.96369	    1.35326	    1.03624	    0.90671
184.80000	    2.22617	    1.96382	    1.35341	    1.03608	    0.90657
185.00000	    2.22583	    1.96395	    1.35355	    1.03592	    0.90643
185.20000	    2.22550	    1.96408	    1.35369	    1.03575	    0.90628
185.40000	    2.22517	    1.96421	    1.35383	    1.03559	    0.90614
185.60000	    2.22484	    1.96434	    1.35398	    1.03543	    0.90600
185.80000	    1.96447	    1.35412	    1.03526	    0.90586
186.00000	    1.96460	    1.35426	    1.03510	    0.90571
186.20000	    2.22384	    1.96473	    1.35440	    1.03494	    0.90557
186.40000	    2.22352	    1.96485	    1.35454	    1.03478	    0.90543
186.60000	    2.22319	    1.96498	    1.35468	    1.03462	    0.90529
186.80000	    2.22286	    1.96511	    1.35482	    1.03446	    0.90515
187.00000	    2.22253	    1.96524	    1.35496	    1.03430	    0.90501
187.20000	    2.22221	    1.96537	    1.35510	    1.03414	    0.90487
187.40000	    2.22188	    1.96549	    1.35523	    1.03398	    0.90473
187.60000	    2.22156	    1.96562	    1.35537	    1.03382	    0.90459
187.80000	    2.22123	    1.96575	    1.35551	    1.03366	    0.90445
188.00000	    1.96587	    1.35565	    1.03350	    0.90431
188.20000	    1.96600	    1.35579	    1.03334	    0.90417
188.40000	    2.22026	    1.96612	    1.35592	    1.03318	    0.90404
188.60000	    2.21994	    1.96625	    1.35606	    1.03303	    0.90390
188.80000	    2.21962	    1.96637	    1.35620	    1.03287	    0.90376
189.00000	    2.21930	    1.96650	    1.35633	    1.03271	    0.90362
189.20000	    2.21898	    1.96662	    1.35647	    1.03256	    0.90349
189.40000	    2.21866	    1.96675	    1.35661	    1.03240	    0.90335
189.60000	    2.21835	    1.96687	    1.35674	    1.03224	    0.90321
189.80000	    2.21803	    1.96700	    1.35688	    1.03209	    0.90308
190.00000	    1.96712	    1.35701	    1.03193	    0.90294
190.20000	    2.21740	    1.96724	    1.35715	    1.03178	    0.90281
190.40000	    2.21708	    1.96736	    1.35728	    1.03162	    0.90267
190.60000	    2.21677	    1.96749	    1.35741	    1.03147	    0.90254
190.80000	    2.21645	    1.96761	    1.35755	    1.03132	    0.90240
191.00000	    2.21614	    1.96773	    1.35768	    1.03116	    0.90227
191.20000	    2.21583	    1.96785	    1.35781	    1.03101	    0.90213
191.40000	    2.21552	    1.96797	    1.35795	    1.03086	    0.90200
191.60000	    1.96810	    1.35808	    1.03071	    0.90187
191.80000	    2.21490	    1.96822	    1.35821	    1.03055	    0.90173
192.00000	    2.21459	    1.96834	    1.35834	    1.03040	    0.90160
192.20000	    2.21428	    1.96846	    1.35848	    1.03025	    0.90147
192.40000	    1.96858	    1.35861	    1.03010	    0.90134
192.60000	    2.21366	    1.96870	    1.35874	    1.02995	    0.90120
192.80000	    2.21335	    1.96882	    1.35887	    1.02980	    0.90107
193.00000	    2.21305	    1.96894	    1.35900	    1.02965	    0.90094
193.20000	    2.21274	    1.96906	    1.35913	    1.02950	    0.90081
193.40000	    2.21244	    1.96917	    1.35926	    1.02935	    0.90068
193.60000	    2.21213	    1.96929	    1.35939	    1.02920	    0.90055
193.80000	    2.21183	    1.96941	    1.35952	    1.02905	    0.90042
194.00000	    2.21152	    1.96953	    1.35965	    1.02890	    0.90029
194.20000	    2.21122	    1.96965	    1.35978	    1.02875	    0.90016
194.40000	    2.21092	    1.96976	    1.35991	    1.02860	    0.90003
194.60000	    2.21062	    1.96988	    1.36004	    1.02846	    0.89990
194.80000	    2.21032	    1.97000	    1.36016	    1.02831	    0.89977
195.00000	    2.21002	    1.97011	    1.36029	    1.02816	    0.89964
195.20000	    2.20972	    1.97023	    1.36042	    1.02802	    0.89951
195.40000	    2.20942	    1.97035	    1.36055	    1.02787	    0.89938
195.60000	    1.97046	    1.36067	    1.02772	    0.89926
195.80000	    2.20882	    1.97058	    1.36080	    1.02758	    0.89913
196.00000	    2.20853	    1.97069	    1.36093	    1.02743	    0.89900
196.20000	    1.97081	    1.36105	    1.02729	    0.89888
196.40000	    2.20794	    1.97092	    1.36118	    1.02714	    0.89875
196.60000	    2.20764	    1.97104	    1.36130	    1.02700	    0.89862
196.80000	    2.20735	    1.97115	    1.36143	    1.02685	    0.89850
197.00000	    2.20705	    1.97127	    1.36156	    1.02671	    0.89837
197.20000	    2.20676	    1.97138	    1.36168	    1.02656	    0.89824
197.40000	    1.97149	    1.36180	    1.02642	    0.89812
197.60000	    2.20617	    1.97161	    1.36193	    1.02628	    0.89799
197.80000	    2.20588	    1.97172	    1.36205	    1.02613	    0.89787
198.00000	    2.20559	    1.97183	    1.36218	    1.02599	    0.89774
198.20000	    2.20530	    1.97195	    1.36230	    1.02585	    0.89762
198.40000	    2.20501	    1.97206	    1.36242	    1.02571	    0.89749
198.60000	    2.20472	    1.97217	    1.36255	    1.02557	    0.89737
198.80000	    2.20444	    1.97228	    1.36267	    1.02542	    0.89725
199.00000	    2.20415	    1.97239	    1.36279	    1.02528	    0.89712
199.20000	    2.20386	    1.97250	    1.36292	    1.02514	    0.89700
199.40000	    2.20357	    1.97262	    1.36304	    1.02500	    0.89688
199.60000	    2.20329	    1.97273	    1.36316	    1.02486	    0.89675
199.80000	    2.20300	    1.97284	    1.36328	    1.02472	    0.89663
200.00000	    2.20272	    1.97295	    1.36340	    1.02458	    0.89651
