0.00000	    6.72222	    5.07938	    4.69840
0.20000	    6.72222	    5.07938	    4.69840
0.40000	    6.72222	    5.07938	    4.69840
0.60000	    6.72222	    5.07938	    4.69840
0.80000	    6.72222	    5.07938	    4.69840
1.00000	    6.72222	    5.07938	    4.69840
1.20000	    6.72222	    5.07938	    4.69840
1.40000	    6.72222	    5.07938	    4.69840
1.60000	    6.72222	    5.07938	    4.69840
1.80000	    6.72222	    5.07938	    4.69840
2.00000	    6.72222	    5.07938	    4.69840
2.20000	    6.72222	    5.07938	    4.69840
2.40000	    6.72222	    5.07938	    4.69840
2.60000	    6.72222	    5.07938	    4.69840
2.80000	    6.72222	    5.07938	    4.69840
3.00000	    6.72222	    5.07938	    4.69840
3.20000	    6.72222	    5.07938	    4.69840
3.40000	    6.72222	    5.07938	    4.69840
3.60000	    6.72222	    5.07938	    4.69840
3.80000	    6.72222	    5.07938	    4.69840
4.00000	    6.72222	    5.07938	    4.69840
4.20000	    6.72222	    5.07938	    4.69840
4.40000	    6.72222	    5.07938	    4.69840
4.60000	    6.72222	    5.07938	    4.69840
4.80000	    6.72223	    5.07938	    4.69840
5.00000	    6.72223	    5.07938	    4.69839
5.20000	    6.72224	    5.07937	    4.69839
5.40000	    6.72225	    5.07937	    4.69839
5.60000	    6.72226	    5.07936	    4.69838
5.80000	    6.72229	    5.07935	    4.69837
6.00000	    6.72232	    5.07933	    4.69835
6.20000	    6.72226	    0.00011	    5.07930	    4.69833
6.40000	    6.72228	    0.00015	    5.07927	    4.69830
6.60000	    6.72231	    0.00022	    5.07922	    4.69825
6.80000	    4.48149	    0.00030	    5.07916	    4.69820
7.00000	    4.48149	    0.00041	    5.07908	    4.69812
7.20000	    4.48149	    0.00055	    5.07898	    4.69803
7.40000	    4.48149	    0.00073	    5.07886	    4.69792
7.60000	    4.48150	    0.00094	    5.07870	    4.69777
7.80000	    4.48150	    0.00120	    5.07851	    4.69760
8.00000	    4.48150	    0.00152	    5.07829	    4.69739
8.20000	    4.48151	    0.00190	    5.07801	    4.69713
8.40000	    4.48152	    0.00235	    5.07769	    4.69683
8.60000	    4.48152	    0.00288	    5.07731	    4.69648
8.80000	    4.48153	    0.00349	    5.07686	    4.69607
9.00000	    4.48154	    0.00420	    5.07635	    4.69560
9.20000	    4.48156	    0.00501	    5.07577	    4.69506
9.40000	    4.48157	    0.00593	    5.07510	    4.69444
9.60000	    4.48158	    0.00697	    5.07434	    4.69374
9.80000	    4.48160	    0.00815	    5.07349	    4.69295
10.00000	    4.48162	    0.00945	    5.07254	    4.69207
10.20000	    4.48164	    0.01091	    5.07148	    4.69109
10.40000	    4.48167	    0.01252	    5.07031	    4.69001
10.60000	    4.48169	    0.01429	    5.06902	    4.68881
10.80000	    4.48172	    0.01623	    5.06760	    4.68750
11.00000	    4.48176	    0.01835	    5.06604	    4.68606
11.20000	    4.48179	    0.02066	    5.06435	    4.68450
11.40000	    4.48183	    0.02316	    5.06252	    4.68280
11.60000	    4.48187	    0.02586	    5.06053	    4.68097
11.80000	    4.48192	    0.02876	    5.05839	    4.67899
12.00000	    4.48196	    0.03187	    5.05609	    4.67686
12.20000	    4.48202	    0.03520	    5.05363	    4.67458
12.40000	    4.48207	    0.03875	    5.05099	    4.67214
12.60000	    4.48213	    0.04253	    5.04818	    4.66954
12.80000	    4.48220	    0.04654	    5.04520	    4.66678
13.00000	    4.48226	    0.05078	    5.04203	    4.66385
13.20000	    4.48233	    0.05526	    5.03867	    4.66075
13.40000	    4.48241	    0.05998	    5.03513	    4.65747
13.60000	    4.48249	    0.06495	    5.03140	    4.65402
13.80000	    4.48257	    0.07015	    5.02747	    4.65039
14.00000	    4.48266	    0.07561	    5.02335	    4.64657
14.20000	    4.48276	    0.08131	    5.01903	    4.64258
14.40000	    4.48285	    0.08726	    5.01451	    4.63840
14.60000	    4.48296	    0.09345	    5.00979	    4.63403
14.80000	    4.48307	    0.09990	    5.00487	    4.62948
15.00000	    4.48318	    0.10659	    4.99974	    4.62474
15.20000	    4.48329	    0.11353	    4.99441	    4.61981
15.40000	    4.48342	    0.12071	    4.98888	    4.61469
15.60000	    4.48354	    0.12814	    4.98314	    4.60938
15.80000	    4.48367	    0.13581	    4.97720	    4.60388
16.00000	    4.48381	    0.14372	    4.97106	    4.59820
16.20000	    4.48395	    0.15186	    4.96471	    4.59233
16.40000	    4.48410	    0.16024	    4.95816	    4.58627
16.60000	    4.48425	    0.16885	    4.95141	    4.58003
16.80000	    4.48441	    0.17769	    4.94446	    4.57360
17.00000	    4.48457	    0.18676	    4.93731	    4.56698
17.20000	    4.48473	    0.19604	    4.92996	    4.56019
17.40000	    4.48491	    0.20554	    4.92242	    4.55321
17.60000	    4.48508	    0.21526	    4.91469	    4.54606
17.80000	    4.48526	    0.22518	    4.90676	    4.53873
18.00000	    4.48545	    0.23530	    4.89865	    4.53123
18.20000	    4.48564	    0.24562	    4.89035	    4.52355
18.40000	    4.48583	    0.25614	    4.88187	    4.51570
18.60000	    4.48603	    0.26685	    4.87321	    4.50769
18.80000	    4.48624	    0.27774	    4.86437	    4.49952
19.00000	    4.48645	    0.28881	    4.85536	    4.49118
19.20000	    4.48666	    0.30005	    4.84617	    4.48268
19.40000	    4.48688	    0.31146	    4.83682	    4.47403
19.60000	    4.48711	    0.32303	    4.82730	    4.46523
19.80000	    4.48733	    0.33476	    4.81762	    4.45627
20.00000	    4.48757	    0.34665	    4.80778	    4.44717
20.20000	    4.48780	    0.35867	    4.79779	    4.43793
20.40000	    4.48805	    0.37084	    4.78765	    4.42855
20.60000	    4.48829	    0.38315	    4.77736	    4.41903
20.80000	    4.48854	    0.39558	    4.76692	    4.40938
21.00000	    4.48879	    0.40814	    4.75635	    4.39960
21.20000	    4.48905	    0.42082	    4.74564	    4.38969
21.40000	    4.48931	    0.43361	    4.73480	    4.37966
21.60000	    4.48958	    0.44651	    4.72382	    4.36951
21.80000	    4.48985	    0.45951	    4.71273	    4.35925
22.00000	    4.49012	    0.47261	    4.70151	    4.34887
22.20000	    4.49040	    0.48579	    4.69018	    4.33839
22.40000	    4.49068	    0.49907	    4.67873	    4.32780
22.60000	    4.49096	    0.51243	    4.66718	    4.31711
22.80000	    4.49125	    0.52586	    4.65552	    4.30633
23.00000	    4.49154	    0.53936	    4.64375	    4.29545
23.20000	    4.49183	    0.55293	    4.63189	    4.28448
23.40000	    4.49213	    0.56656	    4.61994	    4.27342
23.60000	    4.49243	    0.58024	    4.60790	    4.26228
23.80000	    4.49274	    0.59398	    4.59577	    4.25106
24.00000	    4.49304	    0.60776	    4.58355	    4.23976
24.20000	    4.49335	    0.62158	    4.57126	    4.22839
24.40000	    4.49366	    0.63544	    4.55890	    4.21695
24.60000	    4.49398	    0.64933	    4.54646	    4.20545
24.80000	    4.49429	    0.66326	    4.53395	    4.19388
25.00000	    4.49461	    0.67720	    4.52138	    4.18225
25.20000	    4.49493	    0.69117	    4.50875	    4.17057
25.40000	    4.49526	    0.70515	    4.49606	    4.15883
25.60000	    4.49558	    0.71914	    4.48332	    4.14705
25.80000	    4.49591	    0.73314	    4.47053	    4.13521
26.00000	    4.49624	    0.74714	    4.45769	    4.12334
26.20000	    4.49658	    0.76115	    4.44480	    4.11142
26.40000	    4.49691	    0.77515	    4.43188	    4.09946
26.60000	    4.49725	    0.78914	    4.41891	    4.08747
26.80000	    4.49758	    0.80312	    4.40592	    4.07545
27.00000	    4.49792	    0.81709	    4.39289	    4.06340
27.20000	    4.49826	    0.83105	    4.37983	    4.05132
27.40000	    4.49861	    0.84498	    4.36675	    4.03922
27.60000	    4.49895	    0.85889	    4.35364	    4.02710
27.80000	    4.49930	    0.87278	    4.34052	    4.01495
28.00000	    4.49964	    0.88663	    4.32737	    4.00280
28.20000	    4.49999	    0.90046	    4.31422	    3.99063
28.40000	    4.50034	    0.91425	    4.30105	    3.97845
28.60000	    4.50069	    0.92801	    4.28787	    3.96626
28.80000	    4.50104	    0.94172	    4.27468	    3.95406
29.00000	    4.50139	    0.95540	    4.26149	    3.94186
29.20000	    4.50175	    0.96903	    4.24830	    3.92966
29.40000	    4.50210	    0.98261	    4.23511	    3.91746
29.60000	    4.50246	    0.99615	    4.22192	    3.90526
29.80000	    4.50281	    1.00964	    4.20874	    3.89306
30.00000	    4.50317	    1.02307	    4.19556	    3.88087
30.20000	    4.50352	    1.03646	    4.18240	    3.86869
30.40000	    4.50388	    1.04978	    4.16924	    3.85653
30.60000	    4.50424	    1.06305	    4.15610	    3.84437
30.80000	    4.50460	    1.07626	    4.14297	    3.83223
31.00000	    4.50495	    1.08941	    4.12986	    3.82010
31.20000	    4.50531	    1.10250	    4.11677	    3.80799
31.40000	    4.50567	    1.11552	    4.10370	    3.79590
31.60000	    4.50603	    1.12849	    4.09065	    3.78383
31.80000	    4.50639	    1.14138	    4.07762	    3.77178
32.00000	    4.50675	    1.15421	    4.06462	    3.75975
32.20000	    4.50711	    1.16697	    4.05165	    3.74775
32.40000	    4.50746	    1.17966	    4.03871	    3.73578
32.60000	    4.50782	    1.19227	    4.02579	    3.72384
32.80000	    4.50818	    1.20482	    4.01291	    3.71192
33.00000	    4.50854	    1.21730	    4.00006	    3.70003
33.20000	    4.50890	    1.22970	    3.98724	    3.68818
33.40000	    4.50926	    1.24203	    3.97446	    3.67636
33.60000	    4.50961	    1.25428	    3.96172	    3.66457
33.80000	    4.50997	    1.26646	    3.94901	    3.65282
34.00000	    4.51033	    1.27856	    3.93635	    3.64110
34.20000	    4.51068	    1.29059	    3.92372	    3.62942
34.40000	    4.51104	    1.30254	    3.91113	    3.61778
34.60000	    4.51139	    1.31441	    3.89859	    3.60617
34.80000	    4.51175	    1.32620	    3.88609	    3.59461
35.00000	    4.51210	    1.33791	    3.87363	    3.58309
35.20000	    4.51246	    1.34955	    3.86122	    3.57161
35.40000	    4.51281	    1.36110	    3.84885	    3.56017
35.60000	    4.51316	    1.37258	    3.83653	    3.54877
35.80000	    4.51351	    1.38398	    3.82426	    3.53742
36.00000	    4.51386	    1.39529	    3.81203	    3.52611
36.20000	    4.51421	    1.40653	    3.79986	    3.51485
36.40000	    4.51456	    1.41768	    3.78773	    3.50363
36.60000	    4.51491	    1.42876	    3.77565	    3.49246
36.80000	    4.51526	    1.43975	    3.76362	    3.48133
37.00000	    4.51561	    1.45066	    3.75165	    3.47025
37.20000	    4.51595	    1.46150	    3.73972	    3.45922
37.40000	    4.51630	    1.47225	    3.72785	    3.44824
37.60000	    4.51664	    1.48292	    3.71603	    3.43731
37.80000	    4.51698	    1.49351	    3.70427	    3.42643
38.00000	    4.51733	    1.50402	    3.69255	    3.41559
38.20000	    4.51767	    1.51445	    3.68089	    3.40481
38.40000	    4.51801	    1.52480	    3.66929	    3.39407
38.60000	    4.51835	    1.53507	    3.65774	    3.38339
38.80000	    4.51868	    1.54526	    3.64625	    3.37276
39.00000	    4.51902	    1.55537	    3.63481	    3.36218
39.20000	    4.51936	    1.56539	    3.62342	    3.35165
39.40000	    4.51969	    1.57534	    3.61209	    3.34117
39.60000	    4.52002	    1.58521	    3.60082	    3.33074
39.80000	    4.52036	    1.59501	    3.58961	    3.32037
40.00000	    4.52069	    1.60472	    3.57845	    3.31004
40.20000	    4.52102	    1.61435	    3.56734	    3.29977
40.40000	    4.52135	    1.62391	    3.55630	    3.28956
40.60000	    4.52168	    1.63339	    3.54531	    3.27939
40.80000	    4.52200	    1.64279	    3.53438	    3.26928
41.00000	    4.52233	    1.65211	    3.52351	    3.25922
41.20000	    4.52265	    1.66136	    3.51269	    3.24922
41.40000	    4.52297	    1.67053	    3.50193	    3.23926
41.60000	    4.52330	    1.67962	    3.49123	    3.22937
41.80000	    4.52362	    1.68864	    3.48058	    3.21952
42.00000	    4.52394	    1.69758	    3.47000	    3.20973
42.20000	    4.52425	    1.70645	    3.45947	    3.19999
42.40000	    4.52457	    1.71525	    3.44899	    3.19030
42.60000	    4.52489	    1.72397	    3.43858	    3.18067
42.80000	    4.52520	    1.73261	    3.42822	    3.17109
43.00000	    4.52551	    1.74119	    3.41792	    3.16156
43.20000	    4.52582	    1.74969	    3.40768	    3.15209
43.40000	    4.52613	    1.75812	    3.39749	    3.14266
43.60000	    4.52644	    1.76647	    3.38737	    3.13330
43.80000	    4.52675	    1.77476	    3.37730	    3.12398
44.00000	    4.52706	    1.78297	    3.36728	    3.11472
44.20000	    4.52736	    1.79111	    3.35733	    3.10551
44.40000	    4.52766	    1.79919	    3.34743	    3.09635
44.60000	    4.52797	    1.80719	    3.33758	    3.08725
44.80000	    4.52827	    1.81513	    3.32780	    3.07819
45.00000	    4.52857	    1.82300	    3.31807	    3.06919
45.20000	    4.52887	    1.83079	    3.30839	    3.06025
45.40000	    4.52916	    1.83853	    3.29878	    3.05135
45.60000	    4.52946	    1.84619	    3.28922	    3.04251
45.80000	    4.52975	    1.85379	    3.27971	    3.03371
46.00000	    4.53005	    1.86132	    3.27026	    3.02497
46.20000	    4.53034	    1.86879	    3.26087	    3.01628
46.40000	    4.53063	    1.87619	    3.25153	    3.00764
46.60000	    4.53092	    1.88352	    3.24224	    2.99906
46.80000	    4.53120	    1.89080	    3.23301	    2.99052
47.00000	    4.53149	    1.89801	    3.22384	    2.98203
47.20000	    4.53178	    1.90515	    3.21472	    2.97360
47.40000	    4.53206	    1.91224	    3.20565	    2.96521
47.60000	    4.53234	    1.91926	    3.19664	    2.95687
47.80000	    4.53262	    1.92622	    3.18768	    2.94859
48.00000	    4.53290	    1.93312	    3.17878	    2.94035
48.20000	    4.53318	    1.93996	    3.16992	    2.93216
48.40000	    4.53346	    1.94673	    3.16113	    2.92402
48.60000	    4.53373	    1.95345	    3.15238	    2.91593
48.80000	    4.53401	    1.96011	    3.14369	    2.90789
49.00000	    4.53428	    1.96672	    3.13505	    2.89990
49.20000	    4.53455	    1.97326	    3.12646	    2.89196
49.40000	    4.53482	    1.97975	    3.11792	    2.88406
49.60000	    4.53509	    1.98618	    3.10944	    2.87621
49.80000	    4.53536	    1.99255	    3.10100	    2.86841
50.00000	    4.53563	    1.99887	    3.09262	    2.86066
50.20000	    4.53589	    2.00513	    3.08429	    2.85295
50.40000	    4.53615	    2.01133	    3.07601	    2.84529
50.60000	    4.53642	    2.01748	    3.06777	    2.83767
50.80000	    4.53668	    2.02358	    3.05959	    2.83011
51.00000	    4.53694	    2.02963	    3.05146	    2.82258
51.20000	    4.53720	    2.03562	    3.04338	    2.81511
51.40000	    4.53745	    2.04156	    3.03535	    2.80768
51.60000	    4.53771	    2.04744	    3.02736	    2.80029
51.80000	    4.53796	    2.05328	    3.01942	    2.79295
52.00000	    4.53822	    2.05906	    3.01154	    2.78566
52.20000	    4.53847	    2.06479	    3.00370	    2.77840
52.40000	    4.53872	    2.07047	    2.99591	    2.77120
52.60000	    4.53897	    2.07611	    2.98816	    2.76403
52.80000	    4.53922	    2.08169	    2.98046	    2.75691
53.00000	    4.53947	    2.08722	    2.97281	    2.74984
53.20000	    4.53971	    2.09271	    2.96521	    2.74280
53.40000	    4.53996	    2.09815	    2.95765	    2.73581
53.60000	    4.54020	    2.10354	    2.95014	    2.72887
53.80000	    4.54044	    2.10888	    2.94268	    2.72196
54.00000	    4.54068	    2.11418	    2.93526	    2.71510
54.20000	    4.54092	    2.11942	    2.92788	    2.70827
54.40000	    4.54116	    2.12463	    2.92055	    2.70149
54.60000	    4.54140	    2.12979	    2.91327	    2.69476
54.80000	    4.54164	    2.13490	    2.90603	    2.68806
55.00000	    4.54187	    2.13997	    2.89883	    2.68140
55.20000	    4.54211	    2.14500	    2.89167	    2.67478
55.40000	    4.54234	    2.14998	    2.88457	    2.66821
55.60000	    4.54257	    2.15491	    2.87750	    2.66167
55.80000	    4.54280	    2.15981	    2.87048	    2.65517
56.00000	    4.54303	    2.16466	    2.86349	    2.64872
56.20000	    4.54326	    2.16947	    2.85656	    2.64230
56.40000	    4.54348	    2.17424	    2.84966	    2.63592
56.60000	    4.54371	    2.17897	    2.84280	    2.62958
56.80000	    4.54393	    2.18366	    2.83599	    2.62328
57.00000	    4.54416	    2.18830	    2.82922	    2.61701
57.20000	    4.54438	    2.19291	    2.82249	    2.61079
57.40000	    4.54460	    2.19748	    2.81580	    2.60460
57.60000	    4.54482	    2.20200	    2.80915	    2.59845
57.80000	    4.54504	    2.20649	    2.80254	    2.59233
58.00000	    4.54526	    2.21094	    2.79597	    2.58625
58.20000	    4.54548	    2.21535	    2.78944	    2.58021
58.40000	    4.54569	    2.21972	    2.78295	    2.57421
58.60000	    4.54591	    2.22406	    2.77649	    2.56824
58.80000	    4.54612	    2.22836	    2.77008	    2.56231
59.00000	    4.54633	    2.23262	    2.76371	    2.55641
59.20000	    4.54654	    2.23685	    2.75737	    2.55055
59.40000	    4.54675	    2.24104	    2.75107	    2.54473
59.60000	    4.54696	    2.24519	    2.74481	    2.53894
59.80000	    4.54717	    2.24931	    2.73859	    2.53318
60.00000	    4.54738	    2.25339	    2.73240	    2.52746
60.20000	    4.54758	    2.25744	    2.72625	    2.52177
60.40000	    4.54779	    2.26146	    2.72014	    2.51611
60.60000	    4.54799	    2.26544	    2.71406	    2.51049
60.80000	    4.54819	    2.26938	    2.70802	    2.50491
61.00000	    4.54840	    2.27330	    2.70202	    2.49935
61.20000	    4.54860	    2.27718	    2.69605	    2.49383
61.40000	    4.54880	    2.28102	    2.69012	    2.48835
61.60000	    4.54899	    2.28484	    2.68422	    2.48289
61.80000	    4.54919	    2.28862	    2.67836	    2.47747
62.00000	    4.54939	    2.29237	    2.67253	    2.47208
62.20000	    4.54958	    2.29609	    2.66674	    2.46672
62.40000	    4.54978	    2.29978	    2.66098	    2.46139
62.60000	    4.54997	    2.30344	    2.65525	    2.45609
62.80000	    4.55017	    2.30706	    2.64956	    2.45083
63.00000	    4.55036	    2.31066	    2.64390	    2.44559
63.20000	    4.55055	    2.31423	    2.63828	    2.44039
63.40000	    4.55074	    2.31777	    2.63268	    2.43522
63.60000	    4.55093	    2.32127	    2.62712	    2.43008
63.80000	    4.55112	    2.32475	    2.62160	    2.42496
64.00000	    4.55130	    2.32820	    2.61610	    2.41988
64.20000	    4.55149	    2.33162	    2.61064	    2.41483
64.40000	    4.55167	    2.33501	    2.60521	    2.40980
64.60000	    4.55186	    2.33838	    2.59981	    2.40481
64.80000	    4.55204	    2.34172	    2.59444	    2.39984
65.00000	    4.55222	    2.34503	    2.58910	    2.39491
65.20000	    4.55240	    2.34831	    2.58380	    2.39000
65.40000	    4.55259	    2.35156	    2.57852	    2.38512
65.60000	    4.55276	    2.35479	    2.57328	    2.38027
65.80000	    4.55294	    2.35799	    2.56806	    2.37544
66.00000	    4.55312	    2.36117	    2.56288	    2.37065
66.20000	    4.55330	    2.36432	    2.55772	    2.36588
66.40000	    4.55347	    2.36744	    2.55260	    2.36114
66.60000	    4.55365	    2.37054	    2.54750	    2.35643
66.80000	    4.55382	    2.37362	    2.54244	    2.35174
67.00000	    4.55400	    2.37666	    2.53740	    2.34708
67.20000	    4.55417	    2.37969	    2.53239	    2.34245
67.40000	    4.55434	    2.38269	    2.52741	    2.33784
67.60000	    4.55451	    2.38566	    2.52246	    2.33326
67.80000	    4.55468	    2.38861	    2.51753	    2.32870
68.00000	    4.55485	    2.39154	    2.51264	    2.32418
68.20000	    4.55502	    2.39445	    2.50777	    2.31967
68.40000	    4.55519	    2.39733	    2.50293	    2.31519
68.60000	    4.55536	    2.40018	    2.49811	    2.31074
68.80000	    4.55552	    2.40302	    2.49333	    2.30631
69.00000	    4.55569	    2.40583	    2.48857	    2.30191
69.20000	    4.55585	    2.40862	    2.48384	    2.29753
69.40000	    4.55601	    2.41139	    2.47913	    2.29318
69.60000	    4.55618	    2.41413	    2.47445	    2.28885
69.80000	    4.55634	    2.41685	    2.46980	    2.28455
70.00000	    4.55650	    2.41955	    2.46517	    2.28027
70.20000	    4.55666	    2.42223	    2.46057	    2.27601
70.40000	    4.55682	    2.42489	    2.45599	    2.27178
70.60000	    4.55698	    2.42753	    2.45144	    2.26757
70.80000	    4.55714	    2.43015	    2.44691	    2.26338
71.00000	    4.55729	    2.43274	    2.44241	    2.25922
71.20000	    4.55745	    2.43532	    2.43794	    2.25508
71.40000	    4.55761	    2.43788	    2.43349	    2.25096
71.60000	    4.55776	    2.44041	    2.42906	    2.24687
71.80000	    4.55792	    2.44293	    2.42466	    2.24280
72.00000	    4.55807	    2.44542	    2.42028	    2.23875
72.20000	    4.55822	    2.44790	    2.41593	    2.23472
72.40000	    4.55837	    2.45036	    2.41160	    2.23071
72.60000	    4.55853	    2.45280	    2.40729	    2.22673
72.80000	    4.55868	    2.45521	    2.40301	    2.22277
73.00000	    4.55883	    2.45761	    2.39875	    2.21883
73.20000	    4.55897	    2.46000	    2.39451	    2.21491
73.40000	    4.55912	    2.46236	    2.39030	    2.21101
73.60000	    4.55927	    2.46470	    2.38611	    2.20714
73.80000	    4.55942	    2.46703	    2.38194	    2.20328
74.00000	    4.55956	    2.46934	    2.37780	    2.19945
74.20000	    4.55971	    2.47163	    2.37367	    2.19563
74.40000	    4.55986	    2.47391	    2.36957	    2.19184
74.60000	    4.56000	    2.47616	    2.36549	    2.18807
74.80000	    4.56014	    2.47840	    2.36144	    2.18432
75.00000	    4.56029	    2.48062	    2.35740	    2.18058
75.20000	    4.56043	    2.48283	    2.35339	    2.17687
75.40000	    4.56057	    2.48502	    2.34939	    2.17318
75.60000	    4.56071	    2.48719	    2.34542	    2.16950
75.80000	    4.56085	    2.48934	    2.34147	    2.16585
76.00000	    4.56099	    2.49148	    2.33754	    2.16222
76.20000	    4.56113	    2.49360	    2.33364	    2.15860
76.40000	    4.56127	    2.49571	    2.32975	    2.15501
76.60000	    4.56141	    2.49780	    2.32588	    2.15143
76.80000	    4.56154	    2.49988	    2.32204	    2.14787
77.00000	    4.56168	    2.50193	    2.31821	    2.14433
77.20000	    4.56181	    2.50398	    2.31440	    2.14081
77.40000	    4.56195	    2.50601	    2.31062	    2.13731
77.60000	    4.56208	    2.50802	    2.30685	    2.13382
77.80000	    4.56222	    2.51002	    2.30310	    2.13036
78.00000	    4.56235	    2.51200	    2.29938	    2.12691
78.20000	    4.56248	    2.51397	    2.29567	    2.12348
78.40000	    4.56262	    2.51592	    2.29198	    2.12007
78.60000	    4.56275	    2.51786	    2.28831	    2.11668
78.80000	    4.56288	    2.51979	    2.28466	    2.11330
79.00000	    4.56301	    2.52170	    2.28103	    2.10994
79.20000	    4.56314	    2.52360	    2.27742	    2.10660
79.40000	    4.56327	    2.52548	    2.27382	    2.10327
79.60000	    4.56340	    2.52735	    2.27025	    2.09997
79.80000	    4.56352	    2.52920	    2.26669	    2.09667
80.00000	    4.56365	    2.53104	    2.26315	    2.09340
80.20000	    4.56378	    2.53287	    2.25963	    2.09014
80.40000	    4.56390	    2.53469	    2.25613	    2.08690
80.60000	    4.56403	    2.53649	    2.25264	    2.08368
80.80000	    4.56415	    2.53827	    2.24917	    2.08047
81.00000	    4.56428	    2.54005	    2.24572	    2.07728
81.20000	    4.56440	    2.54181	    2.24229	    2.07411
81.40000	    4.56453	    2.54356	    2.23888	    2.07095
81.60000	    4.56465	    2.54530	    2.23548	    2.06780
81.80000	    4.56477	    2.54702	    2.23210	    2.06468
82.00000	    4.56489	    2.54873	    2.22873	    2.06157
82.20000	    4.56501	    2.55043	    2.22539	    2.05847
82.40000	    4.56513	    2.55212	    2.22206	    2.05539
82.60000	    4.56525	    2.55379	    2.21874	    2.05233
82.80000	    4.56537	    2.55546	    2.21545	    2.04928
83.00000	    4.56549	    2.55711	    2.21217	    2.04624
83.20000	    4.56561	    2.55875	    2.20890	    2.04322
83.40000	    4.56573	    2.56037	    2.20565	    2.04022
83.60000	    4.56585	    2.56199	    2.20242	    2.03723
83.80000	    4.56596	    2.56359	    2.19921	    2.03425
84.00000	    4.56608	    2.56519	    2.19601	    2.03129
84.20000	    4.56620	    2.56677	    2.19282	    2.02835
84.40000	    4.56631	    2.56834	    2.18965	    2.02542
84.60000	    4.56643	    2.56990	    2.18650	    2.02250
84.80000	    4.56654	    2.57145	    2.18336	    2.01960
85.00000	    4.56665	    2.57298	    2.18024	    2.01671
85.20000	    4.56677	    2.57451	    2.17714	    2.01384
85.40000	    4.56688	    2.57603	    2.17404	    2.01098
85.60000	    4.56699	    2.57753	    2.17097	    2.00813
85.80000	    4.56710	    2.57902	    2.16791	    2.00530
86.00000	    4.56722	    2.58051	    2.16486	    2.00248
86.20000	    4.56733	    2.58198	    2.16183	    1.99968
86.40000	    4.56744	    2.58345	    2.15881	    1.99689
86.60000	    4.56755	    2.58490	    2.15581	    1.99411
86.80000	    4.56766	    2.58634	    2.15282	    1.99135
87.00000	    4.56777	    2.58777	    2.14985	    1.98860
87.20000	    4.56787	    2.58920	    2.14689	    1.98586
87.40000	    4.56798	    2.59061	    2.14394	    1.98313
87.60000	    4.56809	    2.59201	    2.14101	    1.98042
87.80000	    4.56820	    2.59341	    2.13809	    1.97772
88.00000	    4.56830	    2.59479	    2.13519	    1.97504
88.20000	    4.56841	    2.59617	    2.13230	    1.97236
88.40000	    4.56852	    2.59753	    2.12942	    1.96970
88.60000	    4.56862	    2.59889	    2.12656	    1.96706
88.80000	    4.56873	    2.60023	    2.12371	    1.96442
89.00000	    4.56883	    2.60157	    2.12088	    1.96180
89.20000	    4.56893	    2.60290	    2.11805	    1.95919
89.40000	    4.56904	    2.60422	    2.11525	    1.95659
89.60000	    4.56914	    2.60553	    2.11245	    1.95400
89.80000	    4.56924	    2.60683	    2.10967	    1.95143
90.00000	    4.56935	    2.60812	    2.10690	    1.94887
90.20000	    4.56945	    2.60940	    2.10414	    1.94632
90.40000	    4.56955	    2.61068	    2.10140	    1.94378
90.60000	    4.56965	    2.61195	    2.09867	    1.94126
90.80000	    4.56975	    2.61320	    2.09595	    1.93874
91.00000	    4.56985	    2.61445	    2.09324	    1.93624
91.20000	    4.56995	    2.61569	    2.09055	    1.93375
91.40000	    4.57005	    2.61693	    2.08787	    1.93127
91.60000	    4.57015	    2.61815	    2.08520	    1.92880
91.80000	    4.57025	    2.61937	    2.08255	    1.92634
92.00000	    4.57034	    2.62057	    2.07990	    1.92390
92.20000	    4.57044	    2.62177	    2.07727	    1.92146
92.40000	    4.57054	    2.62297	    2.07465	    1.91904
92.60000	    4.57064	    2.62415	    2.07204	    1.91663
92.80000	    4.57073	    2.62533	    2.06945	    1.91423
93.00000	    4.57083	    2.62649	    2.06687	    1.91184
93.20000	    4.57092	    2.62766	    2.06429	    1.90946
93.40000	    4.57102	    2.62881	    2.06173	    1.90709
93.60000	    4.57111	    2.62995	    2.05918	    1.90473
93.80000	    4.57121	    2.63109	    2.05665	    1.90239
94.00000	    4.57130	    2.63222	    2.05412	    1.90005
94.20000	    4.57140	    2.63334	    2.05161	    1.89773
94.40000	    4.57149	    2.63446	    2.04910	    1.89541
94.60000	    4.57158	    2.63557	    2.04661	    1.89311
94.80000	    4.57168	    2.63667	    2.04413	    1.89081
95.00000	    4.57177	    2.63776	    2.04166	    1.88853
95.20000	    4.57186	    2.63885	    2.03920	    1.88625
95.40000	    4.57195	    2.63993	    2.03676	    1.88399
95.60000	    4.57204	    2.64100	    2.03432	    1.88173
95.80000	    4.57213	    2.64207	    2.03189	    1.87949
96.00000	    4.57222	    2.64312	    2.02948	    1.87726
96.20000	    4.57231	    2.64418	    2.02707	    1.87503
96.40000	    4.57240	    2.64522	    2.02468	    1.87282
96.60000	    4.57249	    2.64626	    2.02230	    1.87061
96.80000	    4.57258	    2.64729	    2.01992	    1.86842
97.00000	    4.57267	    2.64832	    2.01756	    1.86623
97.20000	    4.57276	    2.64933	    2.01521	    1.86406
97.40000	    4.57285	    2.65035	    2.01287	    1.86189
97.60000	    4.57293	    2.65135	    2.01054	    1.85974
97.80000	    4.57302	    2.65235	    2.00822	    1.85759
98.00000	    4.57311	    2.65334	    2.00591	    1.85545
98.20000	    4.57320	    2.65433	    2.00360	    1.85332
98.40000	    4.57328	    2.65531	    2.00131	    1.85120
98.60000	    4.57337	    2.65628	    1.99903	    1.84909
98.80000	    4.57345	    2.65725	    1.99676	    1.84699
99.00000	    4.57354	    2.65821	    1.99450	    1.84490
99.20000	    4.57362	    2.65917	    1.99225	    1.84282
99.40000	    4.57371	    2.66011	    1.99001	    1.84074
99.60000	    4.57379	    2.66106	    1.98777	    1.83868
99.80000	    4.57388	    2.66200	    1.98555	    1.83662
100.00000	    4.57396	    2.66293	    1.98334	    1.83458
100.20000	    4.57404	    2.66385	    1.98113	    1.83254
100.40000	    4.57412	    2.66477	    1.97894	    1.83051
100.60000	    4.57421	    2.66569	    1.97675	    1.82849
100.80000	    4.57429	    2.66659	    1.97458	    1.82647
101.00000	    4.57437	    2.66750	    1.97241	    1.82447
101.20000	    4.57445	    2.66839	    1.97025	    1.82247
101.40000	    4.57453	    2.66928	    1.96811	    1.82049
101.60000	    4.57462	    2.67017	    1.96597	    1.81851
101.80000	    4.57470	    2.67105	    1.96384	    1.81654
102.00000	    4.57478	    2.67193	    1.96172	    1.81458
102.20000	    4.57486	    2.67279	    1.95960	    1.81262
102.40000	    4.57494	    2.67366	    1.95750	    1.81068
102.60000	    4.57502	    2.67452	    1.95541	    1.80874
102.80000	    4.57510	    2.67537	    1.95332	    1.80681
103.00000	    4.57517	    2.67622	    1.95124	    1.80489
103.20000	    4.57525	    2.67706	    1.94917	    1.80298
103.40000	    4.57533	    2.67790	    1.94711	    1.80107
103.60000	    4.57541	    2.67873	    1.94506	    1.79917
103.80000	    4.57549	    2.67956	    1.94302	    1.79728
104.00000	    4.57556	    2.68038	    1.94099	    1.79540
104.20000	    4.57564	    2.68120	    1.93896	    1.79353
104.40000	    4.57572	    2.68201	    1.93694	    1.79166
104.60000	    4.57579	    2.68282	    1.93493	    1.78980
104.80000	    4.57587	    2.68362	    1.93293	    1.78795
105.00000	    4.57595	    2.68442	    1.93094	    1.78611
105.20000	    4.57602	    2.68521	    1.92895	    1.78427
105.40000	    4.57610	    2.68600	    1.92698	    1.78244
105.60000	    4.57617	    2.68678	    1.92501	    1.78062
105.80000	    4.57625	    2.68756	    1.92305	    1.77881
106.00000	    4.57632	    2.68834	    1.92110	    1.77700
106.20000	    4.57640	    2.68911	    1.91915	    1.77520
106.40000	    4.57647	    2.68987	    1.91721	    1.77341
106.60000	    4.57654	    2.69063	    1.91529	    1.77163
106.80000	    4.57662	    2.69139	    1.91336	    1.76985
107.00000	    4.57669	    2.69214	    1.91145	    1.76808
107.20000	    4.57676	    2.69288	    1.90954	    1.76632
107.40000	    4.57684	    2.69362	    1.90765	    1.76456
107.60000	    4.57691	    2.69436	    1.90576	    1.76281
107.80000	    4.57698	    2.69510	    1.90387	    1.76107
108.00000	    4.57705	    2.69582	    1.90200	    1.75934
108.20000	    4.57712	    2.69655	    1.90013	    1.75761
108.40000	    4.57720	    2.69727	    1.89827	    1.75589
108.60000	    4.57727	    2.69798	    1.89642	    1.75417
108.80000	    4.57734	    2.69870	    1.89457	    1.75247
109.00000	    4.57741	    2.69940	    1.89273	    1.75077
109.20000	    4.57748	    2.70011	    1.89090	    1.74907
109.40000	    4.57755	    2.70081	    1.88908	    1.74739
109.60000	    4.57762	    2.70150	    1.88726	    1.74571
109.80000	    4.57769	    2.70219	    1.88545	    1.74403
110.00000	    4.57776	    2.70288	    1.88365	    1.74237
110.20000	    4.57783	    2.70356	    1.88185	    1.74070
110.40000	    4.57790	    2.70424	    1.88007	    1.73905
110.60000	    4.57796	    2.70492	    1.87828	    1.73740
110.80000	    4.57803	    2.70559	    1.87651	    1.73576
111.00000	    4.57810	    2.70625	    1.87474	    1.73413
111.20000	    4.57817	    2.70692	    1.87298	    1.73250
111.40000	    4.57824	    2.70758	    1.87123	    1.73088
111.60000	    4.57830	    2.70823	    1.86948	    1.72926
111.80000	    4.57837	    2.70888	    1.86774	    1.72765
112.00000	    4.57844	    2.70953	    1.86601	    1.72605
112.20000	    4.57850	    2.71018	    1.86428	    1.72445
112.40000	    4.57857	    2.71082	    1.86256	    1.72286
112.60000	    4.57864	    2.71145	    1.86085	    1.72127
112.80000	    4.57870	    2.71209	    1.85914	    1.71969
113.00000	    4.57877	    2.71272	    1.85744	    1.71812
113.20000	    4.57883	    2.71334	    1.85575	    1.71655
113.40000	    4.57890	    2.71397	    1.85406	    1.71499
113.60000	    4.57896	    2.71458	    1.85238	    1.71344
113.80000	    4.57903	    2.71520	    1.85070	    1.71189
114.00000	    4.57909	    2.71581	    1.84904	    1.71035
114.20000	    4.57916	    2.71642	    1.84737	    1.70881
114.40000	    4.57922	    2.71702	    1.84572	    1.70728
114.60000	    4.57929	    2.71763	    1.84407	    1.70575
114.80000	    4.57935	    2.71822	    1.84243	    1.70423
115.00000	    4.57941	    2.71882	    1.84079	    1.70272
115.20000	    4.57948	    2.71941	    1.83916	    1.70121
115.40000	    4.57954	    2.72000	    1.83753	    1.69971
115.60000	    4.57960	    2.72058	    1.83591	    1.69821
115.80000	    4.57966	    2.72116	    1.83430	    1.69672
116.00000	    4.57973	    2.72174	    1.83270	    1.69523
116.20000	    4.57979	    2.72232	    1.83110	    1.69375
116.40000	    4.57985	    2.72289	    1.82950	    1.69228
116.60000	    4.57991	    2.72346	    1.82791	    1.69081
116.80000	    4.57997	    2.72402	    1.82633	    1.68935
117.00000	    4.58004	    2.72458	    1.82475	    1.68789
117.20000	    4.58010	    2.72514	    1.82318	    1.68643
117.40000	    4.58016	    2.72570	    1.82162	    1.68499
117.60000	    4.58022	    2.72625	    1.82006	    1.68354
117.80000	    4.58028	    2.72680	    1.81850	    1.68211
118.00000	    4.58034	    2.72735	    1.81696	    1.68068
118.20000	    4.58040	    2.72789	    1.81541	    1.67925
118.40000	    4.58046	    2.72843	    1.81388	    1.67783
118.60000	    4.58052	    2.72897	    1.81235	    1.67641
118.80000	    4.58058	    2.72950	    1.81082	    1.67500
119.00000	    4.58064	    2.73003	    1.80930	    1.67360
119.20000	    4.58070	    2.73056	    1.80779	    1.67219
119.40000	    4.58076	    2.73109	    1.80628	    1.67080
119.60000	    4.58081	    2.73161	    1.80478	    1.66941
119.80000	    4.58087	    2.73213	    1.80328	    1.66802
120.00000	    4.58093	    2.73265	    1.80179	    1.66664
120.20000	    4.58099	    2.73316	    1.80030	    1.66527
120.40000	    4.58105	    2.73367	    1.79882	    1.66390
120.60000	    4.58110	    2.73418	    1.79734	    1.66253
120.80000	    4.58116	    2.73469	    1.79587	    1.66117
121.00000	    4.58122	    2.73519	    1.79441	    1.65982
121.20000	    4.58128	    2.73569	    1.79295	    1.65847
121.40000	    4.58133	    2.73619	    1.79149	    1.65712
121.60000	    4.58139	    2.73668	    1.79004	    1.65578
121.80000	    4.58145	    2.73718	    1.78860	    1.65444
122.00000	    4.58150	    2.73767	    1.78716	    1.65311
122.20000	    4.58156	    2.73815	    1.78572	    1.65178
122.40000	    4.58162	    2.73864	    1.78429	    1.65046
122.60000	    4.58167	    2.73912	    1.78287	    1.64914
122.80000	    4.58173	    2.73960	    1.78145	    1.64783
123.00000	    4.58178	    2.74007	    1.78004	    1.64652
123.20000	    4.58184	    2.74055	    1.77863	    1.64522
123.40000	    4.58189	    2.74102	    1.77722	    1.64392
123.60000	    4.58195	    2.74149	    1.77582	    1.64263
123.80000	    4.58200	    2.74195	    1.77443	    1.64134
124.00000	    4.58206	    2.74242	    1.77304	    1.64005
124.20000	    4.58211	    2.74288	    1.77166	    1.63877
124.40000	    4.58217	    2.74334	    1.77028	    1.63750
124.60000	    4.58222	    2.74380	    1.76890	    1.63622
124.80000	    4.58227	    2.74425	    1.76753	    1.63496
125.00000	    4.58233	    2.74470	    1.76617	    1.63369
125.20000	    4.58238	    2.74515	    1.76480	    1.63243
125.40000	    4.58244	    2.74560	    1.76345	    1.63118
125.60000	    4.58249	    2.74604	    1.76210	    1.62993
125.80000	    4.58254	    2.74648	    1.76075	    1.62869
126.00000	    4.58259	    2.74692	    1.75941	    1.62744
126.20000	    4.58265	    2.74736	    1.75807	    1.62621
126.40000	    4.58270	    2.74780	    1.75674	    1.62497
126.60000	    4.58275	    2.74823	    1.75541	    1.62375
126.80000	    4.58280	    2.74866	    1.75409	    1.62252
127.00000	    4.58286	    2.74909	    1.75277	    1.62130
127.20000	    4.58291	    2.74951	    1.75146	    1.62009
127.40000	    4.58296	    2.74994	    1.75015	    1.61888
127.60000	    4.58301	    2.75036	    1.74884	    1.61767
127.80000	    4.58306	    2.75078	    1.74754	    1.61646
128.00000	    4.58311	    2.75120	    1.74624	    1.61527
128.20000	    4.58317	    2.75161	    1.74495	    1.61407
128.40000	    4.58322	    2.75202	    1.74366	    1.61288
128.60000	    4.58327	    2.75243	    1.74238	    1.61169
128.80000	    4.58332	    2.75284	    1.74110	    1.61051
129.00000	    4.58337	    2.75325	    1.73983	    1.60933
129.20000	    4.58342	    2.75365	    1.73856	    1.60815
129.40000	    4.58347	    2.75406	    1.73729	    1.60698
129.60000	    4.58352	    2.75446	    1.73603	    1.60582
129.80000	    4.58357	    2.75485	    1.73477	    1.60465
130.00000	    4.58362	    2.75525	    1.73352	    1.60349
130.20000	    4.58367	    2.75565	    1.73227	    1.60234
130.40000	    4.58372	    2.75604	    1.73102	    1.60119
130.60000	    4.58377	    2.75643	    1.72978	    1.60004
130.80000	    4.58381	    2.75682	    1.72855	    1.59889
131.00000	    4.58386	    2.75720	    1.72731	    1.59775
131.20000	    4.58391	    2.75759	    1.72608	    1.59662
131.40000	    4.58396	    2.75797	    1.72486	    1.59549
131.60000	    4.58401	    2.75835	    1.72364	    1.59436
131.80000	    4.58406	    2.75873	    1.72242	    1.59323
132.00000	    4.58411	    2.75910	    1.72121	    1.59211
132.20000	    4.58415	    2.75948	    1.72000	    1.59099
132.40000	    4.58420	    2.75985	    1.71880	    1.58988
132.60000	    4.58425	    2.76022	    1.71760	    1.58877
132.80000	    4.58430	    2.76059	    1.71640	    1.58766
133.00000	    4.58434	    2.76095	    1.71521	    1.58656
133.20000	    4.58439	    2.76132	    1.71402	    1.58546
133.40000	    4.58444	    2.76168	    1.71284	    1.58436
133.60000	    4.58449	    2.76204	    1.71166	    1.58327
133.80000	    4.58453	    2.76240	    1.71048	    1.58218
134.00000	    4.58458	    2.76276	    1.70931	    1.58110
134.20000	    4.58463	    2.76312	    1.70814	    1.58002
134.40000	    4.58467	    2.76347	    1.70697	    1.57894
134.60000	    4.58472	    2.76382	    1.70581	    1.57786
134.80000	    4.58477	    2.76417	    1.70465	    1.57679
135.00000	    4.58481	    2.76452	    1.70350	    1.57572
135.20000	    4.58486	    2.76487	    1.70235	    1.57466
135.40000	    4.58490	    2.76521	    1.70120	    1.57360
135.60000	    4.58495	    2.76556	    1.70006	    1.57254
135.80000	    4.58499	    2.76590	    1.69892	    1.57149
136.00000	    4.58504	    2.76624	    1.69778	    1.57044
136.20000	    4.58508	    2.76658	    1.69665	    1.56939
136.40000	    4.58513	    2.76691	    1.69552	    1.56835
136.60000	    4.58517	    2.76725	    1.69440	    1.56731
136.80000	    4.58522	    2.76758	    1.69327	    1.56627
137.00000	    4.58526	    2.76791	    1.69216	    1.56524
137.20000	    4.58531	    2.76824	    1.69104	    1.56420
137.40000	    4.58535	    2.76857	    1.68993	    1.56318
137.60000	    4.58540	    2.76890	    1.68882	    1.56215
137.80000	    4.58544	    2.76922	    1.68772	    1.56113
138.00000	    4.58549	    2.76955	    1.68662	    1.56011
138.20000	    4.58553	    2.76987	    1.68552	    1.55910
138.40000	    4.58557	    2.77019	    1.68443	    1.55809
138.60000	    4.58562	    2.77051	    1.68334	    1.55708
138.80000	    4.58566	    2.77083	    1.68225	    1.55608
139.00000	    4.58570	    2.77114	    1.68117	    1.55507
139.20000	    4.58575	    2.77146	    1.68009	    1.55408
139.40000	    4.58579	    2.77177	    1.67902	    1.55308
139.60000	    4.58583	    2.77208	    1.67794	    1.55209
139.80000	    4.58588	    2.77239	    1.67687	    1.55110
140.00000	    4.58592	    2.77270	    1.67581	    1.55011
140.20000	    4.58596	    2.77300	    1.67474	    1.54913
140.40000	    4.58600	    2.77331	    1.67369	    1.54815
140.60000	    4.58605	    2.77361	    1.67263	    1.54717
140.80000	    4.58609	    2.77392	    1.67158	    1.54620
141.00000	    4.58613	    2.77422	    1.67053	    1.54523
141.20000	    4.58617	    2.77452	    1.66948	    1.54426
141.40000	    4.58621	    2.77481	    1.66844	    1.54330
141.60000	    4.58626	    2.77511	    1.66740	    1.54233
141.80000	    4.58630	    2.77540	    1.66636	    1.54137
142.00000	    4.58634	    2.77570	    1.66533	    1.54042
142.20000	    4.58638	    2.77599	    1.66430	    1.53947
142.40000	    4.58642	    2.77628	    1.66327	    1.53852
142.60000	    4.58646	    2.77657	    1.66225	    1.53757
142.80000	    4.58650	    2.77686	    1.66122	    1.53662
143.00000	    4.58655	    2.77714	    1.66021	    1.53568
143.20000	    4.58659	    2.77743	    1.65919	    1.53474
143.40000	    4.58663	    2.77771	    1.65818	    1.53381
143.60000	    4.58667	    2.77800	    1.65717	    1.53287
143.80000	    4.58671	    2.77828	    1.65617	    1.53194
144.00000	    4.58675	    2.77856	    1.65516	    1.53102
144.20000	    4.58679	    2.77883	    1.65416	    1.53009
144.40000	    4.58683	    2.77911	    1.65317	    1.52917
144.60000	    4.58687	    2.77939	    1.65217	    1.52825
144.80000	    4.58691	    2.77966	    1.65118	    1.52734
145.00000	    4.58695	    2.77993	    1.65020	    1.52642
145.20000	    4.58699	    2.78021	    1.64921	    1.52551
145.40000	    4.58703	    2.78048	    1.64823	    1.52460
145.60000	    4.58707	    2.78075	    1.64725	    1.52370
145.80000	    4.58711	    2.78101	    1.64628	    1.52280
146.00000	    4.58715	    2.78128	    1.64530	    1.52190
146.20000	    4.58719	    2.78155	    1.64433	    1.52100
146.40000	    4.58722	    2.78181	    1.64337	    1.52011
146.60000	    4.58726	    2.78207	    1.64240	    1.51921
146.80000	    4.58730	    2.78233	    1.64144	    1.51833
147.00000	    4.58734	    2.78259	    1.64048	    1.51744
147.20000	    4.58738	    2.78285	    1.63953	    1.51656
147.40000	    4.58742	    2.78311	    1.63858	    1.51567
147.60000	    4.58746	    2.78337	    1.63763	    1.51480
147.80000	    4.58749	    2.78362	    1.63668	    1.51392
148.00000	    4.58753	    2.78388	    1.63574	    1.51305
148.20000	    4.58757	    2.78413	    1.63479	    1.51218
148.40000	    4.58761	    2.78438	    1.63386	    1.51131
148.60000	    4.58765	    2.78464	    1.63292	    1.51044
148.80000	    4.58768	    2.78488	    1.63199	    1.50958
149.00000	    4.58772	    2.78513	    1.63106	    1.50872
149.20000	    4.58776	    2.78538	    1.63013	    1.50786
149.40000	    4.58780	    2.78563	    1.62920	    1.50700
149.60000	    4.58783	    2.78587	    1.62828	    1.50615
149.80000	    4.58787	    2.78612	    1.62736	    1.50530
150.00000	    4.58791	    2.78636	    1.62644	    1.50445
150.20000	    4.58795	    2.78660	    1.62553	    1.50361
150.40000	    4.58798	    2.78684	    1.62462	    1.50276
150.60000	    4.58802	    2.78708	    1.62371	    1.50192
150.80000	    4.58806	    2.78732	    1.62280	    1.50108
151.00000	    4.58809	    2.78756	    1.62190	    1.50025
151.20000	    4.58813	    2.78779	    1.62100	    1.49942
151.40000	    4.58817	    2.78803	    1.62010	    1.49858
151.60000	    4.58820	    2.78826	    1.61920	    1.49776
151.80000	    4.58824	    2.78849	    1.61831	    1.49693
152.00000	    4.58828	    2.78873	    1.61742	    1.49611
152.20000	    4.58831	    2.78896	    1.61653	    1.49528
152.40000	    4.58835	    2.78919	    1.61565	    1.49446
152.60000	    4.58838	    2.78942	    1.61476	    1.49365
152.80000	    4.58842	    2.78964	    1.61388	    1.49283
153.00000	    4.58846	    2.78987	    1.61301	    1.49202
153.20000	    4.58849	    2.79010	    1.61213	    1.49121
153.40000	    4.58853	    2.79032	    1.61126	    1.49040
153.60000	    4.58856	    2.79054	    1.61039	    1.48960
153.80000	    4.58860	    2.79077	    1.60952	    1.48880
154.00000	    4.58863	    2.79099	    1.60865	    1.48799
154.20000	    4.58867	    2.79121	    1.60779	    1.48720
154.40000	    4.58870	    2.79143	    1.60693	    1.48640
154.60000	    4.58874	    2.79165	    1.60607	    1.48561
154.80000	    4.58877	    2.79186	    1.60521	    1.48481
155.00000	    4.58881	    2.79208	    1.60436	    1.48402
155.20000	    4.58884	    2.79230	    1.60351	    1.48324
155.40000	    4.58888	    2.79251	    1.60266	    1.48245
155.60000	    4.58891	    2.79272	    1.60181	    1.48167
155.80000	    4.58895	    2.79294	    1.60097	    1.48089
156.00000	    4.58898	    2.79315	    1.60013	    1.48011
156.20000	    4.58901	    2.79336	    1.59929	    1.47933
156.40000	    4.58905	    2.79357	    1.59845	    1.47856
156.60000	    4.58908	    2.79378	    1.59762	    1.47779
156.80000	    4.58912	    2.79399	    1.59679	    1.47702
157.00000	    4.58915	    2.79419	    1.59596	    1.47625
157.20000	    4.58918	    2.79440	    1.59513	    1.47549
157.40000	    4.58922	    2.79460	    1.59430	    1.47472
157.60000	    4.58925	    2.79481	    1.59348	    1.47396
157.80000	    4.58928	    2.79501	    1.59266	    1.47320
158.00000	    4.58932	    2.79521	    1.59184	    1.47244
158.20000	    4.58935	    2.79541	    1.59102	    1.47169
158.40000	    4.58938	    2.79562	    1.59021	    1.47094
158.60000	    4.58942	    2.79581	    1.58940	    1.47019
158.80000	    4.58945	    2.79601	    1.58859	    1.46944
159.00000	    4.58948	    2.79621	    1.58778	    1.46869
159.20000	    4.58952	    2.79641	    1.58698	    1.46795
159.40000	    4.58955	    2.79660	    1.58617	    1.46720
159.60000	    4.58958	    2.79680	    1.58537	    1.46646
159.80000	    4.58961	    2.79699	    1.58458	    1.46572
160.00000	    4.58965	    2.79719	    1.58378	    1.46499
160.20000	    4.58968	    2.79738	    1.58298	    1.46425
160.40000	    4.58971	    2.79757	    1.58219	    1.46352
160.60000	    4.58974	    2.79776	    1.58140	    1.46279
160.80000	    4.58978	    2.79795	    1.58062	    1.46206
161.00000	    4.58981	    2.79814	    1.57983	    1.46133
161.20000	    4.58984	    2.79833	    1.57905	    1.46061
161.40000	    4.58987	    2.79852	    1.57827	    1.45989
161.60000	    4.58991	    2.79871	    1.57749	    1.45917
161.80000	    4.58994	    2.79889	    1.57671	    1.45845
162.00000	    4.58997	    2.79908	    1.57593	    1.45773
162.20000	    4.59000	    2.79926	    1.57516	    1.45702
162.40000	    4.59003	    2.79945	    1.57439	    1.45630
162.60000	    4.59006	    2.79963	    1.57362	    1.45559
162.80000	    4.59010	    2.79981	    1.57285	    1.45488
163.00000	    4.59013	    2.79999	    1.57209	    1.45417
163.20000	    4.59016	    2.80017	    1.57133	    1.45347
163.40000	    4.59019	    2.80035	    1.57057	    1.45277
163.60000	    4.59022	    2.80053	    1.56981	    1.45206
163.80000	    4.59025	    2.80071	    1.56905	    1.45136
164.00000	    4.59028	    2.80089	    1.56830	    1.45067
164.20000	    4.59031	    2.80106	    1.56754	    1.44997
164.40000	    4.59034	    2.80124	    1.56679	    1.44928
164.60000	    4.59037	    2.80141	    1.56605	    1.44858
164.80000	    4.59041	    2.80159	    1.56530	    1.44789
165.00000	    4.59044	    2.80176	    1.56455	    1.44720
165.20000	    4.59047	    2.80194	    1.56381	    1.44652
165.40000	    4.59050	    2.80211	    1.56307	    1.44583
165.60000	    4.59053	    2.80228	    1.56233	    1.44515
165.80000	    4.59056	    2.80245	    1.56160	    1.44447
166.00000	    4.59059	    2.80262	    1.56086	    1.44379
166.20000	    4.59062	    2.80279	    1.56013	    1.44311
166.40000	    4.59065	    2.80296	    1.55940	    1.44243
166.60000	    4.59068	    2.80312	    1.55867	    1.44176
166.80000	    4.59071	    2.80329	    1.55794	    1.44109
167.00000	    4.59074	    2.80346	    1.55722	    1.44042
167.20000	    4.59077	    2.80362	    1.55649	    1.43975
167.40000	    4.59080	    2.80379	    1.55577	    1.43908
167.60000	    4.59083	    2.80395	    1.55505	    1.43841
167.80000	    4.59086	    2.80412	    1.55433	    1.43775
168.00000	    4.59089	    2.80428	    1.55362	    1.43709
168.20000	    4.59092	    2.80444	    1.55290	    1.43643
168.40000	    4.59095	    2.80460	    1.55219	    1.43577
168.60000	    4.59097	    2.80476	    1.55148	    1.43511
168.80000	    4.59100	    2.80492	    1.55077	    1.43446
169.00000	    4.59103	    2.80508	    1.55007	    1.43380
169.20000	    4.59106	    2.80524	    1.54936	    1.43315
169.40000	    4.59109	    2.80540	    1.54866	    1.43250
169.60000	    4.59112	    2.80555	    1.54796	    1.43185
169.80000	    4.59115	    2.80571	    1.54726	    1.43121
170.00000	    4.59118	    2.80587	    1.54656	    1.43056
170.20000	    4.59121	    2.80602	    1.54587	    1.42992
170.40000	    4.59123	    2.80618	    1.54517	    1.42927
170.60000	    4.59126	    2.80633	    1.54448	    1.42863
170.80000	    4.59129	    2.80648	    1.54379	    1.42800
171.00000	    4.59132	    2.80664	    1.54310	    1.42736
171.20000	    4.59135	    2.80679	    1.54241	    1.42672
171.40000	    4.59138	    2.80694	    1.54173	    1.42609
171.60000	    4.59141	    2.80709	    1.54104	    1.42546
171.80000	    4.59143	    2.80724	    1.54036	    1.42483
172.00000	    4.59146	    2.80739	    1.53968	    1.42420
172.20000	    4.59149	    2.80754	    1.53900	    1.42357
172.40000	    4.59152	    2.80769	    1.53833	    1.42294
172.60000	    4.59155	    2.80784	    1.53765	    1.42232
172.80000	    4.59157	    2.80798	    1.53698	    1.42170
173.00000	    4.59160	    2.80813	    1.53631	    1.42108
173.20000	    4.59163	    2.80828	    1.53564	    1.42046
173.40000	    4.59166	    2.80842	    1.53497	    1.41984
173.60000	    4.59168	    2.80856	    1.53430	    1.41922
173.80000	    4.59171	    2.80871	    1.53364	    1.41861
174.00000	    4.59174	    2.80885	    1.53298	    1.41799
174.20000	    4.59177	    2.80900	    1.53231	    1.41738
174.40000	    4.59179	    2.80914	    1.53165	    1.41677
174.60000	    4.59182	    2.80928	    1.53100	    1.41616
174.80000	    4.59185	    2.80942	    1.53034	    1.41556
175.00000	    4.59188	    2.80956	    1.52968	    1.41495
175.20000	    4.59190	    2.80970	    1.52903	    1.41435
175.40000	    4.59193	    2.80984	    1.52838	    1.41374
175.60000	    4.59196	    2.80998	    1.52773	    1.41314
175.80000	    4.59198	    2.81012	    1.52708	    1.41254
176.00000	    4.59201	    2.81025	    1.52643	    1.41194
176.20000	    4.59204	    2.81039	    1.52579	    1.41135
176.40000	    4.59206	    2.81053	    1.52515	    1.41075
176.60000	    4.59209	    2.81066	    1.52450	    1.41016
176.80000	    4.59212	    2.81080	    1.52386	    1.40957
177.00000	    4.59214	    2.81093	    1.52322	    1.40897
177.20000	    4.59217	    2.81107	    1.52259	    1.40839
177.40000	    4.59220	    2.81120	    1.52195	    1.40780
177.60000	    4.59222	    2.81133	    1.52132	    1.40721
177.80000	    4.59225	    2.81147	    1.52069	    1.40663
178.00000	    4.59228	    2.81160	    1.52005	    1.40604
178.20000	    4.59230	    2.81173	    1.51942	    1.40546
178.40000	    4.59233	    2.81186	    1.51880	    1.40488
178.60000	    4.59235	    2.81199	    1.51817	    1.40430
178.80000	    4.59238	    2.81212	    1.51755	    1.40372
179.00000	    4.59241	    2.81225	    1.51692	    1.40314
179.20000	    4.59243	    2.81238	    1.51630	    1.40257
179.40000	    4.59246	    2.81251	    1.51568	    1.40200
179.60000	    4.59248	    2.81264	    1.51506	    1.40142
179.80000	    4.59251	    2.81276	    1.51444	    1.40085
180.00000	    4.59253	    2.81289	    1.51383	    1.40028
180.20000	    4.59256	    2.81302	    1.51321	    1.39971
180.40000	    4.59259	    2.81314	    1.51260	    1.39915
180.60000	    4.59261	    2.81327	    1.51199	    1.39858
180.80000	    4.59264	    2.81339	    1.51138	    1.39802
181.00000	    4.59266	    2.81352	    1.51077	    1.39745
181.20000	    4.59269	    2.81364	    1.51016	    1.39689
181.40000	    4.59271	    2.81376	    1.50956	    1.39633
181.60000	    4.59274	    2.81388	    1.50895	    1.39577
181.80000	    4.59276	    2.81401	    1.50835	    1.39522
182.00000	    4.59279	    2.81413	    1.50775	    1.39466
182.20000	    4.59281	    2.81425	    1.50715	    1.39411
182.40000	    4.59284	    2.81437	    1.50655	    1.39355
182.60000	    4.59286	    2.81449	    1.50596	    1.39300
182.80000	    4.59289	    2.81461	    1.50536	    1.39245
183.00000	    4.59291	    2.81473	    1.50477	    1.39190
183.20000	    4.59294	    2.81485	    1.50417	    1.39135
183.40000	    4.59296	    2.81497	    1.50358	    1.39080
183.60000	    4.59299	    2.81508	    1.50299	    1.39026
183.80000	    4.59301	    2.81520	    1.50240	    1.38971
184.00000	    4.59303	    2.81532	    1.50182	    1.38917
184.20000	    4.59306	    2.81544	    1.50123	    1.38863
184.40000	    4.59308	    2.81555	    1.50065	    1.38809
184.60000	    4.59311	    2.81567	    1.50006	    1.38755
184.80000	    4.59313	    2.81578	    1.49948	    1.38701
185.00000	    4.59316	    2.81590	    1.49890	    1.38648
185.20000	    4.59318	    2.81601	    1.49832	    1.38594
185.40000	    4.59320	    2.81612	    1.49775	    1.38541
185.60000	    4.59323	    2.81624	    1.49717	    1.38487
185.80000	    4.59325	    2.81635	    1.49659	    1.38434
186.00000	    4.59328	    2.81646	    1.49602	    1.38381
186.20000	    4.59330	    2.81657	    1.49545	    1.38328
186.40000	    4.59332	    2.81669	    1.49488	    1.38275
186.60000	    4.59335	    2.81680	    1.49431	    1.38223
186.80000	    4.59337	    2.81691	    1.49374	    1.38170
187.00000	    4.59340	    2.81702	    1.49317	    1.38118
187.20000	    4.59342	    2.81713	    1.49261	    1.38065
187.40000	    4.59344	    2.81724	    1.49204	    1.38013
187.60000	    4.59347	    2.81734	    1.49148	    1.37961
187.80000	    4.59349	    2.81745	    1.49092	    1.37909
188.00000	    4.59351	    2.81756	    1.49036	    1.37857
188.20000	    4.59354	    2.81767	    1.48980	    1.37806
188.40000	    4.59356	    2.81778	    1.48924	    1.37754
188.60000	    4.59358	    2.81788	    1.48869	    1.37703
188.80000	    4.59361	    2.81799	    1.48813	    1.37651
189.00000	    4.59363	    2.81809	    1.48758	    1.37600
189.20000	    4.59365	    2.81820	    1.48703	    1.37549
189.40000	    4.59368	    2.81831	    1.48647	    1.37498
189.60000	    4.59370	    2.81841	    1.48592	    1.37447
189.80000	    4.59372	    2.81851	    1.48538	    1.37396
190.00000	    4.59374	    2.81862	    1.48483	    1.37346
190.20000	    4.59377	    2.81872	    1.48428	    1.37295
190.40000	    4.59379	    2.81882	    1.48374	    1.37245
190.60000	    4.59381	    2.81893	    1.48319	    1.37195
190.80000	    4.59384	    2.81903	    1.48265	    1.37144
191.00000	    4.59386	    2.81913	    1.48211	    1.37094
191.20000	    4.59388	    2.81923	    1.48157	    1.37044
191.40000	    4.59390	    2.81933	    1.48103	    1.36995
191.60000	    4.59393	    2.81943	    1.48049	    1.36945
191.80000	    4.59395	    2.81953	    1.47996	    1.36895
192.00000	    4.59397	    2.81963	    1.47942	    1.36846
192.20000	    4.59399	    2.81973	    1.47889	    1.36796
192.40000	    4.59402	    2.81983	    1.47836	    1.36747
192.60000	    4.59404	    2.81993	    1.47782	    1.36698
192.80000	    4.59406	    2.82003	    1.47729	    1.36649
193.00000	    4.59408	    2.82013	    1.47676	    1.36600
193.20000	    4.59411	    2.82022	    1.47624	    1.36551
193.40000	    4.59413	    2.82032	    1.47571	    1.36502
193.60000	    4.59415	    2.82042	    1.47518	    1.36454
193.80000	    4.59417	    2.82051	    1.47466	    1.36405
194.00000	    4.59419	    2.82061	    1.47414	    1.36357
194.20000	    4.59422	    2.82071	    1.47361	    1.36309
194.40000	    4.59424	    2.82080	    1.47309	    1.36260
194.60000	    4.59426	    2.82090	    1.47257	    1.36212
194.80000	    4.59428	    2.82099	    1.47206	    1.36164
195.00000	    4.59430	    2.82108	    1.47154	    1.36116
195.20000	    4.59432	    2.82118	    1.47102	    1.36069
195.40000	    4.59435	    2.82127	    1.47051	    1.36021
195.60000	    4.59437	    2.82137	    1.46999	    1.35973
195.80000	    4.59439	    2.82146	    1.46948	    1.35926
196.00000	    4.59441	    2.82155	    1.46897	    1.35879
196.20000	    4.59443	    2.82164	    1.46846	    1.35831
196.40000	    4.59445	    2.82173	    1.46795	    1.35784
196.60000	    4.59447	    2.82183	    1.46744	    1.35737
196.80000	    4.59450	    2.82192	    1.46693	    1.35690
197.00000	    4.59452	    2.82201	    1.46643	    1.35644
197.20000	    4.59454	    2.82210	    1.46592	    1.35597
197.40000	    4.59456	    2.82219	    1.46542	    1.35550
197.60000	    4.59458	    2.82228	    1.46491	    1.35504
197.80000	    4.59460	    2.82237	    1.46441	    1.35457
198.00000	    4.59462	    2.82245	    1.46391	    1.35411
198.20000	    4.59464	    2.82254	    1.46341	    1.35365
198.40000	    4.59467	    2.82263	    1.46291	    1.35319
198.60000	    4.59469	    2.82272	    1.46242	    1.35273
198.80000	    4.59471	    2.82281	    1.46192	    1.35227
199.00000	    4.59473	    2.82289	    1.46143	    1.35181
199.20000	    4.59475	    2.82298	    1.46093	    1.35135
199.40000	    4.59477	    2.82307	    1.46044	    1.35090
199.60000	    4.59479	    2.82315	    1.45995	    1.35044
199.80000	    4.59481	    2.82324	    1.45946	    1.34999
200.00000	    4.59483	    2.82332	    1.45897	    1.34954
