0.00000	   11.98501	    4.20282	    0.31217
0.20000	   11.98501	    4.20282	    0.31217
0.40000	   11.98501	    4.20282	    0.31217
0.60000	   11.98501	    4.20282	    0.31217
0.80000	   11.98501	    4.20282	    0.31217
1.00000	   11.98501	    4.20282	    0.31217
1.20000	   11.98501	    4.20282	    0.31217
1.40000	   11.98501	    4.20282	    0.31217
1.60000	   11.98501	    4.20282	    0.31217
1.80000	   11.98501	    4.20282	    0.31217
2.00000	   11.98501	    4.20282	    0.31217
2.20000	   11.98501	    4.20282	    0.31217
2.40000	   11.98501	    4.20282	    0.31217
2.60000	   11.98501	    4.20282	    0.31217
2.80000	   11.98501	    4.20282	    0.31217
3.00000	   11.98501	    4.20282	    0.31217
3.20000	   11.98501	    4.20282	    0.31217
3.40000	   11.98501	    4.20282	    0.31217
3.60000	   11.98501	    4.20282	    0.31217
3.80000	   11.98501	    4.20282	    0.31217
4.00000	   11.98501	    4.20282	    0.31217
4.20000	   11.98501	    4.20282	    0.31217
4.40000	   11.98501	    4.20282	    0.31217
4.60000	   11.98501	    4.20282	    0.31217
4.80000	   11.98501	    4.20282	    0.31217
5.00000	   11.98501	    4.20282	    0.31217
5.20000	   11.98502	    4.20282	    0.31217
5.40000	   11.98502	    4.20282	    0.31217
5.60000	   11.98502	    4.20281	    0.31217
5.80000	   11.98503	    4.20281	    0.31216
6.00000	   11.98504	    4.20280	    0.31216
6.20000	   11.98505	    4.20279	    0.31216
6.40000	   11.98506	    4.20278	    0.31216
6.60000	   11.98508	    4.20276	    0.31216
6.80000	   11.98511	    4.20273	    0.31216
7.00000	    9.09185	    0.00013	    4.20270	    0.31216
7.20000	    9.09182	    0.00018	    4.20266	    0.31215
7.40000	    9.09179	    0.00023	    4.20261	    0.31215
7.60000	    9.09174	    0.00030	    4.20254	    0.31214
7.80000	    9.09168	    0.00039	    4.20246	    0.31214
8.00000	    9.09162	    0.00049	    4.20237	    0.31213
8.20000	    9.09154	    0.00061	    4.20226	    0.31212
8.40000	    9.09144	    0.00076	    4.20212	    0.31211
8.60000	    9.09133	    0.00093	    4.20197	    0.31210
8.80000	    9.09119	    0.00113	    4.20178	    0.31209
9.00000	    9.09104	    0.00136	    4.20157	    0.31207
9.20000	    9.09087	    0.00162	    4.20133	    0.31205
9.40000	    9.09067	    0.00192	    4.20106	    0.31203
9.60000	    9.09045	    0.00225	    4.20074	    0.31201
9.80000	    9.09020	    0.00263	    4.20039	    0.31199
10.00000	    9.08991	    0.00306	    4.20000	    0.31196
10.20000	    9.08960	    0.00353	    4.19957	    0.31192
10.40000	    9.08925	    0.00405	    4.19909	    0.31189
10.60000	    9.08887	    0.00462	    4.19855	    0.31185
10.80000	    9.08845	    0.00525	    4.19797	    0.31181
11.00000	    9.08799	    0.00594	    4.19733	    0.31176
11.20000	    9.08749	    0.00668	    4.19664	    0.31171
11.40000	    9.08694	    0.00749	    4.19589	    0.31165
11.60000	    9.08635	    0.00837	    4.19507	    0.31159
11.80000	    9.08572	    0.00931	    4.19420	    0.31153
12.00000	    9.08504	    0.01032	    4.19326	    0.31146
12.20000	    9.08431	    0.01140	    4.19225	    0.31138
12.40000	    9.08353	    0.01256	    4.19117	    0.31130
12.60000	    9.08270	    0.01378	    4.19002	    0.31121
12.80000	    9.08181	    0.01509	    4.18880	    0.31112
13.00000	    9.08087	    0.01647	    4.18751	    0.31103
13.20000	    9.07988	    0.01793	    4.18614	    0.31093
13.40000	    9.07883	    0.01946	    4.18469	    0.31082
13.60000	    9.07772	    0.02108	    4.18317	    0.31071
13.80000	    9.07656	    0.02278	    4.18157	    0.31059
14.00000	    9.07533	    0.02456	    4.17989	    0.31046
14.20000	    9.07405	    0.02643	    4.17813	    0.31033
14.40000	    9.07271	    0.02837	    4.17629	    0.31019
14.60000	    9.07131	    0.03040	    4.17437	    0.31005
14.80000	    9.06985	    0.03252	    4.17236	    0.30990
15.00000	    9.06832	    0.03471	    4.17028	    0.30975
15.20000	    9.06674	    0.03699	    4.16811	    0.30959
15.40000	    9.06509	    0.03935	    4.16586	    0.30942
15.60000	    9.06339	    0.04180	    4.16353	    0.30925
15.80000	    9.06162	    0.04433	    4.16111	    0.30907
16.00000	    9.05979	    0.04694	    4.15861	    0.30888
16.20000	    9.05789	    0.04963	    4.15603	    0.30869
16.40000	    9.05594	    0.05241	    4.15337	    0.30849
16.60000	    9.05392	    0.05526	    4.15063	    0.30829
16.80000	    9.05185	    0.05820	    4.14780	    0.30808
17.00000	    9.04971	    0.06121	    4.14490	    0.30786
17.20000	    9.04751	    0.06431	    4.14191	    0.30764
17.40000	    9.04525	    0.06748	    4.13885	    0.30741
17.60000	    9.04293	    0.07072	    4.13570	    0.30718
17.80000	    9.04055	    0.07404	    4.13248	    0.30694
18.00000	    9.03812	    0.07744	    4.12918	    0.30670
18.20000	    9.03562	    0.08091	    4.12580	    0.30645
18.40000	    9.03307	    0.08445	    4.12235	    0.30619
18.60000	    9.03045	    0.08806	    4.11883	    0.30593
18.80000	    9.02779	    0.09174	    4.11523	    0.30566
19.00000	    9.02506	    0.09549	    4.11155	    0.30539
19.20000	    9.02228	    0.09930	    4.10781	    0.30511
19.40000	    9.01945	    0.10318	    4.10399	    0.30483
19.60000	    9.01656	    0.10712	    4.10011	    0.30454
19.80000	    9.01362	    0.11113	    4.09616	    0.30424
20.00000	    9.01062	    0.11520	    4.09214	    0.30394
20.20000	    9.00758	    0.11932	    4.08805	    0.30364
20.40000	    9.00448	    0.12351	    4.08390	    0.30333
20.60000	    9.00134	    0.12775	    4.07969	    0.30302
20.80000	    8.99814	    0.13204	    4.07541	    0.30270
21.00000	    8.99490	    0.13639	    4.07107	    0.30238
21.20000	    8.99161	    0.14079	    4.06668	    0.30205
21.40000	    8.98827	    0.14525	    4.06222	    0.30172
21.60000	    8.98489	    0.14975	    4.05771	    0.30139
21.80000	    8.98146	    0.15430	    4.05314	    0.30105
22.00000	    8.97799	    0.15889	    4.04852	    0.30070
22.20000	    8.97447	    0.16353	    4.04384	    0.30036
22.40000	    8.97092	    0.16821	    4.03912	    0.30001
22.60000	    8.96732	    0.17294	    4.03434	    0.29965
22.80000	    8.96368	    0.17770	    4.02951	    0.29929
23.00000	    8.96001	    0.18251	    4.02464	    0.29893
23.20000	    8.95629	    0.18735	    4.01971	    0.29857
23.40000	    8.95254	    0.19223	    4.01475	    0.29820
23.60000	    8.94876	    0.19714	    4.00974	    0.29782
23.80000	    8.94493	    0.20208	    4.00468	    0.29745
24.00000	    8.94108	    0.20706	    3.99959	    0.29707
24.20000	    8.93719	    0.21206	    3.99445	    0.29669
24.40000	    8.93326	    0.21710	    3.98928	    0.29630
24.60000	    8.92931	    0.22216	    3.98407	    0.29592
24.80000	    8.92532	    0.22725	    3.97882	    0.29553
25.00000	    8.92131	    0.23236	    3.97353	    0.29514
25.20000	    8.91726	    0.23750	    3.96822	    0.29474
25.40000	    8.91319	    0.24266	    3.96287	    0.29434
25.60000	    8.90909	    0.24784	    3.95749	    0.29394
25.80000	    8.90496	    0.25304	    3.95207	    0.29354
26.00000	    8.90081	    0.25826	    3.94663	    0.29314
26.20000	    8.89664	    0.26350	    3.94116	    0.29273
26.40000	    8.89244	    0.26876	    3.93567	    0.29232
26.60000	    8.88822	    0.27403	    3.93015	    0.29191
26.80000	    8.88397	    0.27931	    3.92460	    0.29150
27.00000	    8.87971	    0.28461	    3.91903	    0.29109
27.20000	    8.87542	    0.28992	    3.91344	    0.29067
27.40000	    8.87111	    0.29524	    3.90783	    0.29025
27.60000	    8.86679	    0.30057	    3.90219	    0.28984
27.80000	    8.86245	    0.30591	    3.89654	    0.28942
28.00000	    8.85809	    0.31125	    3.89087	    0.28900
28.20000	    8.85371	    0.31661	    3.88518	    0.28857
28.40000	    8.84932	    0.32197	    3.87948	    0.28815
28.60000	    8.84491	    0.32733	    3.87376	    0.28772
28.80000	    8.84049	    0.33270	    3.86802	    0.28730
29.00000	    8.83606	    0.33807	    3.86228	    0.28687
29.20000	    8.83161	    0.34345	    3.85652	    0.28644
29.40000	    8.82715	    0.34883	    3.85075	    0.28602
29.60000	    8.82268	    0.35420	    3.84496	    0.28559
29.80000	    8.81820	    0.35958	    3.83917	    0.28516
30.00000	    8.81371	    0.36496	    3.83337	    0.28472
30.20000	    8.80920	    0.37033	    3.82756	    0.28429
30.40000	    8.80469	    0.37571	    3.82174	    0.28386
30.60000	    8.80018	    0.38108	    3.81592	    0.28343
30.80000	    8.79565	    0.38644	    3.81009	    0.28300
31.00000	    8.79112	    0.39181	    3.80426	    0.28256
31.20000	    8.78658	    0.39716	    3.79842	    0.28213
31.40000	    8.78203	    0.40252	    3.79258	    0.28169
31.60000	    8.77748	    0.40786	    3.78673	    0.28126
31.80000	    8.77292	    0.41320	    3.78088	    0.28083
32.00000	    8.76836	    0.41853	    3.77503	    0.28039
32.20000	    8.76380	    0.42386	    3.76919	    0.27996
32.40000	    8.75923	    0.42917	    3.76334	    0.27952
32.60000	    8.75466	    0.43448	    3.75749	    0.27909
32.80000	    8.75009	    0.43977	    3.75164	    0.27865
33.00000	    8.74552	    0.44506	    3.74579	    0.27822
33.20000	    8.74094	    0.45034	    3.73995	    0.27779
33.40000	    8.73637	    0.45560	    3.73411	    0.27735
33.60000	    8.73179	    0.46085	    3.72827	    0.27692
33.80000	    8.72722	    0.46610	    3.72243	    0.27648
34.00000	    8.72264	    0.47132	    3.71660	    0.27605
34.20000	    8.71807	    0.47654	    3.71078	    0.27562
34.40000	    8.71350	    0.48174	    3.70496	    0.27519
34.60000	    8.70893	    0.48693	    3.69915	    0.27476
34.80000	    8.70436	    0.49211	    3.69334	    0.27432
35.00000	    8.69979	    0.49727	    3.68754	    0.27389
35.20000	    8.69523	    0.50242	    3.68175	    0.27346
35.40000	    8.69067	    0.50755	    3.67596	    0.27303
35.60000	    8.68612	    0.51266	    3.67019	    0.27260
35.80000	    8.68157	    0.51776	    3.66442	    0.27218
36.00000	    8.67702	    0.52285	    3.65866	    0.27175
36.20000	    8.67248	    0.52792	    3.65291	    0.27132
36.40000	    8.66794	    0.53297	    3.64718	    0.27089
36.60000	    8.66341	    0.53800	    3.64145	    0.27047
36.80000	    8.65888	    0.54302	    3.63573	    0.27004
37.00000	    8.65436	    0.54802	    3.63002	    0.26962
37.20000	    8.64985	    0.55301	    3.62433	    0.26920
37.40000	    8.64534	    0.55797	    3.61864	    0.26878
37.60000	    8.64084	    0.56292	    3.61297	    0.26835
37.80000	    8.63635	    0.56785	    3.60731	    0.26793
38.00000	    8.63187	    0.57276	    3.60166	    0.26751
38.20000	    8.62739	    0.57766	    3.59603	    0.26710
38.40000	    8.62292	    0.58253	    3.59040	    0.26668
38.60000	    8.61846	    0.58739	    3.58480	    0.26626
38.80000	    8.61400	    0.59222	    3.57920	    0.26585
39.00000	    8.60956	    0.59704	    3.57362	    0.26543
39.20000	    8.60512	    0.60184	    3.56805	    0.26502
39.40000	    8.60070	    0.60662	    3.56250	    0.26461
39.60000	    8.59628	    0.61138	    3.55697	    0.26419
39.80000	    8.59187	    0.61612	    3.55144	    0.26378
40.00000	    8.58747	    0.62084	    3.54593	    0.26338
40.20000	    8.58308	    0.62554	    3.54044	    0.26297
40.40000	    8.57870	    0.63022	    3.53497	    0.26256
40.60000	    8.57434	    0.63488	    3.52950	    0.26215
40.80000	    8.56998	    0.63952	    3.52406	    0.26175
41.00000	    8.56563	    0.64414	    3.51863	    0.26135
41.20000	    8.56129	    0.64874	    3.51321	    0.26094
41.40000	    8.55697	    0.65332	    3.50782	    0.26054
41.60000	    8.55265	    0.65788	    3.50244	    0.26014
41.80000	    8.54835	    0.66242	    3.49707	    0.25975
42.00000	    8.54405	    0.66694	    3.49173	    0.25935
42.20000	    8.53977	    0.67144	    3.48639	    0.25895
42.40000	    8.53550	    0.67592	    3.48108	    0.25856
42.60000	    8.53124	    0.68038	    3.47578	    0.25816
42.80000	    8.52700	    0.68481	    3.47051	    0.25777
43.00000	    8.52276	    0.68923	    3.46524	    0.25738
43.20000	    8.51854	    0.69362	    3.46000	    0.25699
43.40000	    8.51433	    0.69800	    3.45477	    0.25660
43.60000	    8.51013	    0.70235	    3.44956	    0.25622
43.80000	    8.50594	    0.70668	    3.44437	    0.25583
44.00000	    8.50177	    0.71100	    3.43920	    0.25545
44.20000	    8.49761	    0.71529	    3.43404	    0.25506
44.40000	    8.49346	    0.71956	    3.42890	    0.25468
44.60000	    8.48932	    0.72381	    3.42378	    0.25430
44.80000	    8.48520	    0.72804	    3.41868	    0.25392
45.00000	    8.48108	    0.73225	    3.41360	    0.25355
45.20000	    8.47699	    0.73644	    3.40853	    0.25317
45.40000	    8.47290	    0.74060	    3.40349	    0.25279
45.60000	    8.46883	    0.74475	    3.39846	    0.25242
45.80000	    8.46477	    0.74888	    3.39345	    0.25205
46.00000	    8.46072	    0.75298	    3.38846	    0.25168
46.20000	    8.45669	    0.75707	    3.38348	    0.25131
46.40000	    8.45267	    0.76114	    3.37853	    0.25094
46.60000	    8.44866	    0.76518	    3.37359	    0.25057
46.80000	    8.44467	    0.76921	    3.36868	    0.25021
47.00000	    8.44069	    0.77321	    3.36378	    0.24985
47.20000	    8.43672	    0.77719	    3.35890	    0.24948
47.40000	    8.43277	    0.78116	    3.35403	    0.24912
47.60000	    8.42883	    0.78510	    3.34919	    0.24876
47.80000	    8.42490	    0.78902	    3.34437	    0.24840
48.00000	    8.42099	    0.79293	    3.33956	    0.24805
48.20000	    8.41709	    0.79681	    3.33477	    0.24769
48.40000	    8.41320	    0.80067	    3.33000	    0.24734
48.60000	    8.40933	    0.80452	    3.32525	    0.24698
48.80000	    8.40547	    0.80834	    3.32052	    0.24663
49.00000	    8.40162	    0.81214	    3.31581	    0.24628
49.20000	    8.39779	    0.81593	    3.31112	    0.24593
49.40000	    8.39397	    0.81969	    3.30644	    0.24559
49.60000	    8.39017	    0.82344	    3.30178	    0.24524
49.80000	    8.38638	    0.82716	    3.29715	    0.24490
50.00000	    8.38260	    0.83087	    3.29253	    0.24455
50.20000	    8.37884	    0.83455	    3.28793	    0.24421
50.40000	    8.37509	    0.83822	    3.28334	    0.24387
50.60000	    8.37135	    0.84187	    3.27878	    0.24353
50.80000	    8.36763	    0.84550	    3.27424	    0.24319
51.00000	    8.36392	    0.84911	    3.26971	    0.24286
51.20000	    8.36022	    0.85270	    3.26520	    0.24252
51.40000	    8.35654	    0.85627	    3.26071	    0.24219
51.60000	    8.35287	    0.85982	    3.25624	    0.24186
51.80000	    8.34922	    0.86336	    3.25179	    0.24153
52.00000	    8.34558	    0.86687	    3.24735	    0.24120
52.20000	    8.34195	    0.87037	    3.24293	    0.24087
52.40000	    8.33834	    0.87385	    3.23854	    0.24054
52.60000	    8.33474	    0.87731	    3.23416	    0.24022
52.80000	    8.33115	    0.88075	    3.22980	    0.23989
53.00000	    8.32758	    0.88417	    3.22545	    0.23957
53.20000	    8.32402	    0.88758	    3.22113	    0.23925
53.40000	    8.32047	    0.89096	    3.21682	    0.23893
53.60000	    8.31694	    0.89433	    3.21253	    0.23861
53.80000	    8.31342	    0.89768	    3.20826	    0.23829
54.00000	    8.30991	    0.90102	    3.20400	    0.23798
54.20000	    8.30642	    0.90433	    3.19977	    0.23766
54.40000	    8.30294	    0.90763	    3.19555	    0.23735
54.60000	    8.29948	    0.91091	    3.19135	    0.23704
54.80000	    8.29602	    0.91417	    3.18717	    0.23673
55.00000	    8.29259	    0.91742	    3.18300	    0.23642
55.20000	    8.28916	    0.92065	    3.17886	    0.23611
55.40000	    8.28575	    0.92386	    3.17473	    0.23580
55.60000	    8.28235	    0.92705	    3.17062	    0.23550
55.80000	    8.27896	    0.93023	    3.16652	    0.23519
56.00000	    8.27559	    0.93339	    3.16244	    0.23489
56.20000	    8.27223	    0.93653	    3.15838	    0.23459
56.40000	    8.26889	    0.93966	    3.15434	    0.23429
56.60000	    8.26555	    0.94277	    3.15032	    0.23399
56.80000	    8.26223	    0.94586	    3.14631	    0.23369
57.00000	    8.25892	    0.94894	    3.14232	    0.23340
57.20000	    8.25563	    0.95199	    3.13834	    0.23310
57.40000	    8.25235	    0.95504	    3.13439	    0.23281
57.60000	    8.24908	    0.95807	    3.13045	    0.23251
57.80000	    8.24583	    0.96108	    3.12652	    0.23222
58.00000	    8.24258	    0.96407	    3.12262	    0.23193
58.20000	    8.23935	    0.96705	    3.11873	    0.23164
58.40000	    8.23614	    0.97001	    3.11485	    0.23136
58.60000	    8.23293	    0.97296	    3.11100	    0.23107
58.80000	    8.22974	    0.97589	    3.10716	    0.23079
59.00000	    8.22656	    0.97881	    3.10334	    0.23050
59.20000	    8.22339	    0.98171	    3.09953	    0.23022
59.40000	    8.22024	    0.98459	    3.09574	    0.22994
59.60000	    8.21710	    0.98746	    3.09196	    0.22966
59.80000	    8.21397	    0.99032	    3.08821	    0.22938
60.00000	    8.21085	    0.99316	    3.08446	    0.22910
60.20000	    8.20775	    0.99598	    3.08074	    0.22882
60.40000	    8.20466	    0.99879	    3.07703	    0.22855
60.60000	    8.20158	    1.00158	    3.07333	    0.22827
60.80000	    8.19851	    1.00436	    3.06966	    0.22800
61.00000	    8.19546	    1.00713	    3.06599	    0.22773
61.20000	    8.19241	    1.00988	    3.06235	    0.22746
61.40000	    8.18938	    1.01261	    3.05872	    0.22719
61.60000	    8.18636	    1.01533	    3.05510	    0.22692
61.80000	    8.18336	    1.01804	    3.05150	    0.22665
62.00000	    8.18036	    1.02073	    3.04792	    0.22638
62.20000	    8.17738	    1.02341	    3.04435	    0.22612
62.40000	    8.17441	    1.02607	    3.04080	    0.22586
62.60000	    8.17145	    1.02872	    3.03726	    0.22559
62.80000	    8.16850	    1.03136	    3.03373	    0.22533
63.00000	    8.16557	    1.03398	    3.03023	    0.22507
63.20000	    8.16264	    1.03659	    3.02673	    0.22481
63.40000	    8.15973	    1.03918	    3.02326	    0.22455
63.60000	    8.15683	    1.04176	    3.01979	    0.22430
63.80000	    8.15394	    1.04433	    3.01635	    0.22404
64.00000	    8.15107	    1.04688	    3.01291	    0.22378
64.20000	    8.14820	    1.04942	    3.00949	    0.22353
64.40000	    8.14535	    1.05195	    3.00609	    0.22328
64.60000	    8.14250	    1.05446	    3.00270	    0.22303
64.80000	    8.13967	    1.05696	    2.99933	    0.22278
65.00000	    8.13685	    1.05945	    2.99597	    0.22253
65.20000	    8.13404	    1.06192	    2.99262	    0.22228
65.40000	    8.13125	    1.06439	    2.98929	    0.22203
65.60000	    8.12846	    1.06683	    2.98597	    0.22178
65.80000	    8.12568	    1.06927	    2.98267	    0.22154
66.00000	    8.12292	    1.07169	    2.97938	    0.22129
66.20000	    8.12017	    1.07410	    2.97611	    0.22105
66.40000	    8.11742	    1.07650	    2.97284	    0.22081
66.60000	    8.11469	    1.07889	    2.96960	    0.22057
66.80000	    8.11197	    1.08126	    2.96636	    0.22033
67.00000	    8.10926	    1.08362	    2.96315	    0.22009
67.20000	    8.10656	    1.08597	    2.95994	    0.21985
67.40000	    8.10388	    1.08831	    2.95675	    0.21961
67.60000	    8.10120	    1.09063	    2.95357	    0.21938
67.80000	    8.09853	    1.09294	    2.95041	    0.21914
68.00000	    8.09588	    1.09525	    2.94725	    0.21891
68.20000	    8.09323	    1.09753	    2.94412	    0.21867
68.40000	    8.09059	    1.09981	    2.94099	    0.21844
68.60000	    8.08797	    1.10208	    2.93788	    0.21821
68.80000	    8.08536	    1.10433	    2.93478	    0.21798
69.00000	    8.08275	    1.10657	    2.93170	    0.21775
69.20000	    8.08016	    1.10880	    2.92862	    0.21752
69.40000	    8.07758	    1.11102	    2.92557	    0.21730
69.60000	    8.07500	    1.11323	    2.92252	    0.21707
69.80000	    8.07244	    1.11543	    2.91949	    0.21685
70.00000	    8.06989	    1.11761	    2.91647	    0.21662
70.20000	    8.06734	    1.11979	    2.91346	    0.21640
70.40000	    8.06481	    1.12195	    2.91046	    0.21618
70.60000	    8.06229	    1.12410	    2.90748	    0.21595
70.80000	    8.05978	    1.12624	    2.90451	    0.21573
71.00000	    8.05727	    1.12837	    2.90155	    0.21551
71.20000	    8.05478	    1.13049	    2.89861	    0.21529
71.40000	    8.05230	    1.13260	    2.89567	    0.21508
71.60000	    8.04983	    1.13470	    2.89275	    0.21486
71.80000	    8.04736	    1.13679	    2.88985	    0.21464
72.00000	    8.04491	    1.13887	    2.88695	    0.21443
72.20000	    8.04246	    1.14093	    2.88407	    0.21421
72.40000	    8.04003	    1.14299	    2.88119	    0.21400
72.60000	    8.03761	    1.14504	    2.87833	    0.21379
72.80000	    8.03519	    1.14707	    2.87549	    0.21358
73.00000	    8.03278	    1.14910	    2.87265	    0.21337
73.20000	    8.03039	    1.15111	    2.86983	    0.21316
73.40000	    8.02800	    1.15312	    2.86701	    0.21295
73.60000	    8.02562	    1.15512	    2.86421	    0.21274
73.80000	    8.02325	    1.15710	    2.86142	    0.21253
74.00000	    8.02089	    1.15908	    2.85865	    0.21233
74.20000	    8.01854	    1.16104	    2.85588	    0.21212
74.40000	    8.01620	    1.16300	    2.85313	    0.21192
74.60000	    8.01387	    1.16495	    2.85038	    0.21171
74.80000	    8.01155	    1.16688	    2.84765	    0.21151
75.00000	    8.00924	    1.16881	    2.84493	    0.21131
75.20000	    8.00693	    1.17073	    2.84222	    0.21111
75.40000	    8.00464	    1.17264	    2.83952	    0.21091
75.60000	    8.00235	    1.17454	    2.83683	    0.21071
75.80000	    8.00007	    1.17643	    2.83416	    0.21051
76.00000	    7.99780	    1.17831	    2.83149	    0.21031
76.20000	    7.99554	    1.18018	    2.82884	    0.21011
76.40000	    7.99329	    1.18204	    2.82619	    0.20992
76.60000	    7.99105	    1.18389	    2.82356	    0.20972
76.80000	    7.98881	    1.18574	    2.82094	    0.20953
77.00000	    7.98659	    1.18757	    2.81833	    0.20933
77.20000	    7.98437	    1.18940	    2.81573	    0.20914
77.40000	    7.98216	    1.19122	    2.81314	    0.20895
77.60000	    7.97996	    1.19303	    2.81056	    0.20875
77.80000	    7.97777	    1.19482	    2.80799	    0.20856
78.00000	    7.97559	    1.19662	    2.80543	    0.20837
78.20000	    7.97341	    1.19840	    2.80288	    0.20818
78.40000	    7.97124	    1.20017	    2.80034	    0.20800
78.60000	    7.96909	    1.20194	    2.79782	    0.20781
78.80000	    7.96694	    1.20369	    2.79530	    0.20762
79.00000	    7.96479	    1.20544	    2.79279	    0.20744
79.20000	    7.96266	    1.20718	    2.79029	    0.20725
79.40000	    7.96053	    1.20891	    2.78781	    0.20707
79.60000	    7.95842	    1.21064	    2.78533	    0.20688
79.80000	    7.95631	    1.21235	    2.78286	    0.20670
80.00000	    7.95421	    1.21406	    2.78041	    0.20652
80.20000	    7.95211	    1.21576	    2.77796	    0.20633
80.40000	    7.95003	    1.21745	    2.77552	    0.20615
80.60000	    7.94795	    1.21913	    2.77309	    0.20597
80.80000	    7.94588	    1.22081	    2.77067	    0.20579
81.00000	    7.94382	    1.22247	    2.76827	    0.20561
81.20000	    7.94176	    1.22413	    2.76587	    0.20544
81.40000	    7.93972	    1.22578	    2.76348	    0.20526
81.60000	    7.93768	    1.22743	    2.76110	    0.20508
81.80000	    7.93565	    1.22906	    2.75873	    0.20491
82.00000	    7.93362	    1.23069	    2.75637	    0.20473
82.20000	    7.93161	    1.23231	    2.75401	    0.20456
82.40000	    7.92960	    1.23392	    2.75167	    0.20438
82.60000	    7.92760	    1.23553	    2.74934	    0.20421
82.80000	    7.92561	    1.23713	    2.74701	    0.20404
83.00000	    7.92362	    1.23872	    2.74470	    0.20386
83.20000	    7.92164	    1.24030	    2.74239	    0.20369
83.40000	    7.91967	    1.24187	    2.74010	    0.20352
83.60000	    7.91771	    1.24344	    2.73781	    0.20335
83.80000	    7.91575	    1.24500	    2.73553	    0.20318
84.00000	    7.91380	    1.24656	    2.73326	    0.20301
84.20000	    7.91186	    1.24810	    2.73100	    0.20285
84.40000	    7.90992	    1.24964	    2.72875	    0.20268
84.60000	    7.90800	    1.25117	    2.72650	    0.20251
84.80000	    7.90608	    1.25270	    2.72427	    0.20235
85.00000	    7.90416	    1.25422	    2.72204	    0.20218
85.20000	    7.90226	    1.25573	    2.71983	    0.20202
85.40000	    7.90036	    1.25723	    2.71762	    0.20185
85.60000	    7.89847	    1.25873	    2.71542	    0.20169
85.80000	    7.89658	    1.26022	    2.71323	    0.20153
86.00000	    7.89470	    1.26170	    2.71104	    0.20136
86.20000	    7.89283	    1.26318	    2.70887	    0.20120
86.40000	    7.89097	    1.26465	    2.70670	    0.20104
86.60000	    7.88911	    1.26611	    2.70454	    0.20088
86.80000	    7.88726	    1.26757	    2.70239	    0.20072
87.00000	    7.88541	    1.26902	    2.70025	    0.20056
87.20000	    7.88358	    1.27047	    2.69812	    0.20040
87.40000	    7.88175	    1.27190	    2.69599	    0.20025
87.60000	    7.87992	    1.27333	    2.69388	    0.20009
87.80000	    7.87810	    1.27476	    2.69177	    0.19993
88.00000	    7.87629	    1.27618	    2.68967	    0.19978
88.20000	    7.87449	    1.27759	    2.68758	    0.19962
88.40000	    7.87269	    1.27899	    2.68549	    0.19947
88.60000	    7.87090	    1.28039	    2.68341	    0.19931
88.80000	    7.86911	    1.28178	    2.68134	    0.19916
89.00000	    7.86734	    1.28317	    2.67928	    0.19900
89.20000	    7.86556	    1.28455	    2.67723	    0.19885
89.40000	    7.86380	    1.28593	    2.67518	    0.19870
89.60000	    7.86204	    1.28729	    2.67315	    0.19855
89.80000	    7.86029	    1.28866	    2.67112	    0.19840
90.00000	    7.85854	    1.29001	    2.66909	    0.19825
90.20000	    7.85680	    1.29136	    2.66708	    0.19810
90.40000	    7.85506	    1.29271	    2.66507	    0.19795
90.60000	    7.85334	    1.29404	    2.66307	    0.19780
90.80000	    7.85162	    1.29538	    2.66108	    0.19765
91.00000	    7.84990	    1.29670	    2.65909	    0.19750
91.20000	    7.84819	    1.29802	    2.65712	    0.19736
91.40000	    7.84649	    1.29934	    2.65515	    0.19721
91.60000	    7.84479	    1.30065	    2.65318	    0.19707
91.80000	    7.84310	    1.30195	    2.65123	    0.19692
92.00000	    7.84141	    1.30325	    2.64928	    0.19678
92.20000	    7.83973	    1.30454	    2.64734	    0.19663
92.40000	    7.83806	    1.30583	    2.64541	    0.19649
92.60000	    7.83639	    1.30711	    2.64348	    0.19635
92.80000	    7.83473	    1.30838	    2.64156	    0.19620
93.00000	    7.83307	    1.30965	    2.63965	    0.19606
93.20000	    7.83142	    1.31092	    2.63774	    0.19592
93.40000	    7.82978	    1.31217	    2.63584	    0.19578
93.60000	    7.82814	    1.31343	    2.63395	    0.19564
93.80000	    7.82651	    1.31468	    2.63207	    0.19550
94.00000	    7.82488	    1.31592	    2.63019	    0.19536
94.20000	    7.82326	    1.31716	    2.62832	    0.19522
94.40000	    7.82164	    1.31839	    2.62646	    0.19508
94.60000	    7.82003	    1.31961	    2.62460	    0.19494
94.80000	    7.81843	    1.32084	    2.62275	    0.19481
95.00000	    7.81683	    1.32205	    2.62091	    0.19467
95.20000	    7.81524	    1.32326	    2.61907	    0.19453
95.40000	    7.81365	    1.32447	    2.61724	    0.19440
95.60000	    7.81207	    1.32567	    2.61542	    0.19426
95.80000	    7.81049	    1.32687	    2.61360	    0.19413
96.00000	    7.80892	    1.32806	    2.61179	    0.19399
96.20000	    7.80735	    1.32924	    2.60998	    0.19386
96.40000	    7.80579	    1.33042	    2.60819	    0.19372
96.60000	    7.80424	    1.33160	    2.60640	    0.19359
96.80000	    7.80269	    1.33277	    2.60461	    0.19346
97.00000	    7.80114	    1.33394	    2.60283	    0.19333
97.20000	    7.79960	    1.33510	    2.60106	    0.19319
97.40000	    7.79807	    1.33625	    2.59930	    0.19306
97.60000	    7.79654	    1.33740	    2.59754	    0.19293
97.80000	    7.79502	    1.33855	    2.59579	    0.19280
98.00000	    7.79350	    1.33969	    2.59404	    0.19267
98.20000	    7.79199	    1.34083	    2.59230	    0.19254
98.40000	    7.79048	    1.34196	    2.59057	    0.19241
98.60000	    7.78898	    1.34309	    2.58884	    0.19229
98.80000	    7.78748	    1.34421	    2.58712	    0.19216
99.00000	    7.78599	    1.34533	    2.58540	    0.19203
99.20000	    7.78450	    1.34644	    2.58369	    0.19190
99.40000	    7.78302	    1.34755	    2.58199	    0.19178
99.60000	    7.78154	    1.34866	    2.58029	    0.19165
99.80000	    7.78007	    1.34976	    2.57860	    0.19153
100.00000	    7.77860	    1.35085	    2.57691	    0.19140
100.20000	    7.77713	    1.35194	    2.57523	    0.19128
100.40000	    7.77568	    1.35303	    2.57356	    0.19115
100.60000	    7.77422	    1.35411	    2.57189	    0.19103
100.80000	    7.77278	    1.35519	    2.57023	    0.19090
101.00000	    7.77133	    1.35626	    2.56857	    0.19078
101.20000	    7.76989	    1.35733	    2.56692	    0.19066
101.40000	    7.76846	    1.35840	    2.56528	    0.19054
101.60000	    7.76703	    1.35946	    2.56364	    0.19042
101.80000	    7.76561	    1.36051	    2.56201	    0.19029
102.00000	    7.76419	    1.36156	    2.56038	    0.19017
102.20000	    7.76277	    1.36261	    2.55876	    0.19005
102.40000	    7.76136	    1.36365	    2.55714	    0.18993
102.60000	    7.75996	    1.36469	    2.55553	    0.18981
102.80000	    7.75856	    1.36573	    2.55393	    0.18969
103.00000	    7.75716	    1.36676	    2.55233	    0.18957
103.20000	    7.75577	    1.36779	    2.55073	    0.18946
103.40000	    7.75439	    1.36881	    2.54914	    0.18934
103.60000	    7.75300	    1.36983	    2.54756	    0.18922
103.80000	    7.75163	    1.37084	    2.54598	    0.18910
104.00000	    7.75025	    1.37185	    2.54441	    0.18899
104.20000	    7.74888	    1.37286	    2.54284	    0.18887
104.40000	    7.74752	    1.37386	    2.54128	    0.18875
104.60000	    7.74616	    1.37486	    2.53973	    0.18864
104.80000	    7.74480	    1.37585	    2.53817	    0.18852
105.00000	    7.74345	    1.37684	    2.53663	    0.18841
105.20000	    7.74211	    1.37783	    2.53509	    0.18829
105.40000	    7.74077	    1.37881	    2.53355	    0.18818
105.60000	    7.73943	    1.37979	    2.53202	    0.18807
105.80000	    7.73809	    1.38077	    2.53050	    0.18795
106.00000	    7.73677	    1.38174	    2.52898	    0.18784
106.20000	    7.73544	    1.38270	    2.52746	    0.18773
106.40000	    7.73412	    1.38367	    2.52595	    0.18762
106.60000	    7.73280	    1.38463	    2.52445	    0.18750
106.80000	    7.73149	    1.38558	    2.52295	    0.18739
107.00000	    7.73018	    1.38654	    2.52146	    0.18728
107.20000	    7.72888	    1.38748	    2.51997	    0.18717
107.40000	    7.72758	    1.38843	    2.51848	    0.18706
107.60000	    7.72629	    1.38937	    2.51700	    0.18695
107.80000	    7.72500	    1.39031	    2.51553	    0.18684
108.00000	    7.72371	    1.39124	    2.51406	    0.18673
108.20000	    7.72243	    1.39217	    2.51260	    0.18662
108.40000	    7.72115	    1.39310	    2.51114	    0.18652
108.60000	    7.71987	    1.39402	    2.50968	    0.18641
108.80000	    7.71860	    1.39494	    2.50823	    0.18630
109.00000	    7.71734	    1.39586	    2.50679	    0.18619
109.20000	    7.71607	    1.39677	    2.50535	    0.18609
109.40000	    7.71482	    1.39768	    2.50391	    0.18598
109.60000	    7.71356	    1.39859	    2.50248	    0.18587
109.80000	    7.71231	    1.39949	    2.50105	    0.18577
110.00000	    7.71106	    1.40039	    2.49963	    0.18566
110.20000	    7.70982	    1.40128	    2.49821	    0.18556
110.40000	    7.70858	    1.40217	    2.49680	    0.18545
110.60000	    7.70735	    1.40306	    2.49539	    0.18535
110.80000	    7.70612	    1.40395	    2.49399	    0.18524
111.00000	    7.70489	    1.40483	    2.49259	    0.18514
111.20000	    7.70367	    1.40571	    2.49120	    0.18503
111.40000	    7.70245	    1.40658	    2.48981	    0.18493
111.60000	    7.70123	    1.40746	    2.48842	    0.18483
111.80000	    7.70002	    1.40833	    2.48704	    0.18473
112.00000	    7.69881	    1.40919	    2.48567	    0.18462
112.20000	    7.69761	    1.41005	    2.48430	    0.18452
112.40000	    7.69641	    1.41091	    2.48293	    0.18442
112.60000	    7.69521	    1.41177	    2.48157	    0.18432
112.80000	    7.69402	    1.41262	    2.48021	    0.18422
113.00000	    7.69283	    1.41347	    2.47886	    0.18412
113.20000	    7.69164	    1.41432	    2.47751	    0.18402
113.40000	    7.69046	    1.41516	    2.47616	    0.18392
113.60000	    7.68928	    1.41600	    2.47482	    0.18382
113.80000	    7.68811	    1.41684	    2.47348	    0.18372
114.00000	    7.68694	    1.41767	    2.47215	    0.18362
114.20000	    7.68577	    1.41850	    2.47082	    0.18352
114.40000	    7.68460	    1.41933	    2.46950	    0.18342
114.60000	    7.68344	    1.42015	    2.46818	    0.18332
114.80000	    7.68229	    1.42097	    2.46687	    0.18323
115.00000	    7.68113	    1.42179	    2.46555	    0.18313
115.20000	    7.67998	    1.42261	    2.46425	    0.18303
115.40000	    7.67884	    1.42342	    2.46294	    0.18294
115.60000	    7.67770	    1.42423	    2.46165	    0.18284
115.80000	    7.67656	    1.42504	    2.46035	    0.18274
116.00000	    7.67542	    1.42584	    2.45906	    0.18265
116.20000	    7.67429	    1.42664	    2.45777	    0.18255
116.40000	    7.67316	    1.42744	    2.45649	    0.18246
116.60000	    7.67203	    1.42824	    2.45521	    0.18236
116.80000	    7.67091	    1.42903	    2.45394	    0.18227
117.00000	    7.66979	    1.42982	    2.45267	    0.18217
117.20000	    7.66868	    1.43060	    2.45140	    0.18208
117.40000	    7.66757	    1.43139	    2.45014	    0.18198
117.60000	    7.66646	    1.43217	    2.44888	    0.18189
117.80000	    7.66535	    1.43295	    2.44763	    0.18180
118.00000	    7.66425	    1.43372	    2.44638	    0.18171
118.20000	    7.66315	    1.43449	    2.44513	    0.18161
118.40000	    7.66206	    1.43526	    2.44389	    0.18152
118.60000	    7.66096	    1.43603	    2.44265	    0.18143
118.80000	    7.65988	    1.43679	    2.44141	    0.18134
119.00000	    7.65879	    1.43756	    2.44018	    0.18125
119.20000	    7.65771	    1.43831	    2.43896	    0.18115
119.40000	    7.65663	    1.43907	    2.43773	    0.18106
119.60000	    7.65555	    1.43982	    2.43651	    0.18097
119.80000	    7.65448	    1.44057	    2.43530	    0.18088
120.00000	    7.65341	    1.44132	    2.43408	    0.18079
120.20000	    7.65234	    1.44207	    2.43288	    0.18070
120.40000	    7.65128	    1.44281	    2.43167	    0.18061
120.60000	    7.65022	    1.44355	    2.43047	    0.18052
120.80000	    7.64916	    1.44429	    2.42927	    0.18043
121.00000	    7.64811	    1.44502	    2.42808	    0.18035
121.20000	    7.64706	    1.44576	    2.42689	    0.18026
121.40000	    7.64601	    1.44649	    2.42570	    0.18017
121.60000	    7.64497	    1.44721	    2.42452	    0.18008
121.80000	    7.64392	    1.44794	    2.42334	    0.17999
122.00000	    7.64289	    1.44866	    2.42216	    0.17991
122.20000	    7.64185	    1.44938	    2.42099	    0.17982
122.40000	    7.64082	    1.45010	    2.41982	    0.17973
122.60000	    7.63979	    1.45081	    2.41866	    0.17965
122.80000	    7.63876	    1.45152	    2.41749	    0.17956
123.00000	    7.63774	    1.45223	    2.41634	    0.17947
123.20000	    7.63672	    1.45294	    2.41518	    0.17939
123.40000	    7.63570	    1.45365	    2.41403	    0.17930
123.60000	    7.63469	    1.45435	    2.41288	    0.17922
123.80000	    7.63367	    1.45505	    2.41174	    0.17913
124.00000	    7.63267	    1.45575	    2.41060	    0.17905
124.20000	    7.63166	    1.45644	    2.40946	    0.17896
124.40000	    7.63066	    1.45713	    2.40833	    0.17888
124.60000	    7.62966	    1.45782	    2.40719	    0.17880
124.80000	    7.62866	    1.45851	    2.40607	    0.17871
125.00000	    7.62767	    1.45920	    2.40494	    0.17863
125.20000	    7.62667	    1.45988	    2.40382	    0.17854
125.40000	    7.62569	    1.46056	    2.40271	    0.17846
125.60000	    7.62470	    1.46124	    2.40159	    0.17838
125.80000	    7.62372	    1.46192	    2.40048	    0.17830
126.00000	    7.62274	    1.46259	    2.39937	    0.17821
126.20000	    7.62176	    1.46326	    2.39827	    0.17813
126.40000	    7.62079	    1.46393	    2.39717	    0.17805
126.60000	    7.61981	    1.46460	    2.39607	    0.17797
126.80000	    7.61884	    1.46527	    2.39498	    0.17789
127.00000	    7.61788	    1.46593	    2.39389	    0.17781
127.20000	    7.61691	    1.46659	    2.39280	    0.17773
127.40000	    7.61595	    1.46725	    2.39171	    0.17765
127.60000	    7.61500	    1.46790	    2.39063	    0.17756
127.80000	    7.61404	    1.46856	    2.38955	    0.17748
128.00000	    7.61309	    1.46921	    2.38848	    0.17740
128.20000	    7.61214	    1.46986	    2.38741	    0.17733
128.40000	    7.61119	    1.47051	    2.38634	    0.17725
128.60000	    7.61025	    1.47115	    2.38527	    0.17717
128.80000	    7.60930	    1.47179	    2.38421	    0.17709
129.00000	    7.60836	    1.47244	    2.38315	    0.17701
129.20000	    7.60743	    1.47307	    2.38209	    0.17693
129.40000	    7.60649	    1.47371	    2.38104	    0.17685
129.60000	    7.60556	    1.47435	    2.37999	    0.17677
129.80000	    7.60463	    1.47498	    2.37894	    0.17670
130.00000	    7.60371	    1.47561	    2.37789	    0.17662
130.20000	    7.60278	    1.47624	    2.37685	    0.17654
130.40000	    7.60186	    1.47686	    2.37581	    0.17646
130.60000	    7.60094	    1.47749	    2.37478	    0.17639
130.80000	    7.60003	    1.47811	    2.37375	    0.17631
131.00000	    7.59911	    1.47873	    2.37272	    0.17623
131.20000	    7.59820	    1.47935	    2.37169	    0.17616
131.40000	    7.59729	    1.47996	    2.37067	    0.17608
131.60000	    7.59639	    1.48058	    2.36965	    0.17601
131.80000	    7.59548	    1.48119	    2.36863	    0.17593
132.00000	    7.59458	    1.48180	    2.36761	    0.17586
132.20000	    7.59368	    1.48241	    2.36660	    0.17578
132.40000	    7.59279	    1.48302	    2.36559	    0.17570
132.60000	    7.59190	    1.48362	    2.36459	    0.17563
132.80000	    7.59100	    1.48422	    2.36358	    0.17556
133.00000	    7.59012	    1.48482	    2.36258	    0.17548
133.20000	    7.58923	    1.48542	    2.36158	    0.17541
133.40000	    7.58834	    1.48602	    2.36059	    0.17533
133.60000	    7.58746	    1.48661	    2.35960	    0.17526
133.80000	    7.58658	    1.48720	    2.35861	    0.17519
134.00000	    7.58571	    1.48779	    2.35762	    0.17511
134.20000	    7.58483	    1.48838	    2.35664	    0.17504
134.40000	    7.58396	    1.48897	    2.35565	    0.17497
134.60000	    7.58309	    1.48956	    2.35468	    0.17489
134.80000	    7.58222	    1.49014	    2.35370	    0.17482
135.00000	    7.58136	    1.49072	    2.35273	    0.17475
135.20000	    7.58050	    1.49130	    2.35176	    0.17468
135.40000	    7.57964	    1.49188	    2.35079	    0.17461
135.60000	    7.57878	    1.49245	    2.34983	    0.17453
135.80000	    7.57792	    1.49303	    2.34886	    0.17446
136.00000	    7.57707	    1.49360	    2.34790	    0.17439
136.20000	    7.57622	    1.49417	    2.34695	    0.17432
136.40000	    7.57537	    1.49474	    2.34599	    0.17425
136.60000	    7.57452	    1.49530	    2.34504	    0.17418
136.80000	    7.57368	    1.49587	    2.34409	    0.17411
137.00000	    7.57284	    1.49643	    2.34315	    0.17404
137.20000	    7.57200	    1.49699	    2.34220	    0.17397
137.40000	    7.57116	    1.49755	    2.34126	    0.17390
137.60000	    7.57033	    1.49811	    2.34032	    0.17383
137.80000	    7.56949	    1.49867	    2.33939	    0.17376
138.00000	    7.56866	    1.49922	    2.33845	    0.17369
138.20000	    7.56783	    1.49977	    2.33752	    0.17362
138.40000	    7.56701	    1.50033	    2.33660	    0.17355
138.60000	    7.56618	    1.50088	    2.33567	    0.17348
138.80000	    7.56536	    1.50142	    2.33475	    0.17341
139.00000	    7.56454	    1.50197	    2.33383	    0.17335
139.20000	    7.56372	    1.50251	    2.33291	    0.17328
139.40000	    7.56291	    1.50306	    2.33199	    0.17321
139.60000	    7.56209	    1.50360	    2.33108	    0.17314
139.80000	    7.56128	    1.50413	    2.33017	    0.17307
140.00000	    7.56047	    1.50467	    2.32926	    0.17301
140.20000	    7.55967	    1.50521	    2.32835	    0.17294
140.40000	    7.55886	    1.50574	    2.32745	    0.17287
140.60000	    7.55806	    1.50627	    2.32655	    0.17281
140.80000	    7.55726	    1.50681	    2.32565	    0.17274
141.00000	    7.55646	    1.50733	    2.32476	    0.17267
141.20000	    7.55566	    1.50786	    2.32386	    0.17261
141.40000	    7.55487	    1.50839	    2.32297	    0.17254
141.60000	    7.55408	    1.50891	    2.32208	    0.17247
141.80000	    7.55328	    1.50944	    2.32120	    0.17241
142.00000	    7.55250	    1.50996	    2.32031	    0.17234
142.20000	    7.55171	    1.51048	    2.31943	    0.17228
142.40000	    7.55093	    1.51099	    2.31855	    0.17221
142.60000	    7.55014	    1.51151	    2.31767	    0.17215
142.80000	    7.54936	    1.51203	    2.31680	    0.17208
143.00000	    7.54859	    1.51254	    2.31593	    0.17202
143.20000	    7.54781	    1.51305	    2.31506	    0.17195
143.40000	    7.54703	    1.51356	    2.31419	    0.17189
143.60000	    7.54626	    1.51407	    2.31332	    0.17182
143.80000	    7.54549	    1.51458	    2.31246	    0.17176
144.00000	    7.54472	    1.51508	    2.31160	    0.17169
144.20000	    7.54396	    1.51559	    2.31074	    0.17163
144.40000	    7.54319	    1.51609	    2.30989	    0.17157
144.60000	    7.54243	    1.51659	    2.30903	    0.17150
144.80000	    7.54167	    1.51709	    2.30818	    0.17144
145.00000	    7.54091	    1.51759	    2.30733	    0.17138
145.20000	    7.54016	    1.51809	    2.30648	    0.17131
145.40000	    7.53940	    1.51858	    2.30564	    0.17125
145.60000	    7.53865	    1.51907	    2.30479	    0.17119
145.80000	    7.53790	    1.51957	    2.30395	    0.17113
146.00000	    7.53715	    1.52006	    2.30312	    0.17106
146.20000	    7.53640	    1.52055	    2.30228	    0.17100
146.40000	    7.53566	    1.52103	    2.30145	    0.17094
146.60000	    7.53491	    1.52152	    2.30061	    0.17088
146.80000	    7.53417	    1.52201	    2.29978	    0.17082
147.00000	    7.53343	    1.52249	    2.29896	    0.17076
147.20000	    7.53269	    1.52297	    2.29813	    0.17069
147.40000	    7.53196	    1.52345	    2.29731	    0.17063
147.60000	    7.53122	    1.52393	    2.29649	    0.17057
147.80000	    7.53049	    1.52441	    2.29567	    0.17051
148.00000	    7.52976	    1.52489	    2.29485	    0.17045
148.20000	    7.52903	    1.52536	    2.29404	    0.17039
148.40000	    7.52831	    1.52583	    2.29322	    0.17033
148.60000	    7.52758	    1.52631	    2.29241	    0.17027
148.80000	    7.52686	    1.52678	    2.29160	    0.17021
149.00000	    7.52614	    1.52725	    2.29080	    0.17015
149.20000	    7.52542	    1.52772	    2.28999	    0.17009
149.40000	    7.52470	    1.52818	    2.28919	    0.17003
149.60000	    7.52399	    1.52865	    2.28839	    0.16997
149.80000	    7.52327	    1.52911	    2.28759	    0.16991
150.00000	    7.52256	    1.52957	    2.28680	    0.16985
150.20000	    7.52185	    1.53004	    2.28600	    0.16979
150.40000	    7.52114	    1.53050	    2.28521	    0.16973
150.60000	    7.52043	    1.53096	    2.28442	    0.16968
150.80000	    7.51973	    1.53141	    2.28363	    0.16962
151.00000	    7.51902	    1.53187	    2.28285	    0.16956
151.20000	    7.51832	    1.53232	    2.28206	    0.16950
151.40000	    7.51762	    1.53278	    2.28128	    0.16944
151.60000	    7.51692	    1.53323	    2.28050	    0.16938
151.80000	    7.51623	    1.53368	    2.27972	    0.16933
152.00000	    7.51553	    1.53413	    2.27894	    0.16927
152.20000	    7.51484	    1.53458	    2.27817	    0.16921
152.40000	    7.51415	    1.53503	    2.27740	    0.16915
152.60000	    7.51346	    1.53547	    2.27663	    0.16910
152.80000	    7.51277	    1.53592	    2.27586	    0.16904
153.00000	    7.51208	    1.53636	    2.27509	    0.16898
153.20000	    7.51140	    1.53680	    2.27433	    0.16893
153.40000	    7.51071	    1.53724	    2.27357	    0.16887
153.60000	    7.51003	    1.53768	    2.27280	    0.16881
153.80000	    7.50935	    1.53812	    2.27205	    0.16876
154.00000	    7.50867	    1.53856	    2.27129	    0.16870
154.20000	    7.50800	    1.53899	    2.27053	    0.16864
154.40000	    7.50732	    1.53943	    2.26978	    0.16859
154.60000	    7.50665	    1.53986	    2.26903	    0.16853
154.80000	    7.50598	    1.54029	    2.26828	    0.16848
155.00000	    7.50531	    1.54072	    2.26753	    0.16842
155.20000	    7.50464	    1.54115	    2.26679	    0.16837
155.40000	    7.50397	    1.54158	    2.26604	    0.16831
155.60000	    7.50331	    1.54201	    2.26530	    0.16826
155.80000	    7.50264	    1.54244	    2.26456	    0.16820
156.00000	    7.50198	    1.54286	    2.26382	    0.16815
156.20000	    7.50132	    1.54328	    2.26308	    0.16809
156.40000	    7.50066	    1.54371	    2.26235	    0.16804
156.60000	    7.50000	    1.54413	    2.26162	    0.16798
156.80000	    7.49935	    1.54455	    2.26089	    0.16793
157.00000	    7.49869	    1.54497	    2.26016	    0.16787
157.20000	    7.49804	    1.54539	    2.25943	    0.16782
157.40000	    7.49739	    1.54580	    2.25870	    0.16777
157.60000	    7.49674	    1.54622	    2.25798	    0.16771
157.80000	    7.49609	    1.54663	    2.25726	    0.16766
158.00000	    7.49545	    1.54705	    2.25654	    0.16760
158.20000	    7.49480	    1.54746	    2.25582	    0.16755
158.40000	    7.49416	    1.54787	    2.25510	    0.16750
158.60000	    7.49352	    1.54828	    2.25439	    0.16745
158.80000	    7.49288	    1.54869	    2.25367	    0.16739
159.00000	    7.49224	    1.54910	    2.25296	    0.16734
159.20000	    7.49160	    1.54950	    2.25225	    0.16729
159.40000	    7.49096	    1.54991	    2.25154	    0.16723
159.60000	    7.49033	    1.55031	    2.25084	    0.16718
159.80000	    7.48970	    1.55071	    2.25013	    0.16713
160.00000	    7.48907	    1.55112	    2.24943	    0.16708
160.20000	    7.48844	    1.55152	    2.24873	    0.16702
160.40000	    7.48781	    1.55192	    2.24803	    0.16697
160.60000	    7.48718	    1.55232	    2.24733	    0.16692
160.80000	    7.48655	    1.55271	    2.24663	    0.16687
161.00000	    7.48593	    1.55311	    2.24594	    0.16682
161.20000	    7.48531	    1.55351	    2.24524	    0.16677
161.40000	    7.48469	    1.55390	    2.24455	    0.16671
161.60000	    7.48407	    1.55430	    2.24386	    0.16666
161.80000	    7.48345	    1.55469	    2.24317	    0.16661
162.00000	    7.48283	    1.55508	    2.24249	    0.16656
162.20000	    7.48222	    1.55547	    2.24180	    0.16651
162.40000	    7.48160	    1.55586	    2.24112	    0.16646
162.60000	    7.48099	    1.55625	    2.24044	    0.16641
162.80000	    7.48038	    1.55663	    2.23976	    0.16636
163.00000	    7.47977	    1.55702	    2.23908	    0.16631
163.20000	    7.47916	    1.55741	    2.23840	    0.16626
163.40000	    7.47855	    1.55779	    2.23773	    0.16621
163.60000	    7.47795	    1.55817	    2.23705	    0.16616
163.80000	    7.47734	    1.55855	    2.23638	    0.16611
164.00000	    7.47674	    1.55894	    2.23571	    0.16606
164.20000	    7.47614	    1.55932	    2.23504	    0.16601
164.40000	    7.47554	    1.55969	    2.23437	    0.16596
164.60000	    7.47494	    1.56007	    2.23371	    0.16591
164.80000	    7.47434	    1.56045	    2.23304	    0.16586
165.00000	    7.47375	    1.56083	    2.23238	    0.16581
165.20000	    7.47315	    1.56120	    2.23172	    0.16576
165.40000	    7.47256	    1.56158	    2.23106	    0.16571
165.60000	    7.47197	    1.56195	    2.23040	    0.16566
165.80000	    7.47138	    1.56232	    2.22975	    0.16562
166.00000	    7.47079	    1.56269	    2.22909	    0.16557
166.20000	    7.47020	    1.56306	    2.22844	    0.16552
166.40000	    7.46961	    1.56343	    2.22779	    0.16547
166.60000	    7.46903	    1.56380	    2.22714	    0.16542
166.80000	    7.46844	    1.56417	    2.22649	    0.16537
167.00000	    7.46786	    1.56453	    2.22584	    0.16532
167.20000	    7.46728	    1.56490	    2.22519	    0.16528
167.40000	    7.46670	    1.56526	    2.22455	    0.16523
167.60000	    7.46612	    1.56563	    2.22391	    0.16518
167.80000	    7.46554	    1.56599	    2.22327	    0.16513
168.00000	    7.46497	    1.56635	    2.22263	    0.16509
168.20000	    7.46439	    1.56671	    2.22199	    0.16504
168.40000	    7.46382	    1.56707	    2.22135	    0.16499
168.60000	    7.46325	    1.56743	    2.22072	    0.16494
168.80000	    7.46268	    1.56779	    2.22008	    0.16490
169.00000	    7.46211	    1.56814	    2.21945	    0.16485
169.20000	    7.46154	    1.56850	    2.21882	    0.16480
169.40000	    7.46097	    1.56885	    2.21819	    0.16476
169.60000	    7.46040	    1.56921	    2.21756	    0.16471
169.80000	    7.45984	    1.56956	    2.21693	    0.16466
170.00000	    7.45928	    1.56991	    2.21631	    0.16462
170.20000	    7.45871	    1.57026	    2.21568	    0.16457
170.40000	    7.45815	    1.57062	    2.21506	    0.16452
170.60000	    7.45759	    1.57096	    2.21444	    0.16448
170.80000	    7.45704	    1.57131	    2.21382	    0.16443
171.00000	    7.45648	    1.57166	    2.21320	    0.16439
171.20000	    7.45592	    1.57201	    2.21259	    0.16434
171.40000	    7.45537	    1.57235	    2.21197	    0.16429
171.60000	    7.45481	    1.57270	    2.21136	    0.16425
171.80000	    7.45426	    1.57304	    2.21074	    0.16420
172.00000	    7.45371	    1.57339	    2.21013	    0.16416
172.20000	    7.45316	    1.57373	    2.20952	    0.16411
172.40000	    7.45261	    1.57407	    2.20891	    0.16407
172.60000	    7.45207	    1.57441	    2.20831	    0.16402
172.80000	    7.45152	    1.57475	    2.20770	    0.16398
173.00000	    7.45097	    1.57509	    2.20710	    0.16393
173.20000	    7.45043	    1.57543	    2.20649	    0.16389
173.40000	    7.44989	    1.57577	    2.20589	    0.16384
173.60000	    7.44935	    1.57610	    2.20529	    0.16380
173.80000	    7.44881	    1.57644	    2.20469	    0.16375
174.00000	    7.44827	    1.57677	    2.20409	    0.16371
174.20000	    7.44773	    1.57711	    2.20350	    0.16367
174.40000	    7.44719	    1.57744	    2.20290	    0.16362
174.60000	    7.44666	    1.57777	    2.20231	    0.16358
174.80000	    7.44612	    1.57810	    2.20172	    0.16353
175.00000	    7.44559	    1.57844	    2.20113	    0.16349
175.20000	    7.44506	    1.57877	    2.20054	    0.16345
175.40000	    7.44453	    1.57909	    2.19995	    0.16340
175.60000	    7.44400	    1.57942	    2.19936	    0.16336
175.80000	    7.44347	    1.57975	    2.19877	    0.16331
176.00000	    7.44294	    1.58008	    2.19819	    0.16327
176.20000	    7.44241	    1.58040	    2.19761	    0.16323
176.40000	    7.44189	    1.58073	    2.19703	    0.16318
176.60000	    7.44136	    1.58105	    2.19644	    0.16314
176.80000	    7.44084	    1.58137	    2.19587	    0.16310
177.00000	    7.44032	    1.58170	    2.19529	    0.16306
177.20000	    7.43980	    1.58202	    2.19471	    0.16301
177.40000	    7.43928	    1.58234	    2.19413	    0.16297
177.60000	    7.43876	    1.58266	    2.19356	    0.16293
177.80000	    7.43824	    1.58298	    2.19299	    0.16288
178.00000	    7.43773	    1.58330	    2.19242	    0.16284
178.20000	    7.43721	    1.58362	    2.19185	    0.16280
178.40000	    7.43670	    1.58393	    2.19128	    0.16276
178.60000	    7.43618	    1.58425	    2.19071	    0.16272
178.80000	    7.43567	    1.58456	    2.19014	    0.16267
179.00000	    7.43516	    1.58488	    2.18958	    0.16263
179.20000	    7.43465	    1.58519	    2.18901	    0.16259
179.40000	    7.43414	    1.58551	    2.18845	    0.16255
179.60000	    7.43364	    1.58582	    2.18789	    0.16251
179.80000	    7.43313	    1.58613	    2.18733	    0.16246
180.00000	    7.43262	    1.58644	    2.18677	    0.16242
180.20000	    7.43212	    1.58675	    2.18621	    0.16238
180.40000	    7.43162	    1.58706	    2.18565	    0.16234
180.60000	    7.43111	    1.58737	    2.18509	    0.16230
180.80000	    7.43061	    1.58768	    2.18454	    0.16226
181.00000	    7.43011	    1.58798	    2.18399	    0.16222
181.20000	    7.42961	    1.58829	    2.18343	    0.16218
181.40000	    7.42912	    1.58860	    2.18288	    0.16213
181.60000	    7.42862	    1.58890	    2.18233	    0.16209
181.80000	    7.42812	    1.58921	    2.18178	    0.16205
182.00000	    7.42763	    1.58951	    2.18124	    0.16201
182.20000	    7.42713	    1.58981	    2.18069	    0.16197
182.40000	    7.42664	    1.59011	    2.18015	    0.16193
182.60000	    7.42615	    1.59042	    2.17960	    0.16189
182.80000	    7.42566	    1.59072	    2.17906	    0.16185
183.00000	    7.42517	    1.59102	    2.17852	    0.16181
183.20000	    7.42468	    1.59131	    2.17798	    0.16177
183.40000	    7.42419	    1.59161	    2.17744	    0.16173
183.60000	    7.42370	    1.59191	    2.17690	    0.16169
183.80000	    7.42322	    1.59221	    2.17636	    0.16165
184.00000	    7.42273	    1.59250	    2.17583	    0.16161
184.20000	    7.42225	    1.59280	    2.17529	    0.16157
184.40000	    7.42177	    1.59309	    2.17476	    0.16153
184.60000	    7.42129	    1.59339	    2.17423	    0.16149
184.80000	    7.42080	    1.59368	    2.17369	    0.16145
185.00000	    7.42032	    1.59397	    2.17316	    0.16141
185.20000	    7.41985	    1.59427	    2.17263	    0.16137
185.40000	    7.41937	    1.59456	    2.17211	    0.16133
185.60000	    7.41889	    1.59485	    2.17158	    0.16129
185.80000	    7.41842	    1.59514	    2.17105	    0.16126
186.00000	    7.41794	    1.59543	    2.17053	    0.16122
186.20000	    7.41747	    1.59572	    2.17001	    0.16118
186.40000	    7.41699	    1.59601	    2.16948	    0.16114
186.60000	    7.41652	    1.59629	    2.16896	    0.16110
186.80000	    7.41605	    1.59658	    2.16844	    0.16106
187.00000	    7.41558	    1.59687	    2.16792	    0.16102
187.20000	    7.41511	    1.59715	    2.16740	    0.16098
187.40000	    7.41464	    1.59744	    2.16689	    0.16095
187.60000	    7.41418	    1.59772	    2.16637	    0.16091
187.80000	    7.41371	    1.59800	    2.16586	    0.16087
188.00000	    7.41324	    1.59829	    2.16534	    0.16083
188.20000	    7.41278	    1.59857	    2.16483	    0.16079
188.40000	    7.41232	    1.59885	    2.16432	    0.16076
188.60000	    7.41185	    1.59913	    2.16381	    0.16072
188.80000	    7.41139	    1.59941	    2.16330	    0.16068
189.00000	    7.41093	    1.59969	    2.16279	    0.16064
189.20000	    7.41047	    1.59997	    2.16228	    0.16060
189.40000	    7.41001	    1.60025	    2.16177	    0.16057
189.60000	    7.40956	    1.60052	    2.16127	    0.16053
189.80000	    7.40910	    1.60080	    2.16077	    0.16049
190.00000	    7.40864	    1.60108	    2.16026	    0.16045
190.20000	    7.40819	    1.60135	    2.15976	    0.16042
190.40000	    7.40773	    1.60163	    2.15926	    0.16038
190.60000	    7.40728	    1.60190	    2.15876	    0.16034
190.80000	    7.40683	    1.60217	    2.15826	    0.16031
191.00000	    7.40638	    1.60245	    2.15776	    0.16027
191.20000	    7.40593	    1.60272	    2.15726	    0.16023
191.40000	    7.40548	    1.60299	    2.15677	    0.16019
191.60000	    7.40503	    1.60326	    2.15627	    0.16016
191.80000	    7.40458	    1.60353	    2.15578	    0.16012
192.00000	    7.40413	    1.60380	    2.15529	    0.16008
192.20000	    7.40369	    1.60407	    2.15479	    0.16005
192.40000	    7.40324	    1.60434	    2.15430	    0.16001
192.60000	    7.40280	    1.60461	    2.15381	    0.15997
192.80000	    7.40236	    1.60488	    2.15332	    0.15994
193.00000	    7.40191	    1.60514	    2.15284	    0.15990
193.20000	    7.40147	    1.60541	    2.15235	    0.15987
193.40000	    7.40103	    1.60568	    2.15186	    0.15983
193.60000	    7.40059	    1.60594	    2.15138	    0.15979
193.80000	    7.40015	    1.60620	    2.15089	    0.15976
194.00000	    7.39971	    1.60647	    2.15041	    0.15972
194.20000	    7.39928	    1.60673	    2.14993	    0.15969
194.40000	    7.39884	    1.60699	    2.14945	    0.15965
194.60000	    7.39840	    1.60726	    2.14897	    0.15962
194.80000	    7.39797	    1.60752	    2.14849	    0.15958
195.00000	    7.39754	    1.60778	    2.14801	    0.15954
195.20000	    7.39710	    1.60804	    2.14753	    0.15951
195.40000	    7.39667	    1.60830	    2.14705	    0.15947
195.60000	    7.39624	    1.60856	    2.14658	    0.15944
195.80000	    7.39581	    1.60882	    2.14611	    0.15940
196.00000	    7.39538	    1.60907	    2.14563	    0.15937
196.20000	    7.39495	    1.60933	    2.14516	    0.15933
196.40000	    7.39452	    1.60959	    2.14469	    0.15930
196.60000	    7.39410	    1.60985	    2.14422	    0.15926
196.80000	    7.39367	    1.61010	    2.14375	    0.15923
197.00000	    7.39324	    1.61036	    2.14328	    0.15919
197.20000	    7.39282	    1.61061	    2.14281	    0.15916
197.40000	    7.39239	    1.61086	    2.14234	    0.15912
197.60000	    7.39197	    1.61112	    2.14188	    0.15909
197.80000	    7.39155	    1.61137	    2.14141	    0.15905
198.00000	    7.39113	    1.61162	    2.14095	    0.15902
198.20000	    7.39071	    1.61187	    2.14048	    0.15899
198.40000	    7.39029	    1.61213	    2.14002	    0.15895
198.60000	    7.38987	    1.61238	    2.13956	    0.15892
198.80000	    7.38945	    1.61263	    2.13910	    0.15888
199.00000	    7.38903	    1.61288	    2.13864	    0.15885
199.20000	    7.38862	    1.61313	    2.13818	    0.15881
199.40000	    7.38820	    1.61337	    2.13772	    0.15878
199.60000	    7.38779	    1.61362	    2.13727	    0.15875
199.80000	    7.38737	    1.61387	    2.13681	    0.15871
200.00000	    7.38696	    1.61412	    2.13636	    0.15868
