-4.470490000000000e+2	1.210000000000000e-1	4.900000000000000e-3
-4.307840000000000e+2	1.245000000000000e-1	5.000000000000000e-3
-4.153850000000000e+2	1.174000000000000e-1	4.900000000000000e-3
-4.007910000000000e+2	1.173000000000000e-1	4.900000000000000e-3
-3.869460000000000e+2	1.386000000000000e-1	5.400000000000000e-3
-3.738020000000000e+2	1.244000000000000e-1	5.200000000000000e-3
-3.613100000000000e+2	1.384000000000000e-1	5.500000000000000e-3
-3.494290100000000e+2	1.337000000000000e-1	5.400000000000000e-3
-3.381200000000000e+2	1.352000000000000e-1	5.500000000000000e-3
-3.273460000000000e+2	1.335000000000000e-1	5.500000000000000e-3
-3.170740000000000e+2	1.324000000000000e-1	5.500000000000000e-3
-3.072730000000000e+2	1.387000000000000e-1	5.700000000000000e-3
-2.979150000000000e+2	1.451000000000000e-1	5.900000000000000e-3
-2.889740000000000e+2	1.529000000000000e-1	6.100000000000000e-3
-2.804260000000000e+2	1.402000000000000e-1	5.900000000000000e-3
-2.722460000000000e+2	1.470000000000000e-1	6.100000000000000e-3
-2.644160000000000e+2	1.441000000000000e-1	6.000000000000000e-3
-2.569150000000000e+2	1.592000000000000e-1	6.400000000000000e-3
-2.497250000000000e+2	1.482000000000000e-1	6.200000000000000e-3
-2.428280000000000e+2	1.627000000000000e-1	6.600000000000000e-3
-2.362100000000000e+2	1.681000000000000e-1	6.700000000000000e-3
-2.298560000000000e+2	1.666000000000000e-1	6.700000000000000e-3
-2.237500000000000e+2	1.617000000000000e-1	6.700000000000000e-3
-2.178820000000000e+2	1.543000000000000e-1	6.600000000000000e-3
-2.122380000000000e+2	1.710000000000000e-1	7.000000000000000e-3
-2.068080000000000e+2	1.709000000000000e-1	7.000000000000000e-3
-2.015800000000000e+2	1.676000000000000e-1	7.000000000000000e-3
-1.965450000000000e+2	1.606000000000000e-1	6.900000000000000e-3
-1.916940000000000e+2	1.623000000000000e-1	6.900000000000000e-3
-1.870170000000000e+2	1.775000000000000e-1	7.300000000000000e-3
-1.825060000000000e+2	1.693000000000000e-1	7.200000000000000e-3
-1.781540000000000e+2	1.707000000000000e-1	7.300000000000000e-3
-1.739530000000000e+2	1.845000000000000e-1	7.600000000000000e-3
-1.698960100000000e+2	1.750000100000000e-1	7.400000000000000e-3
-1.659770000000000e+2	1.824000000000000e-1	7.600000000000000e-3
-1.621890000000000e+2	1.648000000000000e-1	7.300000000000000e-3
-1.585270000000000e+2	1.762000000000000e-1	7.600000000000000e-3
-1.549860000000000e+2	1.916000000000000e-1	8.000000000000000e-3
-1.515590000000000e+2	2.031000000000000e-1	8.200000000000000e-3
-1.482430000000000e+2	1.996000000000000e-1	8.200000000000000e-3
-1.450320000000000e+2	1.792000000000000e-1	7.800000000000000e-3
-1.419220000000000e+2	1.932000000000000e-1	8.200000000000000e-3
-1.389080000000000e+2	2.050000000000000e-1	8.400000000000000e-3
-1.359880000000000e+2	1.821000000000000e-1	8.000000000000000e-3
-1.331570000000000e+2	2.032000000000000e-1	8.500000000000000e-3
-1.304110000000000e+2	1.877000000000000e-1	8.200000000000000e-3
-1.277470000000000e+2	1.987000000000000e-1	8.500000000000000e-3
-1.251620000000000e+2	2.050000000000000e-1	8.700000000000000e-3
-1.226530000000000e+2	1.997000000000000e-1	8.600000000000000e-3
-1.202160000000000e+2	2.057000000000000e-1	8.800000000000000e-3
-1.178500000000000e+2	2.149000000000000e-1	9.000000000000000e-3
-1.155510000000000e+2	1.949000000000000e-1	8.600000000000000e-3
-1.133170000000000e+2	2.225000000000000e-1	9.200000000000000e-3
-1.111450000000000e+2	2.099000000000000e-1	9.000000000000000e-3
-1.090340000000000e+2	2.126000000000000e-1	9.100000000000000e-3
-1.069800000000000e+2	2.205000000000000e-1	9.300000000000000e-3
-1.049820000000000e+2	2.281000000000000e-1	9.500000000000000e-3
-1.030380000000000e+2	2.322000000000000e-1	9.700000000000000e-3
-1.011460000000000e+2	2.262000000000000e-1	9.599999999999998e-3
-9.930400000000000e+1	2.085000000000000e-1	9.200000000000000e-3
-9.751000000000000e+1	2.191000000000000e-1	9.500000000000000e-3
-9.576300000000000e+1	2.197000000000000e-1	9.599999999999998e-3
-9.406100000000000e+1	2.238000000000000e-1	9.700000000000000e-3
-9.240200000000000e+1	2.342000000000000e-1	1.000000000000000e-2
-9.078600000000000e+1	2.088000000000000e-1	9.500000000000000e-3
-8.921000000000000e+1	2.222000000000000e-1	9.800000000000000e-3
-8.767300000000000e+1	2.171000000000000e-1	9.700000000000000e-3
-8.617500000000000e+1	2.176000000000000e-1	9.800000000000000e-3
-8.471300000000000e+1	2.194000000000000e-1	9.900000000000002e-3
-8.328600000000000e+1	2.333000000000000e-1	1.020000000000000e-2
-8.189500000000000e+1	2.199000000000000e-1	9.900000000000002e-3
-8.053600000000000e+1	2.606000000000000e-1	1.090000000000000e-2
-7.920900000000000e+1	2.326000000000000e-1	1.030000000000000e-2
-7.791400000000000e+1	2.533000000000000e-1	1.080000000000000e-2
-7.664900000000000e+1	2.516000000000000e-1	1.080000000000000e-2
-7.541400000000000e+1	2.783000000000000e-1	1.140000000000000e-2
-7.420700000000000e+1	2.461000000000000e-1	1.080000000000000e-2
-7.302700000000000e+1	2.413000000000000e-1	1.070000000000000e-2
-7.187400099999999e+1	2.590000000000000e-1	1.110000000000000e-2
-7.074800000000001e+1	2.527000000000000e-1	1.100000000000000e-2
-6.964600000000000e+1	2.512000000000000e-1	1.100000000000000e-2
-6.856800000000000e+1	2.497000000000000e-1	1.110000000000000e-2
-6.751500000000000e+1	2.629000000000000e-1	1.140000000000000e-2
-6.648399999999999e+1	2.534000000000000e-1	1.120000000000000e-2
-6.547600000000000e+1	2.617000000000000e-1	1.140000000000000e-2
-6.448900000000001e+1	2.662000000000000e-1	1.160000000000000e-2
-6.352400000000000e+1	2.518000000000000e-1	1.130000000000000e-2
-6.257900000000000e+1	2.572000000000000e-1	1.150000000000000e-2
-6.165400000000000e+1	2.565000000000000e-1	1.150000000000000e-2
-6.074800000000000e+1	2.821000000000000e-1	1.210000000000000e-2
-5.986100000000000e+1	2.841000000000000e-1	1.220000000000000e-2
-5.899300000000000e+1	2.619000000000000e-1	1.170000000000000e-2
-5.814200000000000e+1	2.430000000000000e-1	1.130000000000000e-2
-5.730800000000000e+1	2.831000000000000e-1	1.230000000000000e-2
-5.649200000000000e+1	2.689000000000000e-1	1.200000000000000e-2
-5.569200000000000e+1	2.648000000000000e-1	1.200000000000000e-2
-5.490700000000000e+1	2.726000000000000e-1	1.220000000000000e-2
-5.413900000000000e+1	2.875000000000000e-1	1.250000000000000e-2
-5.338500000000000e+1	3.049000000000000e-1	1.300000000000000e-2
-5.264600000000000e+1	2.630000000000000e-1	1.210000000000000e-2
-5.192200000000000e+1	2.865000000000000e-1	1.260000000000000e-2
-5.121100000000000e+1	2.631000000000000e-1	1.220000000000000e-2
-5.051400000000000e+1	2.778000000000000e-1	1.250000000000000e-2
-4.983100000000000e+1	2.779000000000000e-1	1.260000000000000e-2
-4.916000000000000e+1	2.865000000000000e-1	1.280000000000000e-2
-4.850200000000000e+1	2.895000000000000e-1	1.290000000000000e-2
-4.785700000000000e+1	2.994000000000000e-1	1.320000000000000e-2
-4.722300000000000e+1	2.896000000000000e-1	1.300000000000000e-2
-4.660100000000000e+1	2.979000000000000e-1	1.320000000000000e-2
-4.599000000000000e+1	2.885000000000000e-1	1.310000000000000e-2
-4.539100000000000e+1	2.897000000000000e-1	1.310000000000000e-2
-4.480200000000000e+1	3.058000000000000e-1	1.350000000000000e-2
-4.422400000000000e+1	2.962000000000000e-1	1.340000000000000e-2
-4.365700000000000e+1	2.780000000000000e-1	1.300000000000000e-2
-4.309900000000000e+1	2.949000000000000e-1	1.340000000000000e-2
-4.255200000000000e+1	2.912000000000000e-1	1.340000000000000e-2
-4.201400000000000e+1	3.268000000000000e-1	1.420000000000000e-2
-4.148500000000000e+1	3.126000000000000e-1	1.390000000000000e-2
-4.096600000000000e+1	2.789000000000000e-1	1.320000000000000e-2
-4.045600000000000e+1	2.930000000000000e-1	1.360000000000000e-2
-3.995400000000000e+1	2.928000000000000e-1	1.360000000000000e-2
-3.946100000000000e+1	2.907000000000000e-1	1.360000000000000e-2
-3.897700000000000e+1	3.058000000000000e-1	1.400000000000000e-2
-3.850000000000000e+1	2.985000000000000e-1	1.380000000000000e-2
-3.803200000000000e+1	3.202000000000000e-1	1.440000000000000e-2
-3.757100000000000e+1	3.143000000000000e-1	1.430000000000000e-2
-3.711800000000000e+1	3.010000000000000e-1	1.400000000000000e-2
-3.667300000000000e+1	3.132000000000000e-1	1.430000000000000e-2
-3.623500000000000e+1	3.156000000000000e-1	1.440000000000000e-2
-3.580400000000000e+1	3.186000000000000e-1	1.450000000000000e-2
-3.538000000000000e+1	3.037000000000000e-1	1.420000000000000e-2
-3.496300000000000e+1	2.966000000000000e-1	1.410000000000000e-2
-3.455300100000000e+1	2.975000000000000e-1	1.420000000000000e-2
-3.414900000000000e+1	3.154000000000000e-1	1.460000000000000e-2
-3.375200000000000e+1	3.171000000000000e-1	1.470000000000000e-2
-3.336100000000000e+1	3.373000000000000e-1	1.520000000000000e-2
-3.297600000000000e+1	3.164000000000000e-1	1.480000000000000e-2
-3.259700000000000e+1	3.249000000000000e-1	1.500000000000000e-2
-3.222400000000000e+1	3.232000000000000e-1	1.500000000000000e-2
-3.185700000000000e+1	3.424000000000000e-1	1.550000000000000e-2
-3.149500000000000e+1	3.441000000000000e-1	1.560000000000000e-2
-3.114000000000000e+1	3.226000000000000e-1	1.510000000000000e-2
-3.078900000000000e+1	3.093000000000000e-1	1.480000000000000e-2
-3.044400000000000e+1	3.080000000000000e-1	1.480000000000000e-2
-3.010400000000000e+1	3.455000100000000e-1	1.580000000000000e-2
-2.976900000000000e+1	3.458000000000000e-1	1.580000000000000e-2
-2.943900000000000e+1	3.461000000000000e-1	1.580000000000000e-2
-2.911400000000000e+1	3.325000000000000e-1	1.560000000000000e-2
-2.879400000000000e+1	3.407000000000000e-1	1.580000000000000e-2
-2.847900000000000e+1	3.365000000000000e-1	1.570000000000000e-2
-2.816800000000000e+1	3.552000000000000e-1	1.620000000000000e-2
-2.786200000000000e+1	3.495000100000000e-1	1.610000000000000e-2
-2.756000000000000e+1	3.430000000000000e-1	1.600000000000000e-2
-2.726300000000000e+1	3.229000000000000e-1	1.560000000000000e-2
-2.697000000000000e+1	3.418000000000000e-1	1.610000000000000e-2
-2.668100000000000e+1	3.632000000000000e-1	1.660000000000000e-2
-2.639600000000000e+1	3.748000000000000e-1	1.690000100000000e-2
-2.611600000000000e+1	3.085000000000000e-1	1.540000000000000e-2
-2.583900000000000e+1	3.522000000000000e-1	1.650000000000000e-2
-2.556600000000000e+1	3.609000000000000e-1	1.670000000000000e-2
-2.529700000000000e+1	3.501000000000000e-1	1.650000000000000e-2
-2.503200000000000e+1	3.525000000000000e-1	1.660000000000000e-2
-2.477000000000000e+1	3.424000000000000e-1	1.640000000000000e-2
-2.451200000000000e+1	3.629000000000000e-1	1.690000100000000e-2
-2.425700000000000e+1	3.519000000000000e-1	1.670000000000000e-2
-2.400600000000000e+1	3.424000000000000e-1	1.650000000000000e-2
-2.375900000000000e+1	3.416000000000000e-1	1.650000000000000e-2
-2.351500000000000e+1	3.319000000000000e-1	1.630000000000000e-2
-2.327400000000000e+1	3.753000000000000e-1	1.740000100000000e-2
-2.303600000000000e+1	3.543000000000000e-1	1.690000100000000e-2
-2.280200000000000e+1	3.771000000000000e-1	1.750000000000000e-2
-2.257000000000000e+1	3.567000000000000e-1	1.710000000000000e-2
-2.234200000000000e+1	3.624000000000000e-1	1.720000000000000e-2
-2.211700000000000e+1	3.459000000000000e-1	1.690000100000000e-2
-2.189400000000000e+1	3.664000000000000e-1	1.740000100000000e-2
-2.167500000000000e+1	3.581000100000000e-1	1.720000000000000e-2
-2.145800000000000e+1	3.680000000000000e-1	1.750000000000000e-2
-2.124400000000000e+1	3.796000000000000e-1	1.780000000000000e-2
-2.103300000000000e+1	3.821000000000000e-1	1.790000000000000e-2
-2.082500000000000e+1	3.660000000000000e-1	1.760000000000000e-2
-2.061900000000000e+1	3.226000000000000e-1	1.660000000000000e-2
-2.041600000000000e+1	3.589000000000000e-1	1.750000000000000e-2
-2.021600000000000e+1	3.733000000000000e-1	1.790000000000000e-2
-2.001800000000000e+1	3.818000000000000e-1	1.810000000000000e-2
-1.982300000000000e+1	4.041000000000000e-1	1.870000000000000e-2
-1.963000000000000e+1	3.781000000000000e-1	1.810000000000000e-2
-1.943900000000000e+1	3.587000000000000e-1	1.770000000000000e-2
-1.925100000000000e+1	3.786000000000000e-1	1.820000000000000e-2
-1.906500000000000e+1	3.881000000000000e-1	1.850000000000000e-2
-1.888100000000000e+1	4.047000000000000e-1	1.890000000000000e-2
-1.870000000000000e+1	3.807000000000000e-1	1.840000000000000e-2
-1.852100000000000e+1	4.044000000000000e-1	1.900000000000000e-2
-1.834400000000000e+1	3.981000000000000e-1	1.880000000000000e-2
-1.816900000000000e+1	3.979000000000000e-1	1.890000000000000e-2
-1.799700000000000e+1	4.049000000000000e-1	1.910000000000000e-2
-1.782600000000000e+1	3.758000000000000e-1	1.840000000000000e-2
-1.765800000000000e+1	4.000000000000000e-1	1.900000000000000e-2
-1.749100000000000e+1	3.888000000000000e-1	1.880000000000000e-2
-1.732700000000000e+1	4.334000000000000e-1	1.990000000000000e-2
-1.716400000000000e+1	4.030000000000000e-1	1.920000000000000e-2
-1.700300000000000e+1	3.926000000000000e-1	1.900000000000000e-2
-1.684400000000000e+1	3.978000000000000e-1	1.920000000000000e-2
-1.668800000000000e+1	3.882000000000000e-1	1.900000000000000e-2
-1.653200000000000e+1	3.981000000000000e-1	1.930000000000000e-2
-1.637900000000000e+1	4.334000000000000e-1	2.010000000000000e-2
-1.622800000000000e+1	4.257000000000000e-1	2.000000000000000e-2
-1.607800000000000e+1	3.905000000000000e-1	1.920000000000000e-2
-1.593000000000000e+1	4.242000000000000e-1	2.000000000000000e-2
-1.578300000000000e+1	4.059000000000000e-1	1.960000000000000e-2
-1.563900000000000e+1	4.370000000000000e-1	2.040000000000000e-2
-1.549600000000000e+1	4.147000000000000e-1	1.990000000000000e-2
-1.535400000000000e+1	4.077000000000000e-1	1.980000000000000e-2
-1.521400000000000e+1	4.333000000000000e-1	2.050000000000000e-2
-1.507600000000000e+1	4.466000000000000e-1	2.080000000000000e-2
-1.493900000000000e+1	4.191000000000000e-1	2.020000000000000e-2
-1.480400000000000e+1	4.304000000000000e-1	2.050000000000000e-2
-1.467000000000000e+1	3.967000000000000e-1	1.970000000000000e-2
-1.453800000000000e+1	4.012000000000000e-1	1.990000000000000e-2
-1.440700000000000e+1	4.253000000000000e-1	2.050000000000000e-2
-1.427800000000000e+1	4.130000000000000e-1	2.020000000000000e-2
-1.415000000000000e+1	4.444000000000000e-1	2.100000000000000e-2
-1.402300000000000e+1	4.749000000000000e-1	2.180000000000000e-2
-1.389800000000000e+1	4.066000000000000e-1	2.020000000000000e-2
-1.377500000000000e+1	4.291000000000000e-1	2.080000000000000e-2
-1.365200000000000e+1	4.055000000000000e-1	2.020000000000000e-2
-1.353100000000000e+1	4.272000000000000e-1	2.080000000000000e-2
-1.341100000000000e+1	4.297000000000000e-1	2.090000000000000e-2
-1.329200000000000e+1	4.333000000000000e-1	2.100000000000000e-2
-1.317500000000000e+1	4.502000000000000e-1	2.150000000000000e-2
-1.305900000000000e+1	3.902000000000000e-1	2.000000000000000e-2
-1.294400000000000e+1	4.153000000000000e-1	2.070000000000000e-2
-1.283000000000000e+1	4.271000000000000e-1	2.100000000000000e-2
-1.271800000000000e+1	4.722000000000000e-1	2.210000000000000e-2
-1.260700000000000e+1	4.426000000000000e-1	2.150000000000000e-2
-1.249700000000000e+1	3.940000000000000e-1	2.030000000000000e-2
-1.238800000000000e+1	4.509000000000000e-1	2.170000000000000e-2
-1.228000000000000e+1	4.472000000000000e-1	2.170000000000000e-2
-1.217300000000000e+1	4.857000000000000e-1	2.260000000000000e-2
-1.206700000000000e+1	4.270000000000000e-1	2.130000000000000e-2
-1.196300000000000e+1	4.593000000000000e-1	2.210000000000000e-2
-1.185900000000000e+1	4.512000000000000e-1	2.190000000000000e-2
-1.175700000000000e+1	4.560000000000000e-1	2.210000000000000e-2
-1.165500000000000e+1	4.199000000000000e-1	2.120000000000000e-2
-1.155500000000000e+1	4.785000000000000e-1	2.270000000000000e-2
-1.145600000000000e+1	4.098000000000000e-1	2.110000000000000e-2
-1.135700000000000e+1	4.535000000000000e-1	2.220000000000000e-2
-1.126000000000000e+1	4.256000000000000e-1	2.150000000000000e-2
-1.116300000000000e+1	4.631000000000000e-1	2.250000000000000e-2
-1.106800000000000e+1	4.668000000000000e-1	2.260000000000000e-2
-1.097300000000000e+1	4.804000000000000e-1	2.300000000000000e-2
-1.088000000000000e+1	4.622000000000000e-1	2.260000000000000e-2
-1.078700000000000e+1	4.582000000000000e-1	2.250000000000000e-2
-1.069500000000000e+1	4.230000000000000e-1	2.170000000000000e-2
-1.060400000000000e+1	4.355000000000000e-1	2.200000000000000e-2
-1.051400000000000e+1	4.817000000000000e-1	2.320000000000000e-2
-1.042500000000000e+1	4.619000000000000e-1	2.280000000000000e-2
-1.033700000000000e+1	4.331000000000000e-1	2.210000000000000e-2
-1.025000000000000e+1	4.818000000000000e-1	2.330000000000000e-2
-1.016300000000000e+1	4.845000000000000e-1	2.340000000000000e-2
-1.007700000000000e+1	4.168000000000000e-1	2.180000000000000e-2
-9.992000000000002e+0	5.002000000000000e-1	2.390000000000000e-2
-9.908000000000000e+0	4.526000000000000e-1	2.270000000000000e-2
-9.825000000000000e+0	4.781000000000000e-1	2.340000000000000e-2
-9.742000000000002e+0	4.808000000000000e-1	2.350000000000000e-2
-9.661000000000000e+0	4.673000000000000e-1	2.320000000000000e-2
-9.580000000000000e+0	4.630000000000000e-1	2.320000000000000e-2
-9.499000000000000e+0	4.563000000000000e-1	2.300000000000000e-2
-9.420000000000000e+0	4.729000000000000e-1	2.350000000000000e-2
-9.341000000000000e+0	4.954000000000000e-1	2.410000000000000e-2
-9.263000000000000e+0	4.922000000000000e-1	2.400000000000000e-2
-9.186000000000000e+0	4.209000000000000e-1	2.220000000000000e-2
-9.109000000000000e+0	4.705000000000000e-1	2.360000000000000e-2
-9.033000000000000e+0	4.826000000000000e-1	2.390000000000000e-2
-8.958000000000000e+0	4.782000000000000e-1	2.380000000000000e-2
-8.884000000000000e+0	4.892000000000000e-1	2.410000000000000e-2
-8.810000000000000e+0	4.871000000000000e-1	2.410000000000000e-2
-8.737000000000000e+0	5.064999999999999e-1	2.460000000000000e-2
-8.664000000000000e+0	4.564000000000000e-1	2.340000000000000e-2
-8.592000000000000e+0	4.457000000000000e-1	2.320000000000000e-2
-8.521000000000000e+0	4.616000000000000e-1	2.360000000000000e-2
-8.451000000000000e+0	4.593000000000000e-1	2.360000000000000e-2
-8.381000000000000e+0	4.546000000000000e-1	2.350000000000000e-2
-8.311000000000000e+0	5.047000000000000e-1	2.480000000000000e-2
-8.243000000000000e+0	4.280000000000000e-1	2.290000000000000e-2
-8.175000000000000e+0	4.746000000000000e-1	2.410000000000000e-2
-8.107000000000000e+0	4.736000000000000e-1	2.410000000000000e-2
-8.039999999999998e+0	4.478000000000000e-1	2.350000000000000e-2
-7.974000000000000e+0	4.974000000000000e-1	2.480000000000000e-2
-7.908000000000000e+0	4.691000000000000e-1	2.410000000000000e-2
-7.843000000000000e+0	4.642000000000000e-1	2.400000000000000e-2
-7.779000000000000e+0	5.168000000000000e-1	2.540000000000000e-2
-7.715000000000000e+0	4.069000000000000e-1	2.260000000000000e-2
-7.651000000000000e+0	4.557000000000000e-1	2.390000000000000e-2
-7.588000000000000e+0	4.772000000000000e-1	2.450000000000000e-2
-7.526000000000000e+0	5.064000000000000e-1	2.530000000000000e-2
-7.464000000000000e+0	4.825000000000000e-1	2.470000000000000e-2
-7.403000000000000e+0	5.131000000000000e-1	2.550000000000000e-2
-7.342000000000000e+0	4.738000000000000e-1	2.460000000000000e-2
-7.282000000000000e+0	4.675000000000000e-1	2.440000000000000e-2
-7.222000000000000e+0	4.829000000000000e-1	2.490000000000000e-2
-7.163000000000000e+0	4.830000000000000e-1	2.490000000000000e-2
-7.104000000000000e+0	4.856000000000000e-1	2.500000000000000e-2
-7.046000000000000e+0	4.857000000000000e-1	2.500000000000000e-2
-6.988000000000001e+0	4.936000000000000e-1	2.530000000000000e-2
-6.931000000000000e+0	4.703000000000000e-1	2.470000000000000e-2
-6.874000000000000e+0	4.585000000000000e-1	2.440000000000000e-2
-6.818000000000000e+0	5.538999999999999e-1	2.690000000000000e-2
-6.762000099999999e+0	4.585000000000000e-1	2.450000000000000e-2
-6.707000000000000e+0	4.716000000000000e-1	2.490000000000000e-2
-6.652000000000000e+0	4.926000000000000e-1	2.550000000000000e-2
-6.597000000000001e+0	4.702000000000000e-1	2.490000000000000e-2
-6.543000000000000e+0	4.622000000000000e-1	2.470000000000000e-2
-6.490000000000000e+0	5.512000000000000e-1	2.710000000000000e-2
-6.437000000000000e+0	5.154000000000000e-1	2.620000000000000e-2
-6.384000000000000e+0	5.061000000000000e-1	2.600000000000000e-2
-6.332000000000000e+0	4.807000000000000e-1	2.540000000000000e-2
-6.280000000000000e+0	5.464000000000000e-1	2.710000000000000e-2
-6.228000000000000e+0	5.155999999999999e-1	2.630000000000000e-2
-6.177000000000000e+0	5.238000000000001e-1	2.660000000000000e-2
-6.127000000000000e+0	4.819000000000000e-1	2.550000000000000e-2
-6.076000000000000e+0	5.116000000000001e-1	2.640000000000000e-2
-6.027000000000000e+0	4.708000000000000e-1	2.530000000000000e-2
-5.977000000000000e+0	4.953000000000000e-1	2.600000000000000e-2
-5.928000000000000e+0	5.363000000000000e-1	2.710000000000000e-2
-5.878999999999999e+0	5.212000000000000e-1	2.670000000000000e-2
-5.831000000000001e+0	5.061000000000000e-1	2.640000000000000e-2
-5.783000000000000e+0	4.619000000000000e-1	2.520000000000000e-2
-5.736000000000000e+0	5.032000000000000e-1	2.640000000000000e-2
-5.689000000000000e+0	4.907000000000000e-1	2.610000000000000e-2
-5.642000000000000e+0	4.837000000000000e-1	2.590000000000000e-2
-5.596000000000000e+0	4.863000000000000e-1	2.600000000000000e-2
-5.550000000000000e+0	4.974000000000000e-1	2.640000000000000e-2
-5.503999999999999e+0	5.281000000000000e-1	2.720000000000000e-2
-5.459000000000000e+0	5.505000000000000e-1	2.780000000000000e-2
-5.414000000000000e+0	5.350000000000000e-1	2.740000000000000e-2
-5.369000000000000e+0	4.955000000000000e-1	2.640000000000000e-2
-5.325000000000000e+0	5.052000000000000e-1	2.670000000000000e-2
-5.281000000000000e+0	5.518999999999999e-1	2.800000000000000e-2
-5.237000000000000e+0	4.964000000000000e-1	2.660000000000000e-2
-5.194000000000000e+0	4.749000000000000e-1	2.600000000000000e-2
-5.151000000000000e+0	5.275999999999999e-1	2.750000000000000e-2
-5.108000000000000e+0	5.447000000000000e-1	2.790000000000000e-2
-5.066000000000000e+0	5.130000000000000e-1	2.720000000000000e-2
-5.024000000000000e+0	5.114000000000000e-1	2.710000000000000e-2
-4.983000000000000e+0	4.795000000000000e-1	2.630000000000000e-2
-4.941000000000000e+0	4.821000000000000e-1	2.640000000000000e-2
-4.900000000000000e+0	4.979000000000000e-1	2.690000000000000e-2
-4.859000000000000e+0	5.253000000000000e-1	2.760000000000000e-2
-4.819000000000000e+0	5.265999999999999e-1	2.770000000000000e-2
-4.779000000000000e+0	5.133000000000000e-1	2.740000000000000e-2
-4.739000000000000e+0	4.941000000000000e-1	2.690000000000000e-2
-4.700000000000000e+0	5.879000000000000e-1	2.940000000000000e-2
-4.660000000000000e+0	5.127000000000001e-1	2.750000000000000e-2
-4.621000000000001e+0	5.258000000000001e-1	2.790000000000000e-2
-4.583000000000000e+0	5.434000000000000e-1	2.840000000000000e-2
-4.543999999999999e+0	5.477000000000000e-1	2.850000000000000e-2
-4.506000000000000e+0	5.326000000000000e-1	2.810000000000000e-2
-4.468000000000000e+0	5.086000000000001e-1	2.750000000000000e-2
-4.431000000000000e+0	5.068000000000000e-1	2.750000000000000e-2
-4.394000000000000e+0	5.275000000000000e-1	2.810000000000000e-2
-4.357000000000000e+0	4.913000000000000e-1	2.720000000000000e-2
-4.320000000000000e+0	5.572000000000000e-1	2.900000000000000e-2
-4.283000000000000e+0	5.253000000000000e-1	2.820000000000000e-2
-4.247000000000000e+0	5.826000000000000e-1	2.970000000000000e-2
-4.211000000000000e+0	5.188000000000000e-1	2.810000000000000e-2
-4.176000000000000e+0	5.641000000000001e-1	2.930000000000000e-2
-4.140000000000000e+0	5.426000000000000e-1	2.880000000000000e-2
-4.105000000000001e+0	5.407999999999999e-1	2.870000000000000e-2
-4.070000000000000e+0	5.008000000000000e-1	2.770000000000000e-2
-4.035000000000000e+0	4.943000000000000e-1	2.750000000000000e-2
-4.001000000000000e+0	5.324000000000000e-1	2.860000000000000e-2
-3.967000000000000e+0	5.537000000000000e-1	2.920000000000000e-2
-3.933000000000000e+0	4.622000000000000e-1	2.670000000000000e-2
-3.899000000000000e+0	5.268000000000001e-1	2.860000000000000e-2
-3.866000000000000e+0	5.326999999999999e-1	2.880000000000000e-2
-3.832000000000000e+0	5.074999999999999e-1	2.810000000000000e-2
-3.799000000000000e+0	5.259000000000000e-1	2.860000000000000e-2
-3.766000000000000e+0	5.224000000000000e-1	2.860000000000000e-2
-3.734000000000000e+0	5.361000000000000e-1	2.900000000000000e-2
-3.702000000000000e+0	5.074999999999999e-1	2.820000000000000e-2
-3.669000000000000e+0	5.607000000000000e-1	2.970000000000000e-2
-3.638000000000000e+0	5.178000000000000e-1	2.860000000000000e-2
-3.606000000000000e+0	5.285000000000000e-1	2.890000000000000e-2
-3.574000000000000e+0	5.503000000000000e-1	2.950000000000000e-2
-3.543000000000000e+0	4.991000000000000e-1	2.820000000000000e-2
-3.512000000000000e+0	6.149000000000000e-1	3.130000000000000e-2
-3.481000000000000e+0	5.237000000000001e-1	2.890000000000000e-2
-3.451000000000000e+0	5.153000000000000e-1	2.870000000000000e-2
-3.420000000000000e+0	4.571000000000000e-1	2.710000000000000e-2
-3.390000000000000e+0	5.611000000000001e-1	3.000000000000000e-2
-3.360000000000000e+0	5.124000000000000e-1	2.870000000000000e-2
-3.330000000000000e+0	5.652000000000000e-1	3.020000000000000e-2
-3.301000000000000e+0	6.005000000000000e-1	3.120000000000000e-2
-3.271000000000000e+0	5.093000000000000e-1	2.870000000000000e-2
-3.242000000000000e+0	5.560000000000001e-1	3.010000000000000e-2
-3.213000000000000e+0	5.295999999999999e-1	2.940000000000000e-2
-3.184000000000000e+0	5.503000000000000e-1	3.000000000000000e-2
-3.156000000000000e+0	5.629999999999999e-1	3.040000000000000e-2
-3.127000000000000e+0	5.215999999999999e-1	2.930000000000000e-2
-3.099000000000000e+0	5.457999999999999e-1	3.000000000000000e-2
-3.071000000000000e+0	5.404000000000000e-1	2.980000000000000e-2
-3.043000000000000e+0	5.515000000000000e-1	3.020000000000000e-2
-3.016000000000000e+0	5.377999999999999e-1	2.980000000000000e-2
-2.988000000000000e+0	5.290000000000000e-1	2.960000000000000e-2
-2.961000000000000e+0	5.950000000000000e-1	3.140000000000000e-2
-2.934000000000000e+0	5.346999999999999e-1	2.980000000000000e-2
-2.907000000000000e+0	5.091000000000000e-1	2.920000000000000e-2
-2.880000000000000e+0	6.022999999999999e-1	3.170000000000000e-2
-2.853000000000000e+0	5.684000000000000e-1	3.090000000000000e-2
-2.827000000000000e+0	5.477000000000000e-1	3.030000000000000e-2
-2.801000000000000e+0	5.506000000000000e-1	3.040000000000000e-2
-2.774000000000000e+0	5.906000000000000e-1	3.160000000000000e-2
-2.749000000000000e+0	5.225000000000000e-1	2.970000000000000e-2
-2.723000000000000e+0	5.474000000000000e-1	3.050000000000000e-2
-2.697000000000000e+0	5.265000000000000e-1	2.990000000000000e-2
-2.672000000000000e+0	5.480000000000001e-1	3.050000000000000e-2
-2.646000000000000e+0	5.900999999999999e-1	3.170000000000000e-2
-2.621000000000000e+0	5.384000000000000e-1	3.030000000000000e-2
-2.596000000000000e+0	5.601000000000001e-1	3.100000000000000e-2
-2.572000000000000e+0	6.248000000000000e-1	3.270000000000000e-2
-2.547000000000000e+0	5.470000000000001e-1	3.070000000000000e-2
-2.522000000000000e+0	5.981000000000000e-1	3.210000000000000e-2
-2.498000000000000e+0	6.270000000000000e-1	3.290000000000000e-2
-2.474000000000000e+0	5.366000000000000e-1	3.050000000000000e-2
-2.450000000000000e+0	5.516000000000000e-1	3.090000000000000e-2
-2.426000000000000e+0	5.754000000000000e-1	3.160000000000000e-2
-2.402000000000000e+0	5.940000000000000e-1	3.220000000000000e-2
-2.379000000000000e+0	5.497999999999999e-1	3.100000000000000e-2
-2.355000000000000e+0	5.615000000000000e-1	3.130000000000000e-2
-2.332000000000000e+0	5.556000000000000e-1	3.120000000000000e-2
-2.309000000000000e+0	5.392000000000000e-1	3.080000000000000e-2
-2.286000000000000e+0	5.527000000000000e-1	3.120000000000000e-2
-2.263000000000000e+0	5.362000000000000e-1	3.070000000000000e-2
-2.240000000000000e+0	5.548999999999999e-1	3.130000000000000e-2
-2.218000000000000e+0	5.880000000000000e-1	3.230000000000000e-2
-2.195000000000000e+0	5.412000000000000e-1	3.100000000000000e-2
-2.173000000000000e+0	5.672000000000000e-1	3.180000000000000e-2
-2.151000000000000e+0	6.504000000000000e-1	3.400000000000000e-2
-2.129000000000000e+0	5.588999999999999e-1	3.160000000000000e-2
-2.107000000000000e+0	5.672000000000000e-1	3.190000000000000e-2
-2.085000000000000e+0	6.274999999999999e-1	3.350000000000000e-2
-2.064000000000000e+0	5.891999999999999e-1	3.250000000000000e-2
-2.042000000000000e+0	5.688000000000000e-1	3.200000000000000e-2
-2.021000000000000e+0	6.168000000000000e-1	3.340000000000000e-2
-1.999000000000000e+0	6.162999999999999e-1	3.340000000000000e-2
-1.978000000000000e+0	5.849000000000000e-1	3.250000000000000e-2
-1.957000000000000e+0	6.369000000000000e-1	3.400000000000000e-2
-1.936000000000000e+0	5.782000000000001e-1	3.240000000000000e-2
-1.916000000000000e+0	5.320000000000000e-1	3.110000000000000e-2
-1.895000000000000e+0	6.060000000000000e-1	3.330000000000000e-2
-1.875000000000000e+0	5.615000000000000e-1	3.200000000000000e-2
-1.854000000000000e+0	5.718000000000000e-1	3.240000000000000e-2
-1.834000000000000e+0	6.060000000000000e-1	3.340000000000000e-2
-1.814000000000000e+0	5.869000000000000e-1	3.290000000000000e-2
-1.794000000000000e+0	5.769999999999999e-1	3.260000000000000e-2
-1.774000000000000e+0	6.059000000000000e-1	3.350000000000000e-2
-1.754000000000000e+0	5.830000000000000e-1	3.280000000000000e-2
-1.735000000000000e+0	6.045000000000000e-1	3.350000000000000e-2
-1.715000000000000e+0	6.112999999999999e-1	3.370000000000000e-2
-1.696000000000000e+0	5.901999999999999e-1	3.310000000000000e-2
-1.676000000000000e+0	5.727000000000000e-1	3.270000000000000e-2
-1.657000000000000e+0	6.168000000000000e-1	3.400000000000000e-2
-1.638000000000000e+0	6.367000000000001e-1	3.450000000000000e-2
-1.619000000000000e+0	5.666000000000000e-1	3.260000000000000e-2
-1.600000000000000e+0	6.166000000000000e-1	3.400000000000000e-2
-1.581000000000000e+0	6.121000000000000e-1	3.400000000000000e-2
-1.563000000000000e+0	5.944000000000000e-1	3.350000000000000e-2
-1.544000000000000e+0	6.145000000000001e-1	3.410000000000000e-2
-1.526000000000000e+0	5.948000000000000e-1	3.360000100000000e-2
-1.507000000000000e+0	5.960000000000000e-1	3.360000100000000e-2
-1.489000000000000e+0	6.293999999999999e-1	3.460000000000000e-2
-1.471000000000000e+0	6.135000000000001e-1	3.420000000000000e-2
-1.453000000000000e+0	5.860000000000000e-1	3.340000000000000e-2
-1.435000000000000e+0	5.986000000000000e-1	3.380000100000000e-2
-1.417000000000000e+0	6.323000000000000e-1	3.480000100000000e-2
-1.400000000000000e+0	5.913000000000001e-1	3.370000000000000e-2
-1.382000000000000e+0	6.059000000000000e-1	3.410000000000000e-2
-1.364000000000000e+0	6.282000000000000e-1	3.480000100000000e-2
-1.347000000000000e+0	6.505999999999999e-1	3.540000000000000e-2
-1.330000000000000e+0	6.538000000000001e-1	3.560000000000000e-2
-1.312000000000000e+0	6.783000000000000e-1	3.630000000000000e-2
-1.295000000000000e+0	6.252000000000000e-1	3.480000100000000e-2
-1.278000000000000e+0	6.263999999999999e-1	3.490000000000000e-2
-1.261000000000000e+0	6.548000000000001e-1	3.570000000000000e-2
-1.244000000000000e+0	6.599000000000001e-1	3.590000000000000e-2
-1.228000000000000e+0	6.533000000000000e-1	3.570000000000000e-2
-1.211000000000000e+0	6.525999999999999e-1	3.580000000000000e-2
-1.195000000000000e+0	6.459000000000000e-1	3.560000000000000e-2
-1.178000000000000e+0	7.081000099999999e-1	3.730000000000000e-2
-1.162000000000000e+0	6.148000000000000e-1	3.480000100000000e-2
-1.145000000000000e+0	6.258000000000000e-1	3.510000000000000e-2
-1.129000000000000e+0	6.112000000000000e-1	3.480000100000000e-2
-1.113000000000000e+0	6.222000000000000e-1	3.510000000000000e-2
-1.097000000000000e+0	6.710000000000001e-1	3.650000000000000e-2
-1.081000000000000e+0	6.583000000000000e-1	3.620000000000000e-2
-1.065000000000000e+0	6.216000000000001e-1	3.520000000000000e-2
-1.050000000000000e+0	6.687000000000000e-1	3.650000000000000e-2
-1.034000000000000e+0	6.659000000000001e-1	3.650000000000000e-2
-1.018000000000000e+0	6.731000000000000e-1	3.670000000000000e-2
-1.003000000000000e+0	6.262000000000000e-1	3.550000100000000e-2
-9.870000000000000e-1	6.876000000000000e-1	3.720000000000000e-2
-9.720000000000000e-1	7.573000000000000e-1	3.910000000000000e-2
-9.570000000000000e-1	7.567000000000000e-1	3.910000000000000e-2
-9.420000000000000e-1	7.378000000000000e-1	3.860000000000000e-2
-9.260000000000000e-1	6.824000000000000e-1	3.720000000000000e-2
-9.110000000000000e-1	6.776000000000000e-1	3.710000000000000e-2
-8.960000000000000e-1	6.564000000000000e-1	3.650000000000000e-2
-8.820000000000000e-1	6.780000000000001e-1	3.720000000000000e-2
-8.670000000000000e-1	7.383000000000000e-1	3.880000000000000e-2
-8.520000000000000e-1	7.070000000000000e-1	3.800000000000000e-2
-8.380000000000000e-1	6.980000099999999e-1	3.780000000000000e-2
-8.230000000000000e-1	6.869000099999999e-1	3.750000000000000e-2
-8.090000000000000e-1	7.395000000000000e-1	3.900000000000000e-2
-7.940000000000000e-1	6.707999999999999e-1	3.720000000000000e-2
-7.800000000000000e-1	6.761000000000000e-1	3.730000000000000e-2
-7.660000000000000e-1	7.496000000000000e-1	3.930000000000000e-2
-7.510000000000000e-1	6.515999999999999e-1	3.670000000000000e-2
-7.370000000000000e-1	7.729000000000000e-1	4.000000000000000e-2
-7.230000000000000e-1	7.785000000000000e-1	4.020000000000000e-2
-7.090000000000000e-1	7.257000000000000e-1	3.880000000000000e-2
-6.960000099999999e-1	7.583000000000000e-1	3.970000000000000e-2
-6.820000000000001e-1	7.512000000000000e-1	3.960000000000000e-2
-6.680000000000000e-1	7.484000000000000e-1	3.960000000000000e-2
-6.540000000000000e-1	7.622000000000000e-1	3.990000000000000e-2
-6.410000000000000e-1	7.426000000000000e-1	3.950000000000000e-2
-6.270000000000000e-1	8.111000000000000e-1	4.130000000000000e-2
-6.140000000000000e-1	8.925000000000000e-1	4.330000000000000e-2
-6.010000000000000e-1	8.455000000000000e-1	4.220000000000000e-2
-5.870000000000000e-1	7.519000000000000e-1	3.990000000000000e-2
-5.739999999999999e-1	8.759000000000000e-1	4.300000000000000e-2
-5.610000000000001e-1	9.135000000000000e-1	4.400000000000000e-2
-5.480000000000001e-1	8.789000000000000e-1	4.320000000000000e-2
-5.350000000000000e-1	8.443000000000000e-1	4.240000000000000e-2
-5.220000000000000e-1	8.862000000000000e-1	4.350000000000000e-2
-5.090000000000000e-1	9.261000000000000e-1	4.450000000000000e-2
-4.960000000000000e-1	9.341000000000000e-1	4.470000000000000e-2
-4.830000000000000e-1	1.023500000000000e+0	4.680000000000000e-2
-4.710000000000000e-1	1.018800000000000e+0	4.670000000000000e-2
-4.580000000000000e-1	1.016200000000000e+0	4.670000000000000e-2
-4.450000000000000e-1	1.037300000000000e+0	4.720000000000000e-2
-4.330000000000000e-1	1.112400000000000e+0	4.900000000000000e-2
-4.200000000000000e-1	1.004100000000000e+0	4.660000000000000e-2
-4.080000000000000e-1	1.101000000000000e+0	4.880000000000000e-2
-3.960000000000000e-1	1.126600000000000e+0	4.940000000000000e-2
-3.830000000000000e-1	1.100300000000000e+0	4.890000000000000e-2
-3.710000000000000e-1	1.173900000000000e+0	5.050000000000000e-2
-3.590000000000000e-1	1.278200000000000e+0	5.280000000000000e-2
-3.470000100000000e-1	1.267200000000000e+0	5.260000000000000e-2
-3.350000000000000e-1	1.267200000000000e+0	5.260000000000000e-2
-3.230000000000000e-1	1.407100000000000e+0	5.550000000000000e-2
-3.110000000000000e-1	1.554200000000000e+0	5.840000000000000e-2
-2.990000000000000e-1	1.543600000000000e+0	5.820000000000000e-2
-2.870000000000000e-1	1.695700000000000e+0	6.110000000000000e-2
-2.760000000000000e-1	1.793200000000000e+0	6.290000000000000e-2
-2.640000000000000e-1	1.798300000000000e+0	6.300000000000000e-2
-2.520000000000000e-1	2.305200000000000e+0	7.140000000000001e-2
-2.410000000000000e-1	2.236000000000000e+0	7.040000000000001e-2
-2.290000000000000e-1	2.590000000000000e+0	7.580000000000000e-2
-2.180000000000000e-1	2.931800000000000e+0	8.070000000000000e-2
-2.070000000000000e-1	3.027800000000000e+0	8.210000000000000e-2
-1.950000000000000e-1	3.438300000000000e+0	8.750000000000000e-2
-1.840000000000000e-1	3.772000000000000e+0	9.180000000000000e-2
-1.730000100000000e-1	4.294600000000000e+0	9.800000000000000e-2
-1.620000000000000e-1	4.928500000000000e+0	1.051000000000000e-1
-1.510000000000000e-1	6.793600000000000e+0	1.234000000000000e-1
-1.390000000000000e-1	1.281170000000000e+1	1.697000100000000e-1
-1.280000000000000e-1	2.928300000000000e+1	2.567000000000000e-1
-1.180000000000000e-1	6.565389999999999e+1	3.847000000000000e-1
-1.070000000000000e-1	1.312532000000000e+2	5.443000000000000e-1
-9.600000000000000e-2	2.348398000000000e+2	7.287000000000000e-1
-8.500000000000000e-2	3.769671000000000e+2	9.240000000000000e-1
-7.400000000000000e-2	5.519284000000000e+2	1.118900000000000e+0
-6.400000000000000e-2	7.423010000000000e+2	1.298600000000000e+0
-5.300000000000000e-2	9.220131000000000e+2	1.448500000000000e+0
-4.200000000000000e-2	1.069138700000000e+3	1.561000000000000e+0
-3.200000000000000e-2	1.154077500000000e+3	1.623100000000000e+0
-2.100000000000000e-2	1.166817000000000e+3	1.633300000000000e+0
-1.100000000000000e-2	1.108140500000000e+3	1.593000000000000e+0
-1.000000000000000e-3	9.835696000000000e+2	1.502000000000000e+0
1.000000000000000e-2	8.259040000000000e+2	1.377400000000000e+0
2.000000000000000e-2	6.443312000000000e+2	1.217600000000000e+0
3.000000000000000e-2	4.737200000000000e+2	1.044900000000000e+0
4.100000000000000e-2	3.233482000000000e+2	8.639000000000000e-1
5.100000000000000e-2	2.052856000000000e+2	6.889000099999999e-1
6.100000000000000e-2	1.224779000000000e+2	5.325000000000000e-1
7.100000099999999e-2	6.936620000000001e+1	4.011000000000000e-1
8.100000000000000e-2	3.820860000000000e+1	2.979000000000000e-1
9.100000000000000e-2	2.202120000000000e+1	2.263000000000000e-1
1.010000000000000e-1	1.382140000000000e+1	1.795000000000000e-1
1.100000000000000e-1	9.831500000000000e+0	1.515000000000000e-1
1.200000000000000e-1	8.372000000000000e+0	1.399000000000000e-1
1.300000000000000e-1	6.971100000000000e+0	1.277000000000000e-1
1.400000000000000e-1	6.405200000000000e+0	1.225000000000000e-1
1.490000000000000e-1	5.450000000000000e+0	1.131000000000000e-1
1.590000000000000e-1	5.202100000000000e+0	1.106000000000000e-1
1.690000000000000e-1	4.701300000000000e+0	1.052000000000000e-1
1.780000000000000e-1	4.439700000000000e+0	1.023000000000000e-1
1.880000000000000e-1	4.009400000000000e+0	9.730000000000000e-2
1.970000000000000e-1	3.899600000000000e+0	9.610000000000000e-2
2.070000000000000e-1	3.680500000000000e+0	9.340000000000000e-2
2.160000000000000e-1	3.401300000000000e+0	8.980000000000000e-2
2.250000000000000e-1	3.339900000000000e+0	8.910000000000000e-2
2.350000000000000e-1	3.156900000000000e+0	8.670000000000000e-2
2.440000000000000e-1	3.061600000000000e+0	8.540000000000000e-2
2.530000000000000e-1	3.059100000000000e+0	8.550000000000000e-2
2.620000000000000e-1	2.951300000000000e+0	8.400000000000000e-2
2.710000000000000e-1	2.975000000000000e+0	8.440000000000000e-2
2.800000000000000e-1	3.085000000000000e+0	8.600000000000000e-2
2.890000000000000e-1	3.060900000000000e+0	8.580000000000000e-2
2.980000000000000e-1	2.877800000000000e+0	8.320000000000000e-2
3.070000000000000e-1	2.976200000000000e+0	8.470000000000000e-2
3.160000000000000e-1	2.971000000000000e+0	8.470000000000000e-2
3.250000000000000e-1	3.089000000000000e+0	8.640000000000000e-2
3.340000000000000e-1	3.076700000000000e+0	8.630000000000000e-2
3.430000000000000e-1	3.142000000000000e+0	8.730000000000000e-2
3.520000100000000e-1	3.217100000000000e+0	8.840000000000000e-2
3.600000000000000e-1	3.192700000000000e+0	8.810000000000000e-2
3.690000000000000e-1	3.265700000000000e+0	8.920000000000000e-2
3.780000000000000e-1	3.251000000000000e+0	8.900000000000000e-2
3.860000000000000e-1	3.414600000000000e+0	9.130000000000000e-2
3.950000000000000e-1	3.275400000000000e+0	8.950000000000000e-2
4.030000000000000e-1	3.464000000000000e+0	9.210000000000000e-2
4.120000000000000e-1	3.523100000000000e+0	9.300000000000000e-2
4.200000000000000e-1	3.594600100000000e+0	9.400000000000000e-2
4.290000000000000e-1	3.873100000000000e+0	9.760000000000000e-2
4.370000000000000e-1	4.024200000000001e+0	9.960000000000000e-2
4.450000000000000e-1	4.007900000000000e+0	9.950000000000000e-2
4.540000000000000e-1	4.201600000000000e+0	1.019000000000000e-1
4.620000000000000e-1	4.509800000000000e+0	1.056000000000000e-1
4.700000000000000e-1	4.489100000000000e+0	1.055000000000000e-1
4.780000000000000e-1	4.709200000000000e+0	1.081000000000000e-1
4.860000000000000e-1	4.910000000000000e+0	1.105000000000000e-1
4.950000000000000e-1	4.827500000000000e+0	1.096000000000000e-1
5.030000000000000e-1	5.153700000000000e+0	1.134000000000000e-1
5.110000000000000e-1	5.293500000000000e+0	1.150000000000000e-1
5.190000000000000e-1	5.416300000000000e+0	1.164000000000000e-1
5.270000000000000e-1	5.569400000000000e+0	1.181000000000000e-1
5.350000000000000e-1	5.660200000000000e+0	1.191000000000000e-1
5.430000000000000e-1	5.954700000000000e+0	1.223000000000000e-1
5.500000000000001e-1	5.902999999999999e+0	1.218000000000000e-1
5.580000000000001e-1	6.102900000000000e+0	1.240000000000000e-1
5.659999999999999e-1	6.177300000000000e+0	1.248000000000000e-1
5.739999999999999e-1	6.368000000000000e+0	1.268000000000000e-1
5.820000000000000e-1	6.276000000000000e+0	1.260000000000000e-1
5.890000000000000e-1	6.794200000000000e+0	1.312000000000000e-1
5.970000000000000e-1	6.814100000000000e+0	1.315000000000000e-1
6.050000000000000e-1	6.724700000000000e+0	1.307000000000000e-1
6.120000000000000e-1	6.541000000000000e+0	1.290000000000000e-1
6.200000000000000e-1	6.387300000000000e+0	1.276000000000000e-1
6.270000000000000e-1	6.493300000000000e+0	1.287000000000000e-1
6.350000000000000e-1	6.586900000000000e+0	1.297000000000000e-1
6.420000000000000e-1	6.066600000000000e+0	1.246000000000000e-1
6.500000000000000e-1	5.813800000000000e+0	1.221000000000000e-1
6.570000000000000e-1	5.442300000000000e+0	1.182000000000000e-1
6.650000000000000e-1	5.550200000000000e+0	1.194000000000000e-1
6.720000000000001e-1	5.370200000000000e+0	1.175000000000000e-1
6.790000000000001e-1	5.035100000000000e+0	1.139000000000000e-1
6.860000000000001e-1	5.230600000000000e+0	1.162000000000000e-1
6.940000099999999e-1	4.765000000000000e+0	1.110000000000000e-1
7.010000099999999e-1	4.691499999999999e+0	1.102000000000000e-1
7.080000000000000e-1	4.607400000000000e+0	1.093000000000000e-1
7.150000000000000e-1	4.606100000000000e+0	1.093000000000000e-1
7.220000000000000e-1	4.565700000000000e+0	1.089000000000000e-1
7.300000000000000e-1	4.468000000000000e+0	1.078000000000000e-1
7.370000000000000e-1	4.349200000000000e+0	1.065000000000000e-1
7.440000000000000e-1	4.120400000000000e+0	1.037000000000000e-1
7.510000000000000e-1	4.217600000000000e+0	1.050000000000000e-1
7.580000000000000e-1	4.152800000000000e+0	1.042000000000000e-1
7.650000000000000e-1	4.305300000000000e+0	1.062000000000000e-1
7.720000000000000e-1	4.182700000000000e+0	1.048000000000000e-1
7.790000000000000e-1	4.083300000000000e+0	1.036000000000000e-1
7.850000000000000e-1	4.062700000000001e+0	1.034000000000000e-1
7.920000000000000e-1	4.157900000000000e+0	1.047000000000000e-1
7.990000000000000e-1	4.145100000000000e+0	1.046000000000000e-1
8.060000000000000e-1	3.913000000000000e+0	1.017000000000000e-1
8.130000000000000e-1	4.101000000000000e+0	1.042000000000000e-1
8.190000000000000e-1	3.963500000000000e+0	1.025000000000000e-1
8.260000000000000e-1	3.876100000000000e+0	1.014000000000000e-1
8.330000000000000e-1	4.078000000000000e+0	1.041000000000000e-1
8.390000000000000e-1	3.947900000000000e+0	1.025000000000000e-1
8.460000000000000e-1	3.862700000000000e+0	1.014000000000000e-1
8.530000000000000e-1	3.828000000000000e+0	1.010000000000000e-1
8.590000000000000e-1	3.905300000000000e+0	1.021000000000000e-1
8.660000000000000e-1	3.744700000000000e+0	1.001000000000000e-1
8.720000000000000e-1	3.824800000000000e+0	1.012000000000000e-1
8.790000000000000e-1	3.771000000000000e+0	1.006000000000000e-1
8.850000000000000e-1	3.585400000000000e+0	9.810000000000000e-2
8.920000000000000e-1	3.579500000000000e+0	9.810000000000000e-2
8.980000000000000e-1	3.611300000000000e+0	9.860000000000000e-2
9.040000000000000e-1	3.314100000000000e+0	9.450000000000000e-2
9.110000000000000e-1	3.421200100000000e+0	9.610000000000000e-2
9.170000000000000e-1	3.320300000000000e+0	9.470000000000000e-2
9.230000000000000e-1	3.511600000000000e+0	9.750000000000000e-2
9.300000000000000e-1	3.063600000000000e+0	9.110000000000000e-2
9.360000000000000e-1	3.040500000000000e+0	9.090000000000000e-2
9.420000000000000e-1	2.873300000000000e+0	8.840000000000000e-2
9.480000000000000e-1	2.809100000000000e+0	8.740000000000000e-2
9.550000000000000e-1	2.870100000000000e+0	8.850000000000000e-2
9.610000000000000e-1	2.688300000000000e+0	8.570000000000000e-2
9.670000000000000e-1	2.547100000000000e+0	8.340000000000000e-2
9.730000000000000e-1	2.591500000000000e+0	8.420000000000000e-2
9.790000000000000e-1	2.455200000000000e+0	8.200000000000000e-2
9.850000000000000e-1	2.359700000000000e+0	8.050000000000000e-2
9.910000000000000e-1	2.321600000000000e+0	7.990000000000000e-2
9.970000000000000e-1	2.401700000000000e+0	8.130000000000000e-2
1.003000000000000e+0	2.220300000000000e+0	7.820000000000000e-2
1.009000000000000e+0	2.237000000000000e+0	7.850000000000000e-2
1.015000000000000e+0	2.115600000000000e+0	7.640000000000000e-2
1.021000000000000e+0	2.038200000000000e+0	7.510000000000000e-2
1.027000000000000e+0	1.960600000000000e+0	7.370000000000000e-2
1.033000000000000e+0	1.954900000000000e+0	7.360000000000000e-2
1.039000000000000e+0	1.871300000000000e+0	7.210000000000000e-2
1.045000000000000e+0	1.904400000000000e+0	7.280000000000000e-2
1.050000000000000e+0	1.739800000000000e+0	6.960000099999999e-2
1.056000000000000e+0	1.917700000000000e+0	7.310000000000000e-2
1.062000000000000e+0	1.702500000000000e+0	6.890000000000000e-2
1.068000000000000e+0	1.886400000000000e+0	7.260000000000000e-2
1.073000000000000e+0	1.706900000000000e+0	6.910000099999999e-2
1.079000000000000e+0	1.807200000000000e+0	7.120000000000000e-2
1.085000000000000e+0	1.683300000000000e+0	6.870000000000000e-2
1.090000000000000e+0	1.761300000000000e+0	7.030000000000000e-2
1.096000000000000e+0	1.687700000000000e+0	6.890000000000000e-2
1.102000000000000e+0	1.616600000000000e+0	6.750000000000001e-2
1.107000000000000e+0	1.548200000000000e+0	6.610000000000001e-2
1.113000000000000e+0	1.558700000000000e+0	6.630000000000000e-2
1.118000000000000e+0	1.512600000000000e+0	6.540000000000000e-2
1.124000000000000e+0	1.446600000000000e+0	6.400000000000000e-2
1.129000000000000e+0	1.434300000000000e+0	6.379999999999999e-2
1.135000000000000e+0	1.393500000000000e+0	6.290000000000000e-2
1.140000000000000e+0	1.577200000000000e+0	6.690000000000000e-2
1.146000000000000e+0	1.496700000000000e+0	6.530000000000000e-2
1.151000000000000e+0	1.404600000000000e+0	6.329999999999999e-2
1.157000000000000e+0	1.543300000000000e+0	6.630000000000000e-2
1.162000000000000e+0	1.331000000000000e+0	6.170000000000000e-2
1.167000000000000e+0	1.501500000000000e+0	6.550000000000000e-2
1.173000000000000e+0	1.526300000000000e+0	6.610000000000001e-2
1.178000000000000e+0	1.390600000000000e+0	6.310000000000000e-2
1.183000000000000e+0	1.435400000000000e+0	6.419999999999999e-2
1.188000000000000e+0	1.480400000000000e+0	6.519999999999999e-2
1.194000000000000e+0	1.447700000000000e+0	6.460000000000001e-2
1.199000000000000e+0	1.409200000000000e+0	6.370000000000001e-2
1.204000000000000e+0	1.474400000000000e+0	6.519999999999999e-2
1.209000000000000e+0	1.493600000000000e+0	6.569999999999999e-2
1.215000000000000e+0	1.625600000000000e+0	6.860000099999999e-2
1.220000000000000e+0	1.743500000000000e+0	7.110000000000000e-2
1.225000000000000e+0	1.728300000000000e+0	7.080000000000000e-2
1.230000000000000e+0	1.765300000000000e+0	7.160000000000000e-2
1.235000000000000e+0	1.817000000000000e+0	7.270000000000000e-2
1.240000000000000e+0	1.793000000000000e+0	7.220000000000000e-2
1.245000000000000e+0	1.888500000000000e+0	7.420000000000000e-2
1.250000000000000e+0	2.051400000000000e+0	7.740000000000000e-2
1.255000000000000e+0	2.106500000000000e+0	7.840000000000000e-2
1.260000000000000e+0	2.071100000000000e+0	7.780000000000000e-2
1.265000000000000e+0	2.170300000000000e+0	7.970000000000000e-2
1.270000000000000e+0	2.390000000000000e+0	8.370000000000000e-2
1.275000000000000e+0	2.231500000000000e+0	8.090000000000000e-2
1.280000000000000e+0	2.272500000000000e+0	8.170000000000000e-2
1.285000000000000e+0	2.398900000000000e+0	8.400000000000000e-2
1.290000000000000e+0	2.407800000000000e+0	8.420000000000000e-2
1.295000000000000e+0	2.493300000000000e+0	8.580000000000000e-2
1.300000000000000e+0	2.413700000000000e+0	8.440000000000000e-2
1.304000000000000e+0	2.552700000000000e+0	8.690000000000000e-2
1.309000000000000e+0	2.523300000000000e+0	8.650000000000000e-2
1.314000000000000e+0	2.576800000000000e+0	8.740000000000000e-2
1.319000000000000e+0	2.689800000000000e+0	8.940000000000000e-2
1.324000000000000e+0	2.470100000000000e+0	8.570000000000000e-2
1.328000000000000e+0	2.369000000000000e+0	8.400000000000000e-2
1.333000000000000e+0	2.425500000000000e+0	8.500000000000000e-2
1.338000000000000e+0	2.628400000000000e+0	8.860000000000000e-2
1.343000000000000e+0	2.389600000000000e+0	8.450000000000000e-2
1.347000000000000e+0	2.263900000000000e+0	8.230000000000000e-2
1.352000000000000e+0	2.380400000000000e+0	8.440000000000000e-2
1.357000000000000e+0	2.314400000000000e+0	8.330000000000000e-2
1.361000000000000e+0	2.341200000000000e+0	8.380000000000000e-2
1.366000000000000e+0	2.211800000000000e+0	8.150000000000000e-2
1.370000000000000e+0	2.012900000000000e+0	7.780000000000000e-2
1.375000000000000e+0	2.006300000000000e+0	7.770000000000000e-2
1.379000000000000e+0	2.035800000000000e+0	7.840000000000000e-2
1.384000000000000e+0	1.983900000000000e+0	7.740000000000000e-2
1.389000000000000e+0	1.980300000000000e+0	7.740000000000000e-2
1.393000000000000e+0	1.928200000000000e+0	7.640000000000000e-2
1.398000000000000e+0	1.818300000000000e+0	7.420000000000000e-2
1.402000000000000e+0	1.750700000000000e+0	7.290000000000000e-2
1.407000000000000e+0	1.792300000000000e+0	7.380000000000000e-2
1.411000000000000e+0	1.685000000000000e+0	7.160000000000000e-2
1.415000000000000e+0	1.516500000000000e+0	6.800000000000001e-2
1.420000000000000e+0	1.725600000000000e+0	7.250000000000000e-2
1.424000000000000e+0	1.471200000000000e+0	6.700000000000000e-2
1.429000000000000e+0	1.531000000000000e+0	6.840000000000000e-2
1.433000000000000e+0	1.447200000000000e+0	6.650000000000000e-2
1.437000000000000e+0	1.458100000000000e+0	6.680000000000000e-2
1.442000000000000e+0	1.475200000000000e+0	6.730000000000000e-2
1.446000000000000e+0	1.498400000000000e+0	6.780000000000000e-2
1.450000000000000e+0	1.414100000000000e+0	6.590000000000000e-2
1.455000000000000e+0	1.421900000000000e+0	6.610000000000001e-2
1.459000000000000e+0	1.429800000000000e+0	6.640000000000000e-2
1.463000000000000e+0	1.357400000000000e+0	6.469999999999999e-2
1.467000000000000e+0	1.476400000000000e+0	6.750000000000001e-2
1.472000000000000e+0	1.360600000000000e+0	6.490000000000000e-2
1.476000000000000e+0	1.362200000000000e+0	6.490000000000000e-2
1.480000000000000e+0	1.128200000000000e+0	5.910000000000000e-2
1.484000000000000e+0	1.365400000000000e+0	6.510000000000001e-2
1.488000000000000e+0	1.270700000000000e+0	6.279999999999999e-2
1.493000000000000e+0	1.269100000000000e+0	6.279999999999999e-2
1.497000000000000e+0	1.251800000000000e+0	6.240000000000000e-2
1.501000000000000e+0	1.147300000000000e+0	5.980000000000000e-2
1.505000000000000e+0	1.186100000000000e+0	6.090000000000000e-2
1.509000000000000e+0	1.321900000000000e+0	6.430000000000000e-2
1.513000000000000e+0	1.292100000000000e+0	6.360000000000000e-2
1.517000000000000e+0	1.133900000000000e+0	5.960000000000000e-2
1.521000000000000e+0	1.273100000000000e+0	6.320000000000001e-2
1.525000000000000e+0	1.258900000000000e+0	6.290000000000000e-2
1.529000000000000e+0	1.232100000000000e+0	6.220000000000000e-2
1.533000000000000e+0	1.271300000000000e+0	6.329999999999999e-2
1.537000000000000e+0	1.190800000000000e+0	6.130000000000000e-2
1.541000000000000e+0	1.141700000000000e+0	6.000000000000000e-2
1.545000000000000e+0	1.190400000000000e+0	6.130000000000000e-2
1.549000000000000e+0	1.172800000000000e+0	6.090000000000000e-2
1.553000000000000e+0	1.221600000000000e+0	6.220000000000000e-2
1.557000000000000e+0	1.219900000000000e+0	6.220000000000000e-2
1.561000000000000e+0	1.164200000000000e+0	6.080000000000000e-2
1.565000000000000e+0	1.178200000000000e+0	6.120000000000000e-2
1.569000000000000e+0	1.189100000000000e+0	6.150000000000000e-2
1.573000000000000e+0	1.273200000000000e+0	6.370000000000001e-2
1.577000000000000e+0	1.134500000000000e+0	6.010000000000000e-2
1.581000000000000e+0	1.221900000000000e+0	6.240000000000000e-2
1.584000000000000e+0	1.124300000000000e+0	5.990000000000000e-2
1.588000000000000e+0	1.109500000000000e+0	5.960000000000000e-2
1.592000000000000e+0	1.174800000000000e+0	6.130000000000000e-2
1.596000000000000e+0	1.121700000000000e+0	6.000000000000000e-2
1.600000000000000e+0	1.145400000000000e+0	6.060000000000000e-2
1.603000000000000e+0	1.188500000000000e+0	6.180000000000000e-2
1.607000000000000e+0	1.080500000000000e+0	5.890000000000000e-2
1.611000000000000e+0	1.075300000000000e+0	5.880000000000000e-2
1.615000000000000e+0	1.218300000000000e+0	6.270000000000001e-2
1.618000000000000e+0	1.245500000000000e+0	6.340000000000000e-2
1.622000000000000e+0	1.179000000000000e+0	6.170000000000000e-2
1.626000000000000e+0	1.073600000000000e+0	5.890000000000000e-2
1.630000000000000e+0	1.048900000000000e+0	5.830000000000000e-2
1.633000000000000e+0	1.050100000000000e+0	5.830000000000000e-2
1.637000000000000e+0	1.132400000000000e+0	6.060000000000000e-2
1.641000000000000e+0	1.146700000000000e+0	6.100000000000000e-2
1.644000000000000e+0	1.066700000000000e+0	5.890000000000000e-2
1.648000000000000e+0	1.035300000000000e+0	5.810000000000000e-2
1.651000000000000e+0	1.062500000000000e+0	5.890000000000000e-2
1.655000000000000e+0	1.076800000000000e+0	5.930000000000000e-2
1.659000000000000e+0	1.146500000000000e+0	6.120000000000000e-2
1.662000000000000e+0	1.210000000000000e+0	6.290000000000000e-2
1.666000000000000e+0	1.106500000000000e+0	6.020000000000000e-2
1.669000000000000e+0	1.222500000000000e+0	6.329999999999999e-2
1.673000000000000e+0	1.125400000000000e+0	6.080000000000000e-2
1.676000000000000e+0	1.093800000000000e+0	5.990000000000000e-2
1.680000000000000e+0	1.131200000000000e+0	6.100000000000000e-2
1.683000000000000e+0	1.129100000000000e+0	6.100000000000000e-2
1.687000000000000e+0	1.087500000000000e+0	5.990000000000000e-2
1.690000000000000e+0	1.151400000000000e+0	6.160000000000000e-2
1.694000000000000e+0	1.076700000000000e+0	5.960000000000000e-2
1.697000000000000e+0	1.239900000000000e+0	6.400000000000000e-2
1.701000000000000e+0	1.204900000000000e+0	6.310000000000000e-2
1.704000000000000e+0	1.123300000000000e+0	6.100000000000000e-2
1.708000000000000e+0	1.164400000000000e+0	6.220000000000000e-2
1.711000000000000e+0	1.009600000000000e+0	5.790000000000000e-2
1.715000000000000e+0	1.107100000000000e+0	6.070000000000000e-2
1.718000000000000e+0	1.055100000000000e+0	5.930000000000000e-2
1.721000000000000e+0	1.049500000000000e+0	5.910000000000000e-2
1.725000000000000e+0	1.104000000000000e+0	6.070000000000000e-2
1.728000000000000e+0	1.098600000000000e+0	6.060000000000000e-2
1.731000000000000e+0	1.236800000000000e+0	6.430000000000000e-2
1.735000000000000e+0	1.087600000000000e+0	6.030000000000000e-2
1.738000000000000e+0	1.041800000000000e+0	5.910000000000000e-2
1.741000000000000e+0	1.170400000000000e+0	6.260000000000000e-2
1.745000000000000e+0	1.081000000000000e+0	6.020000000000000e-2
1.748000000000000e+0	1.109100000000000e+0	6.110000000000000e-2
1.751000100000000e+0	1.143900000000000e+0	6.200000000000000e-2
1.755000100000000e+0	1.209200000000000e+0	6.379999999999999e-2
1.758000000000000e+0	1.065500000000000e+0	5.990000000000000e-2
1.761000100000000e+0	1.097000000000000e+0	6.080000000000000e-2
1.764000000000000e+0	1.148900000000000e+0	6.230000000000000e-2
1.768000000000000e+0	1.035100000000000e+0	5.920000000000000e-2
1.771000000000000e+0	1.073500000000000e+0	6.030000000000000e-2
1.774000000000000e+0	1.098300000000000e+0	6.100000000000000e-2
1.777000000000000e+0	1.045200000000000e+0	5.960000000000000e-2
1.780000000000000e+0	1.134700000000000e+0	6.210000000000000e-2
1.784000000000000e+0	1.105300000000000e+0	6.130000000000000e-2
1.787000000000000e+0	1.062200000000000e+0	6.010000000000000e-2
1.790000000000000e+0	1.056500000000000e+0	6.000000000000000e-2
1.793000000000000e+0	1.081500000000000e+0	6.070000000000000e-2
1.796000000000000e+0	1.038300000000000e+0	5.950000000000000e-2
1.799000000000000e+0	1.183000000000000e+0	6.360000000000000e-2
1.802000000000000e+0	1.108900000000000e+0	6.160000000000000e-2
1.806000000000000e+0	1.086100000000000e+0	6.100000000000000e-2
1.809000000000000e+0	1.155900000000000e+0	6.300000000000000e-2
1.812000000000000e+0	1.129600000000000e+0	6.230000000000000e-2
1.815000000000000e+0	1.216700000000000e+0	6.469999999999999e-2
1.818000000000000e+0	1.018500000000000e+0	5.920000000000000e-2
1.821000000000000e+0	1.071200000000000e+0	6.070000000000000e-2
1.824000000000000e+0	1.151600000000000e+0	6.300000000000000e-2
1.827000000000000e+0	1.104500000000000e+0	6.170000000000000e-2
1.830000000000000e+0	1.060800000000000e+0	6.050000000000000e-2
1.833000000000000e+0	1.124100000000000e+0	6.240000000000000e-2
1.836000000000000e+0	1.111500000000000e+0	6.200000000000000e-2
1.839000000000000e+0	1.168100000000000e+0	6.360000000000000e-2
1.842000000000000e+0	1.040900000000000e+0	6.010000000000000e-2
1.845000000000000e+0	1.132300000000000e+0	6.270000000000001e-2
1.848000000000000e+0	1.098700000000000e+0	6.180000000000000e-2
1.851000000000000e+0	1.040700000000000e+0	6.020000000000000e-2
1.854000000000000e+0	1.118500000000000e+0	6.240000000000000e-2
1.857000000000000e+0	1.091700000000000e+0	6.170000000000000e-2
1.860000000000000e+0	1.040500000000000e+0	6.030000000000000e-2
1.863000000000000e+0	1.083500000000000e+0	6.150000000000000e-2
1.866000000000000e+0	1.186100000000000e+0	6.440000000000000e-2
1.869000000000000e+0	1.099800000000000e+0	6.210000000000000e-2
1.872000000000000e+0	1.167500000000000e+0	6.400000000000000e-2
1.875000000000000e+0	1.256500000000000e+0	6.640000000000000e-2
1.877000000000000e+0	1.127800000000000e+0	6.290000000000000e-2
1.880000000000000e+0	1.107900000000000e+0	6.240000000000000e-2
1.883000000000000e+0	1.059700000000000e+0	6.110000000000000e-2
1.886000000000000e+0	1.103100000000000e+0	6.230000000000000e-2
1.889000000000000e+0	9.984000000000000e-1	5.930000000000000e-2
1.892000000000000e+0	1.140700000000000e+0	6.350000000000000e-2
1.895000000000000e+0	1.148900000000000e+0	6.370000000000001e-2
1.897000000000000e+0	1.284600000000000e+0	6.740000000000000e-2
1.900000000000000e+0	1.084000000000000e+0	6.200000000000000e-2
1.903000000000000e+0	1.170200000000000e+0	6.440000000000000e-2
1.906000000000000e+0	1.096800000000000e+0	6.240000000000000e-2
1.909000000000000e+0	1.183200000000000e+0	6.480000000000000e-2
1.911000000000000e+0	1.095500000000000e+0	6.240000000000000e-2
1.914000000000000e+0	1.153600000000000e+0	6.410000000000001e-2
1.917000000000000e+0	1.112000000000000e+0	6.300000000000000e-2
1.920000000000000e+0	1.166700000000000e+0	6.450000000000000e-2
1.922000000000000e+0	1.178600000000000e+0	6.490000000000000e-2
1.925000000000000e+0	1.097500000000000e+0	6.260000000000000e-2
1.928000000000000e+0	1.127300000000000e+0	6.350000000000000e-2
1.931000000000000e+0	1.189300000000000e+0	6.530000000000000e-2
1.933000000000000e+0	1.090100000000000e+0	6.250000000000000e-2
1.936000000000000e+0	1.091200000000000e+0	6.260000000000000e-2
1.939000000000000e+0	1.146200000000000e+0	6.419999999999999e-2
1.941000000000000e+0	1.302100000000000e+0	6.840000000000000e-2
1.944000000000000e+0	1.145000000000000e+0	6.419999999999999e-2
1.947000000000000e+0	1.247000000000000e+0	6.700000000000000e-2
1.949000000000000e+0	1.186900000000000e+0	6.540000000000000e-2
1.952000000000000e+0	1.318100000000000e+0	6.900000000000001e-2
1.955000000000000e+0	1.164000000000000e+0	6.490000000000000e-2
1.957000000000000e+0	1.234000000000000e+0	6.680000000000000e-2
1.960000000000000e+0	1.369200000000000e+0	7.040000000000001e-2
1.963000000000000e+0	1.283600000000000e+0	6.820000000000000e-2
1.965000000000000e+0	1.328400000000000e+0	6.940000000000000e-2
1.968000000000000e+0	1.278900000000000e+0	6.820000000000000e-2
1.971000000000000e+0	1.254700000000000e+0	6.760000099999999e-2
1.973000000000000e+0	1.357900000000000e+0	7.030000000000000e-2
1.976000000000000e+0	1.253500000000000e+0	6.760000099999999e-2
1.978000000000000e+0	1.356900000000000e+0	7.030000000000000e-2
1.981000000000000e+0	1.394800000000000e+0	7.140000000000001e-2
1.983000000000000e+0	1.425400000000000e+0	7.220000000000000e-2
1.986000000000000e+0	1.361000000000000e+0	7.060000000000000e-2
1.989000000000000e+0	1.527100000000000e+0	7.480000000000000e-2
1.991000000000000e+0	1.385700000000000e+0	7.130000000000000e-2
1.994000000000000e+0	1.482500000000000e+0	7.380000000000000e-2
1.996000000000000e+0	1.432500000000000e+0	7.250000000000000e-2
1.999000000000000e+0	1.386100000000000e+0	7.140000000000001e-2
2.001000000000000e+0	1.365400000000000e+0	7.090000000000001e-2
2.004000000000000e+0	1.422000000000000e+0	7.240000000000000e-2
2.006000000000000e+0	1.353300000000000e+0	7.060000000000000e-2
2.009000000000000e+0	1.568800000000000e+0	7.610000000000000e-2
2.011000000000000e+0	1.570300000000000e+0	7.620000000000000e-2
2.014000000000000e+0	1.608800000000000e+0	7.710000000000000e-2
2.016000000000000e+0	1.573400000000000e+0	7.630000000000000e-2
2.019000000000000e+0	1.582300000000000e+0	7.660000000000000e-2
2.021000000000000e+0	1.684100000000000e+0	7.900000000000000e-2
2.023000000000000e+0	1.581700000000000e+0	7.660000000000000e-2
2.026000000000000e+0	1.572100000000000e+0	7.640000000000000e-2
2.028000000000000e+0	1.733600000000000e+0	8.030000000000000e-2
2.031000000000000e+0	1.735300000000000e+0	8.040000000000000e-2
2.033000000000000e+0	1.606600000000000e+0	7.740000000000000e-2
2.036000000000000e+0	1.559600000000000e+0	7.630000000000000e-2
2.038000000000000e+0	1.721700000000000e+0	8.020000000000000e-2
2.040000000000000e+0	1.697200000000000e+0	7.970000000000000e-2
2.043000000000000e+0	1.695100000000000e+0	7.960000000000000e-2
2.045000000000000e+0	1.764200000000000e+0	8.130000000000000e-2
2.047000000000000e+0	1.829700000000000e+0	8.280000000000000e-2
2.050000000000000e+0	1.722600000000000e+0	8.040000000000000e-2
2.052000000000000e+0	1.806900000000000e+0	8.240000000000000e-2
2.055000000000000e+0	1.823700000000000e+0	8.280000000000000e-2
2.057000000000000e+0	1.866900000000000e+0	8.380000000000000e-2
2.059000000000000e+0	1.895000000000000e+0	8.450000000000000e-2
2.062000000000000e+0	1.945900000000000e+0	8.570000000000000e-2
2.064000000000000e+0	1.947800000000000e+0	8.580000000000000e-2
2.066000000000000e+0	1.877800000000000e+0	8.420000000000000e-2
2.069000000000000e+0	1.913700000000000e+0	8.510000000000000e-2
2.071000000000000e+0	2.025300000000000e+0	8.760000000000000e-2
2.073000000000000e+0	1.985600000000000e+0	8.670000000000000e-2
2.075000000000000e+0	2.173300000000000e+0	9.080000000000000e-2
2.078000000000000e+0	2.069100000000000e+0	8.860000000000000e-2
2.080000000000000e+0	2.143300000000000e+0	9.030000000000000e-2
2.082000000000000e+0	2.042600000000000e+0	8.820000000000000e-2
2.085000000000000e+0	2.067400000000000e+0	8.870000000000000e-2
2.087000000000000e+0	2.099900000000000e+0	8.940000000000000e-2
2.089000000000000e+0	1.976000000000000e+0	8.680000000000000e-2
2.091000000000000e+0	2.134400000000000e+0	9.030000000000000e-2
2.094000000000000e+0	2.086800000000000e+0	8.930000000000000e-2
2.096000000000000e+0	2.100200000000000e+0	8.960000000000000e-2
2.098000000000000e+0	2.251500000000000e+0	9.280000000000000e-2
2.100000000000000e+0	2.246000000000000e+0	9.280000000000000e-2
2.102000000000000e+0	2.286500000000000e+0	9.370000000000000e-2
2.105000000000000e+0	2.081300000000000e+0	8.940000000000000e-2
2.107000000000000e+0	2.310000000000000e+0	9.420000000000000e-2
2.109000000000000e+0	2.169900000000000e+0	9.140000000000000e-2
2.111000000000000e+0	2.299000000000000e+0	9.410000000000000e-2
2.113000000000000e+0	2.062200000000000e+0	8.920000000000000e-2
2.116000000000000e+0	2.376600000000000e+0	9.580000000000000e-2
2.118000000000000e+0	2.479300000000000e+0	9.780000000000000e-2
2.120000000000000e+0	2.180100000000000e+0	9.180000000000000e-2
2.122000000000000e+0	2.275000000000000e+0	9.380000000000000e-2
2.124000000000000e+0	2.157100000000000e+0	9.140000000000000e-2
2.126000000000000e+0	2.147500000000000e+0	9.120000000000000e-2
2.129000000000000e+0	2.273700000000000e+0	9.390000000000000e-2
2.131000000000000e+0	2.322400000000000e+0	9.500000000000000e-2
2.133000000000000e+0	2.153500000000000e+0	9.150000000000000e-2
2.135000000000000e+0	2.311200000000000e+0	9.480000000000000e-2
2.137000000000000e+0	2.313300000000000e+0	9.490000000000000e-2
2.139000000000000e+0	2.362300000000000e+0	9.600000000000000e-2
2.141000000000000e+0	2.337200000000000e+0	9.550000000000000e-2
2.143000000000000e+0	2.374500000000000e+0	9.630000000000000e-2
2.146000000000000e+0	2.490000000000000e+0	9.870000000000000e-2
2.148000000000000e+0	2.547100000000000e+0	9.980000000000000e-2
2.150000000000000e+0	2.482900000000000e+0	9.860000000000000e-2
2.152000000000000e+0	2.485200000000000e+0	9.870000000000000e-2
2.154000000000000e+0	2.467900000000000e+0	9.840000000000000e-2
2.156000000000000e+0	2.478000000000000e+0	9.860000000000000e-2
2.158000000000000e+0	2.362400000000000e+0	9.640000000000000e-2
2.160000000000000e+0	2.506200000000000e+0	9.930000000000000e-2
2.162000000000000e+0	2.378600000000000e+0	9.680000000000000e-2
2.164000000000000e+0	2.361100000000000e+0	9.650000000000000e-2
2.166000000000000e+0	2.560500000000000e+0	1.005000000000000e-1
2.168000000000000e+0	2.397000000000000e+0	9.730000000000000e-2
2.170000000000000e+0	2.328100000000000e+0	9.590000000000000e-2
2.172000000000000e+0	2.547800000000000e+0	1.004000000000000e-1
2.174000000000000e+0	2.431300000000000e+0	9.810000000000000e-2
2.176000000000000e+0	2.655500000000000e+0	1.026000000000000e-1
2.178000000000000e+0	2.578600000000000e+0	1.011000000000000e-1
2.180000000000000e+0	2.422100000000000e+0	9.810000000000000e-2
2.182000000000000e+0	2.539600000000000e+0	1.005000000000000e-1
2.184000000000000e+0	2.538000000000000e+0	1.005000000000000e-1
2.186000000000000e+0	2.532300000000000e+0	1.004000000000000e-1
2.188000000000000e+0	2.359300000000000e+0	9.700000000000000e-2
2.190000000000000e+0	2.453200000000000e+0	9.890000000000000e-2
2.192000000000000e+0	2.615100000000000e+0	1.022000000000000e-1
2.194000000000000e+0	2.461600000000000e+0	9.920000000000000e-2
2.196000000000000e+0	2.575900000000000e+0	1.015000000000000e-1
2.198000000000000e+0	2.506100000000000e+0	1.002000000000000e-1
2.200000000000000e+0	2.476300000000000e+0	9.960000000000000e-2
2.202000000000000e+0	2.623000000000000e+0	1.026000000000000e-1
2.204000000000000e+0	2.288100000000000e+0	9.580000000000000e-2
2.206000000000000e+0	2.515200000000000e+0	1.005000000000000e-1
2.208000000000000e+0	2.497400000000000e+0	1.002000000000000e-1
2.210000000000000e+0	2.684800000000000e+0	1.040000000000000e-1
2.212000000000000e+0	2.518000000000000e+0	1.007000000000000e-1
2.213000000000000e+0	2.375100000000000e+0	9.790000000000000e-2
2.215000000000000e+0	2.393400000000000e+0	9.830000000000000e-2
2.217000000000000e+0	2.415700000000000e+0	9.880000000000000e-2
2.219000000000000e+0	2.389600000000000e+0	9.830000000000000e-2
2.221000000000000e+0	2.452500000000000e+0	9.960000000000000e-2
2.223000000000000e+0	2.013100000000000e+0	9.030000000000000e-2
