-4.470490000000000e+2	1.408000000000000e-1	6.600000000000000e-3
-4.307840000000000e+2	1.331000000000000e-1	6.400000000000000e-3
-4.153850000000000e+2	1.342000000000000e-1	6.500000000000000e-3
-4.007910000000000e+2	1.486000000000000e-1	6.900000000000000e-3
-3.869460000000000e+2	1.324000000000000e-1	6.600000000000000e-3
-3.738020000000000e+2	1.434000000000000e-1	6.900000000000000e-3
-3.613100000000000e+2	1.387000000000000e-1	6.900000000000000e-3
-3.494290100000000e+2	1.452000000000000e-1	7.100000000000001e-3
-3.381200000000000e+2	1.349000000000000e-1	6.900000000000000e-3
-3.273460000000000e+2	1.671000000000000e-1	7.700000000000000e-3
-3.170740000000000e+2	1.389000000000000e-1	7.100000000000001e-3
-3.072730000000000e+2	1.436000000000000e-1	7.300000000000000e-3
-2.979150000000000e+2	1.650000000000000e-1	7.900000000000000e-3
-2.889740000000000e+2	1.561000000000000e-1	7.700000000000000e-3
-2.804260000000000e+2	1.642000000000000e-1	8.000000000000000e-3
-2.722460000000000e+2	1.537000000000000e-1	7.800000000000000e-3
-2.644160000000000e+2	1.507000000000000e-1	7.800000000000000e-3
-2.569150000000000e+2	1.795000000000000e-1	8.500000000000000e-3
-2.497250000000000e+2	1.612000000000000e-1	8.100000000000000e-3
-2.428280000000000e+2	1.767000000000000e-1	8.600000000000000e-3
-2.362100000000000e+2	1.674000000000000e-1	8.400000000000000e-3
-2.298560000000000e+2	1.875000000000000e-1	8.900000000000000e-3
-2.237500000000000e+2	1.754000000000000e-1	8.700000000000000e-3
-2.178820000000000e+2	1.759000000000000e-1	8.800000000000000e-3
-2.122380000000000e+2	1.871000000000000e-1	9.100000000000000e-3
-2.068080000000000e+2	1.890000000000000e-1	9.200000000000000e-3
-2.015800000000000e+2	1.800000000000000e-1	9.100000000000000e-3
-1.965450000000000e+2	1.970000000000000e-1	9.500000000000000e-3
-1.916940000000000e+2	2.013000000000000e-1	9.700000000000000e-3
-1.870170000000000e+2	2.052000000000000e-1	9.800000000000000e-3
-1.825060000000000e+2	1.809000000000000e-1	9.300000000000000e-3
-1.781540000000000e+2	1.981000000000000e-1	9.800000000000000e-3
-1.739530000000000e+2	1.994000000000000e-1	9.900000000000002e-3
-1.698960100000000e+2	1.938000000000000e-1	9.800000000000000e-3
-1.659770000000000e+2	2.091000000000000e-1	1.020000000000000e-2
-1.621890000000000e+2	2.019000000000000e-1	1.010000000000000e-2
-1.585270000000000e+2	2.051000000000000e-1	1.030000000000000e-2
-1.549860000000000e+2	2.023000000000000e-1	1.020000000000000e-2
-1.515590000000000e+2	2.191000000000000e-1	1.070000000000000e-2
-1.482430000000000e+2	2.162000000000000e-1	1.070000000000000e-2
-1.450320000000000e+2	2.175000000000000e-1	1.080000000000000e-2
-1.419220000000000e+2	2.085000000000000e-1	1.060000000000000e-2
-1.389080000000000e+2	2.227000000000000e-1	1.100000000000000e-2
-1.359880000000000e+2	2.255000000000000e-1	1.120000000000000e-2
-1.331570000000000e+2	2.084000000000000e-1	1.080000000000000e-2
-1.304110000000000e+2	2.302000000000000e-1	1.140000000000000e-2
-1.277470000000000e+2	2.348000000000000e-1	1.160000000000000e-2
-1.251620000000000e+2	2.469000000000000e-1	1.190000000000000e-2
-1.226530000000000e+2	2.285000000000000e-1	1.150000000000000e-2
-1.202160000000000e+2	2.419000000000000e-1	1.190000000000000e-2
-1.178500000000000e+2	2.247000000000000e-1	1.150000000000000e-2
-1.155510000000000e+2	2.561000000000000e-1	1.240000000000000e-2
-1.133170000000000e+2	2.356000000000000e-1	1.190000000000000e-2
-1.111450000000000e+2	2.397000000000000e-1	1.210000000000000e-2
-1.090340000000000e+2	2.462000000000000e-1	1.230000000000000e-2
-1.069800000000000e+2	2.485000000000000e-1	1.240000000000000e-2
-1.049820000000000e+2	2.327000000000000e-1	1.210000000000000e-2
-1.030380000000000e+2	2.518000000000000e-1	1.260000000000000e-2
-1.011460000000000e+2	2.375000000000000e-1	1.230000000000000e-2
-9.930400000000000e+1	2.487000000000000e-1	1.270000000000000e-2
-9.751000000000000e+1	2.658000000000000e-1	1.310000000000000e-2
-9.576300000000000e+1	2.433000000000000e-1	1.260000000000000e-2
-9.406100000000000e+1	2.460000000000000e-1	1.270000000000000e-2
-9.240200000000000e+1	2.708000000000000e-1	1.340000000000000e-2
-9.078600000000000e+1	2.342000000000000e-1	1.260000000000000e-2
-8.921000000000000e+1	2.734000000000000e-1	1.360000000000000e-2
-8.767300000000000e+1	2.552000000000000e-1	1.320000000000000e-2
-8.617500000000000e+1	2.553000000000000e-1	1.330000000000000e-2
-8.471300000000000e+1	2.706000000000000e-1	1.370000000000000e-2
-8.328600000000000e+1	2.728000000000000e-1	1.380000000000000e-2
-8.189500000000000e+1	2.708000000000000e-1	1.380000000000000e-2
-8.053600000000000e+1	2.552000000000000e-1	1.350000000000000e-2
-7.920900000000000e+1	2.802000000000000e-1	1.420000000000000e-2
-7.791400000000000e+1	2.744000000000000e-1	1.410000000000000e-2
-7.664900000000000e+1	2.533000000000000e-1	1.360000000000000e-2
-7.541400000000000e+1	2.707000000000000e-1	1.410000000000000e-2
-7.420700000000000e+1	2.698000000000000e-1	1.410000000000000e-2
-7.302700000000000e+1	2.786000000000000e-1	1.440000000000000e-2
-7.187400099999999e+1	2.830000000000000e-1	1.460000000000000e-2
-7.074800000000001e+1	2.882000000000000e-1	1.480000000000000e-2
-6.964600000000000e+1	2.782000000000000e-1	1.460000000000000e-2
-6.856800000000000e+1	2.810000000000000e-1	1.470000000000000e-2
-6.751500000000000e+1	3.071000000000000e-1	1.540000000000000e-2
-6.648399999999999e+1	2.898000000000000e-1	1.500000000000000e-2
-6.547600000000000e+1	2.763000000000000e-1	1.470000000000000e-2
-6.448900000000001e+1	2.980000000000000e-1	1.540000000000000e-2
-6.352400000000000e+1	3.097000000000000e-1	1.570000000000000e-2
-6.257900000000000e+1	2.799000000000000e-1	1.500000000000000e-2
-6.165400000000000e+1	2.948000000000000e-1	1.540000000000000e-2
-6.074800000000000e+1	3.164000000000000e-1	1.600000000000000e-2
-5.986100000000000e+1	2.735000000000000e-1	1.500000000000000e-2
-5.899300000000000e+1	2.812000000000000e-1	1.530000000000000e-2
-5.814200000000000e+1	3.106000000000000e-1	1.610000000000000e-2
-5.730800000000000e+1	2.951000000000000e-1	1.570000000000000e-2
-5.649200000000000e+1	3.056000000000000e-1	1.600000000000000e-2
-5.569200000000000e+1	3.059000000000000e-1	1.610000000000000e-2
-5.490700000000000e+1	3.344000000000000e-1	1.690000100000000e-2
-5.413900000000000e+1	2.834000000000000e-1	1.560000000000000e-2
-5.338500000000000e+1	3.104000000000000e-1	1.640000000000000e-2
-5.264600000000000e+1	3.272000000000000e-1	1.690000100000000e-2
-5.192200000000000e+1	3.355000000000000e-1	1.710000000000000e-2
-5.121100000000000e+1	2.989000000000000e-1	1.630000000000000e-2
-5.051400000000000e+1	3.132000000000000e-1	1.670000000000000e-2
-4.983100000000000e+1	3.117000000000000e-1	1.670000000000000e-2
-4.916000000000000e+1	3.352000000000000e-1	1.740000100000000e-2
-4.850200000000000e+1	2.966000000000000e-1	1.640000000000000e-2
-4.785700000000000e+1	3.276000000000000e-1	1.730000000000000e-2
-4.722300000000000e+1	3.260000000000000e-1	1.730000000000000e-2
-4.660100000000000e+1	3.345000000000000e-1	1.760000000000000e-2
-4.599000000000000e+1	3.171000000000000e-1	1.710000000000000e-2
-4.539100000000000e+1	3.256000000000000e-1	1.740000100000000e-2
-4.480200000000000e+1	2.975000000000000e-1	1.670000000000000e-2
-4.422400000000000e+1	2.946000000000000e-1	1.670000000000000e-2
-4.365700000000000e+1	3.695000000000000e-1	1.880000000000000e-2
-4.309900000000000e+1	3.593000000000000e-1	1.850000000000000e-2
-4.255200000000000e+1	3.336000000000000e-1	1.790000000000000e-2
-4.201400000000000e+1	3.414000000000000e-1	1.820000000000000e-2
-4.148500000000000e+1	3.385000000000000e-1	1.820000000000000e-2
-4.096600000000000e+1	3.591000100000000e-1	1.870000000000000e-2
-4.045600000000000e+1	3.838000000000000e-1	1.940000000000000e-2
-3.995400000000000e+1	3.563000000000000e-1	1.880000000000000e-2
-3.946100000000000e+1	3.624000000000000e-1	1.900000000000000e-2
-3.897700000000000e+1	3.784000000000000e-1	1.950000000000000e-2
-3.850000000000000e+1	3.655000000000000e-1	1.920000000000000e-2
-3.803200000000000e+1	3.554000000000000e-1	1.900000000000000e-2
-3.757100000000000e+1	3.442000000000000e-1	1.870000000000000e-2
-3.711800000000000e+1	3.369000100000000e-1	1.860000000000000e-2
-3.667300000000000e+1	3.346000000000000e-1	1.860000000000000e-2
-3.623500000000000e+1	3.386000000000000e-1	1.880000000000000e-2
-3.580400000000000e+1	3.550000000000000e-1	1.920000000000000e-2
-3.538000000000000e+1	3.716000000000000e-1	1.970000000000000e-2
-3.496300000000000e+1	3.841000000000000e-1	2.010000000000000e-2
-3.455300100000000e+1	3.439000000000000e-1	1.910000000000000e-2
-3.414900000000000e+1	3.362000000000000e-1	1.890000000000000e-2
-3.375200000000000e+1	3.412000000000000e-1	1.910000000000000e-2
-3.336100000000000e+1	3.688000000000000e-1	1.990000000000000e-2
-3.297600000000000e+1	3.664000000000000e-1	1.990000000000000e-2
-3.259700000000000e+1	3.520000100000000e-1	1.960000000000000e-2
-3.222400000000000e+1	3.637000000000000e-1	2.000000000000000e-2
-3.185700000000000e+1	4.073000000000000e-1	2.110000000000000e-2
-3.149500000000000e+1	3.653000000000000e-1	2.010000000000000e-2
-3.114000000000000e+1	3.672000000000000e-1	2.020000000000000e-2
-3.078900000000000e+1	3.624000000000000e-1	2.010000000000000e-2
-3.044400000000000e+1	3.609000000000000e-1	2.010000000000000e-2
-3.010400000000000e+1	3.706000000000000e-1	2.050000000000000e-2
-2.976900000000000e+1	4.098000000000000e-1	2.160000000000000e-2
-2.943900000000000e+1	3.686000000000000e-1	2.050000000000000e-2
-2.911400000000000e+1	3.922000000000000e-1	2.120000000000000e-2
-2.879400000000000e+1	3.965000000000000e-1	2.130000000000000e-2
-2.847900000000000e+1	3.880000000000000e-1	2.120000000000000e-2
-2.816800000000000e+1	3.876000000000000e-1	2.120000000000000e-2
-2.786200000000000e+1	3.954000000000000e-1	2.150000000000000e-2
-2.756000000000000e+1	3.610000000000000e-1	2.060000000000000e-2
-2.726300000000000e+1	3.710000000000000e-1	2.090000000000000e-2
-2.697000000000000e+1	3.917000000000000e-1	2.160000000000000e-2
-2.668100000000000e+1	3.841000000000000e-1	2.140000000000000e-2
-2.639600000000000e+1	3.704000000000000e-1	2.100000000000000e-2
-2.611600000000000e+1	4.105000000000000e-1	2.220000000000000e-2
-2.583900000000000e+1	4.318000000000000e-1	2.280000000000000e-2
-2.556600000000000e+1	3.890000000000000e-1	2.170000000000000e-2
-2.529700000000000e+1	3.750000000000000e-1	2.140000000000000e-2
-2.503200000000000e+1	4.061000000000000e-1	2.230000000000000e-2
-2.477000000000000e+1	4.276000000000000e-1	2.300000000000000e-2
-2.451200000000000e+1	4.148000000000000e-1	2.260000000000000e-2
-2.425700000000000e+1	3.882000000000000e-1	2.200000000000000e-2
-2.400600000000000e+1	3.763000000000000e-1	2.170000000000000e-2
-2.375900000000000e+1	4.168000000000000e-1	2.280000000000000e-2
-2.351500000000000e+1	4.086000000000000e-1	2.270000000000000e-2
-2.327400000000000e+1	4.029000000000000e-1	2.260000000000000e-2
-2.303600000000000e+1	3.806000000000000e-1	2.200000000000000e-2
-2.280200000000000e+1	3.912000000000000e-1	2.240000000000000e-2
-2.257000000000000e+1	4.391000000000000e-1	2.370000000000000e-2
-2.234200000000000e+1	4.603000000000000e-1	2.440000000000000e-2
-2.211700000000000e+1	3.784000000000000e-1	2.210000000000000e-2
-2.189400000000000e+1	4.190000000000000e-1	2.330000000000000e-2
-2.167500000000000e+1	4.195000000000000e-1	2.340000000000000e-2
-2.145800000000000e+1	4.148000000000000e-1	2.330000000000000e-2
-2.124400000000000e+1	4.416000000000000e-1	2.410000000000000e-2
-2.103300000000000e+1	4.171000000000000e-1	2.350000000000000e-2
-2.082500000000000e+1	4.547000000000000e-1	2.460000000000000e-2
-2.061900000000000e+1	4.487000000000000e-1	2.450000000000000e-2
-2.041600000000000e+1	4.412000000000000e-1	2.430000000000000e-2
-2.021600000000000e+1	4.216000000000000e-1	2.380000000000000e-2
-2.001800000000000e+1	4.005000000000000e-1	2.320000000000000e-2
-1.982300000000000e+1	4.022000000000000e-1	2.340000000000000e-2
-1.963000000000000e+1	4.120000000000000e-1	2.370000000000000e-2
-1.943900000000000e+1	4.151000000000000e-1	2.380000000000000e-2
-1.925100000000000e+1	4.004000000000000e-1	2.350000000000000e-2
-1.906500000000000e+1	4.255000000000000e-1	2.420000000000000e-2
-1.888100000000000e+1	4.023000000000000e-1	2.360000000000000e-2
-1.870000000000000e+1	4.498000000000000e-1	2.500000000000000e-2
-1.852100000000000e+1	4.447000000000000e-1	2.490000000000000e-2
-1.834400000000000e+1	4.563000000000000e-1	2.530000000000000e-2
-1.816900000000000e+1	4.441000000000000e-1	2.500000000000000e-2
-1.799700000000000e+1	4.544000000000000e-1	2.530000000000000e-2
-1.782600000000000e+1	4.562000000000000e-1	2.540000000000000e-2
-1.765800000000000e+1	4.737000000000000e-1	2.600000000000000e-2
-1.749100000000000e+1	4.427000000000000e-1	2.520000000000000e-2
-1.732700000000000e+1	3.972000000000000e-1	2.390000000000000e-2
-1.716400000000000e+1	4.664000000000000e-1	2.590000000000000e-2
-1.700300000000000e+1	4.509000000000000e-1	2.560000000000000e-2
-1.684400000000000e+1	4.469000000000000e-1	2.550000000000000e-2
-1.668800000000000e+1	4.545000000000000e-1	2.570000000000000e-2
-1.653200000000000e+1	4.460000000000000e-1	2.550000000000000e-2
-1.637900000000000e+1	4.624000000000000e-1	2.610000000000000e-2
-1.622800000000000e+1	4.642000000000000e-1	2.620000000000000e-2
-1.607800000000000e+1	4.305000000000000e-1	2.530000000000000e-2
-1.593000000000000e+1	4.782000000000000e-1	2.670000000000000e-2
-1.578300000000000e+1	4.562000000000000e-1	2.610000000000000e-2
-1.563900000000000e+1	4.070000000000000e-1	2.470000000000000e-2
-1.549600000000000e+1	4.627000000000000e-1	2.640000000000000e-2
-1.535400000000000e+1	5.036000000000001e-1	2.760000000000000e-2
-1.521400000000000e+1	4.480000000000000e-1	2.600000000000000e-2
-1.507600000000000e+1	4.497000000000000e-1	2.610000000000000e-2
-1.493900000000000e+1	4.575000000000000e-1	2.650000000000000e-2
-1.480400000000000e+1	4.546000000000000e-1	2.640000000000000e-2
-1.467000000000000e+1	4.870000000000000e-1	2.740000000000000e-2
-1.453800000000000e+1	4.919000000000000e-1	2.750000000000000e-2
-1.440700000000000e+1	4.751000000000000e-1	2.710000000000000e-2
-1.427800000000000e+1	4.722000000000000e-1	2.710000000000000e-2
-1.415000000000000e+1	4.630000000000000e-1	2.690000000000000e-2
-1.402300000000000e+1	4.725000000000000e-1	2.720000000000000e-2
-1.389800000000000e+1	4.680000000000000e-1	2.710000000000000e-2
-1.377500000000000e+1	4.665000000000000e-1	2.720000000000000e-2
-1.365200000000000e+1	5.124999999999999e-1	2.850000000000000e-2
-1.353100000000000e+1	4.763000000000000e-1	2.750000000000000e-2
-1.341100000000000e+1	4.525000000000000e-1	2.680000000000000e-2
-1.329200000000000e+1	4.525000000000000e-1	2.690000000000000e-2
-1.317500000000000e+1	4.011000000000000e-1	2.540000000000000e-2
-1.305900000000000e+1	5.250000000000000e-1	2.910000000000000e-2
-1.294400000000000e+1	4.961000000000000e-1	2.830000000000000e-2
-1.283000000000000e+1	4.784000000000000e-1	2.790000000000000e-2
-1.271800000000000e+1	4.850000000000000e-1	2.810000000000000e-2
-1.260700000000000e+1	5.437999999999999e-1	2.980000000000000e-2
-1.249700000000000e+1	4.965000000000000e-1	2.850000000000000e-2
-1.238800000000000e+1	4.785000000000000e-1	2.810000000000000e-2
-1.228000000000000e+1	4.653000000000000e-1	2.770000000000000e-2
-1.217300000000000e+1	4.967000000000000e-1	2.870000000000000e-2
-1.206700000000000e+1	4.619000000000000e-1	2.780000000000000e-2
-1.196300000000000e+1	4.768000000000000e-1	2.820000000000000e-2
-1.185900000000000e+1	4.734000000000000e-1	2.820000000000000e-2
-1.175700000000000e+1	4.331000000000000e-1	2.700000000000000e-2
-1.165500000000000e+1	4.750000000000000e-1	2.830000000000000e-2
-1.155500000000000e+1	5.323000000000000e-1	3.000000000000000e-2
-1.145600000000000e+1	4.985000000000000e-1	2.910000000000000e-2
-1.135700000000000e+1	5.104000000000000e-1	2.950000000000000e-2
-1.126000000000000e+1	5.138000000000000e-1	2.970000000000000e-2
-1.116300000000000e+1	4.487000000000000e-1	2.780000000000000e-2
-1.106800000000000e+1	5.379000000000001e-1	3.040000000000000e-2
-1.097300000000000e+1	4.638000000000000e-1	2.830000000000000e-2
-1.088000000000000e+1	5.172000000000000e-1	2.990000000000000e-2
-1.078700000000000e+1	5.241000000000000e-1	3.020000000000000e-2
-1.069500000000000e+1	5.467000000000000e-1	3.090000000000000e-2
-1.060400000000000e+1	5.241000000000000e-1	3.030000000000000e-2
-1.051400000000000e+1	4.890000000000000e-1	2.930000000000000e-2
-1.042500000000000e+1	5.240000000000000e-1	3.040000000000000e-2
-1.033700000000000e+1	4.428000000000000e-1	2.800000000000000e-2
-1.025000000000000e+1	4.920000000000000e-1	2.950000000000000e-2
-1.016300000000000e+1	4.669000000000000e-1	2.880000000000000e-2
-1.007700000000000e+1	4.684000000000000e-1	2.890000000000000e-2
-9.992000000000002e+0	4.521000000000000e-1	2.850000000000000e-2
-9.908000000000000e+0	4.714000000000000e-1	2.910000000000000e-2
-9.825000000000000e+0	5.071000000000000e-1	3.030000000000000e-2
-9.742000000000002e+0	5.537999999999999e-1	3.170000000000000e-2
-9.661000000000000e+0	4.886000000000000e-1	2.980000000000000e-2
-9.580000000000000e+0	5.427000000000000e-1	3.140000000000000e-2
-9.499000000000000e+0	5.645000000000000e-1	3.210000000000000e-2
-9.420000000000000e+0	4.694000000000000e-1	2.930000000000000e-2
-9.341000000000000e+0	5.460000000000001e-1	3.170000000000000e-2
-9.263000000000000e+0	5.145999999999999e-1	3.080000000000000e-2
-9.186000000000000e+0	4.738000000000000e-1	2.960000000000000e-2
-9.109000000000000e+0	4.938000000000000e-1	3.030000000000000e-2
-9.033000000000000e+0	4.842000000000000e-1	3.000000000000000e-2
-8.958000000000000e+0	4.652000000000000e-1	2.940000000000000e-2
-8.884000000000000e+0	5.282000000000000e-1	3.150000000000000e-2
-8.810000000000000e+0	5.017000000000000e-1	3.070000000000000e-2
-8.737000000000000e+0	4.601000000000000e-1	2.940000000000000e-2
-8.664000000000000e+0	5.481000000000000e-1	3.210000000000000e-2
-8.592000000000000e+0	5.365000000000000e-1	3.190000000000000e-2
-8.521000000000000e+0	4.661000000000000e-1	2.980000000000000e-2
-8.451000000000000e+0	5.094000000000000e-1	3.110000000000000e-2
-8.381000000000000e+0	5.280000000000000e-1	3.180000000000000e-2
-8.311000000000000e+0	4.952000000000000e-1	3.080000000000000e-2
-8.243000000000000e+0	4.948000000000000e-1	3.090000000000000e-2
-8.175000000000000e+0	5.309000000000000e-1	3.200000000000000e-2
-8.107000000000000e+0	4.784000000000000e-1	3.040000000000000e-2
-8.039999999999998e+0	5.495000000000000e-1	3.270000000000000e-2
-7.974000000000000e+0	5.744000000000000e-1	3.340000000000000e-2
-7.908000000000000e+0	5.157000000000001e-1	3.170000000000000e-2
-7.843000000000000e+0	5.856000000000000e-1	3.380000100000000e-2
-7.779000000000000e+0	5.031000000000000e-1	3.140000000000000e-2
-7.715000000000000e+0	5.281000000000000e-1	3.220000000000000e-2
-7.651000000000000e+0	5.474000000000000e-1	3.290000000000000e-2
-7.588000000000000e+0	5.726000000000000e-1	3.360000100000000e-2
-7.526000000000000e+0	5.070000000000000e-1	3.170000000000000e-2
-7.464000000000000e+0	5.620000000000001e-1	3.350000000000000e-2
-7.403000000000000e+0	4.481000000000000e-1	2.990000000000000e-2
-7.342000000000000e+0	5.213000000000000e-1	3.230000000000000e-2
-7.282000000000000e+0	5.949000000000000e-1	3.450000000000000e-2
-7.222000000000000e+0	5.484000000000000e-1	3.330000000000000e-2
-7.163000000000000e+0	5.560000000000001e-1	3.350000000000000e-2
-7.104000000000000e+0	5.576000000000000e-1	3.360000100000000e-2
-7.046000000000000e+0	5.185999999999999e-1	3.240000000000000e-2
-6.988000000000001e+0	5.363000000000000e-1	3.310000000000000e-2
-6.931000000000000e+0	5.255999999999999e-1	3.270000000000000e-2
-6.874000000000000e+0	5.414000000000000e-1	3.330000000000000e-2
-6.818000000000000e+0	4.855000000000000e-1	3.160000000000000e-2
-6.762000099999999e+0	5.689999999999999e-1	3.430000100000000e-2
-6.707000000000000e+0	5.150000000000000e-1	3.260000000000000e-2
-6.652000000000000e+0	5.846000000000000e-1	3.480000100000000e-2
-6.597000000000001e+0	5.344000000000000e-1	3.330000000000000e-2
-6.543000000000000e+0	5.110000000000000e-1	3.260000000000000e-2
-6.490000000000000e+0	5.394000000000000e-1	3.360000100000000e-2
-6.437000000000000e+0	5.159000000000000e-1	3.290000000000000e-2
-6.384000000000000e+0	5.696000000000000e-1	3.450000000000000e-2
-6.332000000000000e+0	5.355000000000000e-1	3.350000000000000e-2
-6.280000000000000e+0	6.085000000000001e-1	3.580000000000000e-2
-6.228000000000000e+0	5.721000000000001e-1	3.480000100000000e-2
-6.177000000000000e+0	5.164999999999999e-1	3.310000000000000e-2
-6.127000000000000e+0	5.009000000000000e-1	3.260000000000000e-2
-6.076000000000000e+0	4.725000000000000e-1	3.180000000000000e-2
-6.027000000000000e+0	5.100000000000000e-1	3.310000000000000e-2
-5.977000000000000e+0	5.648999999999999e-1	3.480000100000000e-2
-5.928000000000000e+0	5.235000000000000e-1	3.350000000000000e-2
-5.878999999999999e+0	5.270000000000000e-1	3.370000000000000e-2
-5.831000000000001e+0	6.190000000000000e-1	3.660000000000000e-2
-5.783000000000000e+0	5.212000000000000e-1	3.360000100000000e-2
-5.736000000000000e+0	5.008000000000000e-1	3.300000000000000e-2
-5.689000000000000e+0	5.804000000000000e-1	3.560000000000000e-2
-5.642000000000000e+0	5.840999999999999e-1	3.570000000000000e-2
-5.596000000000000e+0	5.419000000000001e-1	3.450000000000000e-2
-5.550000000000000e+0	5.412000000000000e-1	3.450000000000000e-2
-5.503999999999999e+0	5.052000000000000e-1	3.330000000000000e-2
-5.459000000000000e+0	5.704000000000000e-1	3.540000000000000e-2
-5.414000000000000e+0	5.520000000000001e-1	3.500000000000000e-2
-5.369000000000000e+0	5.114000000000000e-1	3.370000000000000e-2
-5.325000000000000e+0	5.615000000000000e-1	3.530000000000000e-2
-5.281000000000000e+0	5.763000000000000e-1	3.590000000000000e-2
-5.237000000000000e+0	5.800000000000000e-1	3.600000100000000e-2
-5.194000000000000e+0	5.122000000000000e-1	3.390000000000000e-2
-5.151000000000000e+0	5.628000000000000e-1	3.560000000000000e-2
-5.108000000000000e+0	5.687000000000000e-1	3.580000000000000e-2
-5.066000000000000e+0	5.386000000000000e-1	3.490000000000000e-2
-5.024000000000000e+0	5.490000000000001e-1	3.530000000000000e-2
-4.983000000000000e+0	5.820999999999999e-1	3.640000000000000e-2
-4.941000000000000e+0	6.131000000000000e-1	3.740000000000000e-2
-4.900000000000000e+0	5.645000000000000e-1	3.580000000000000e-2
-4.859000000000000e+0	6.276000000000001e-1	3.790000000000000e-2
-4.819000000000000e+0	5.857000000000000e-1	3.670000000000000e-2
-4.779000000000000e+0	5.275000000000000e-1	3.480000100000000e-2
-4.739000000000000e+0	5.794000000000000e-1	3.660000000000000e-2
-4.700000000000000e+0	5.830999999999999e-1	3.670000000000000e-2
-4.660000000000000e+0	5.152000000000000e-1	3.460000000000000e-2
-4.621000000000001e+0	5.558999999999999e-1	3.590000000000000e-2
-4.583000000000000e+0	5.780999999999999e-1	3.660000000000000e-2
-4.543999999999999e+0	5.237000000000001e-1	3.490000000000000e-2
-4.506000000000000e+0	5.506000000000000e-1	3.580000000000000e-2
-4.468000000000000e+0	5.215999999999999e-1	3.500000000000000e-2
-4.431000000000000e+0	5.790999999999999e-1	3.690000000000000e-2
-4.394000000000000e+0	6.087000000000000e-1	3.790000000000000e-2
-4.357000000000000e+0	5.607000000000000e-1	3.640000000000000e-2
-4.320000000000000e+0	5.786000000000000e-1	3.700000000000000e-2
-4.283000000000000e+0	6.415999999999999e-1	3.900000000000000e-2
-4.247000000000000e+0	6.312000000000000e-1	3.880000000000000e-2
-4.211000000000000e+0	4.900000000000000e-1	3.420000000000000e-2
-4.176000000000000e+0	6.057000000000000e-1	3.810000000000000e-2
-4.140000000000000e+0	5.951999999999999e-1	3.780000000000000e-2
-4.105000000000001e+0	5.798000000000000e-1	3.740000000000000e-2
-4.070000000000000e+0	5.956000000000000e-1	3.790000000000000e-2
-4.035000000000000e+0	6.331000000000000e-1	3.910000000000000e-2
-4.001000000000000e+0	5.888000000000000e-1	3.780000000000000e-2
-3.967000000000000e+0	5.926000000000000e-1	3.790000000000000e-2
-3.933000000000000e+0	5.624000000000000e-1	3.700000000000000e-2
-3.899000000000000e+0	5.638000000000000e-1	3.710000000000000e-2
-3.866000000000000e+0	6.942000000000000e-1	4.120000000000000e-2
-3.832000000000000e+0	5.689000000000000e-1	3.730000000000000e-2
-3.799000000000000e+0	5.407999999999999e-1	3.650000000000000e-2
-3.766000000000000e+0	5.910999999999999e-1	3.820000000000000e-2
-3.734000000000000e+0	5.581000000000001e-1	3.700000000000000e-2
-3.702000000000000e+0	5.717000000000000e-1	3.750000000000000e-2
-3.669000000000000e+0	5.483000000000000e-1	3.690000000000000e-2
-3.638000000000000e+0	5.743000000000000e-1	3.770000000000000e-2
-3.606000000000000e+0	5.980000000000000e-1	3.850000000000000e-2
-3.574000000000000e+0	6.317000000000000e-1	3.960000000000000e-2
-3.543000000000000e+0	5.260000000000000e-1	3.620000000000000e-2
-3.512000000000000e+0	6.545999999999999e-1	4.040000000000000e-2
-3.481000000000000e+0	5.784000000000000e-1	3.810000000000000e-2
-3.451000000000000e+0	5.823000000000000e-1	3.830000000000000e-2
-3.420000000000000e+0	5.961999999999999e-1	3.870000000000000e-2
-3.390000000000000e+0	5.042000000000000e-1	3.570000000000000e-2
-3.360000000000000e+0	5.963000000000001e-1	3.890000000000000e-2
-3.330000000000000e+0	5.774000000000000e-1	3.820000000000000e-2
-3.301000000000000e+0	6.142000000000000e-1	3.960000000000000e-2
-3.271000000000000e+0	5.265999999999999e-1	3.660000000000000e-2
-3.242000000000000e+0	6.170000000000000e-1	3.970000000000000e-2
-3.213000000000000e+0	6.132999999999999e-1	3.960000000000000e-2
-3.184000000000000e+0	5.967000000000000e-1	3.920000000000000e-2
-3.156000000000000e+0	6.545000000000000e-1	4.110000000000000e-2
-3.127000000000000e+0	6.173999999999999e-1	3.990000000000000e-2
-3.099000000000000e+0	6.213000000000000e-1	4.010000000000000e-2
-3.071000000000000e+0	5.917000000000000e-1	3.920000000000000e-2
-3.043000000000000e+0	4.972000000000000e-1	3.600000100000000e-2
-3.016000000000000e+0	6.306000000000001e-1	4.050000000000000e-2
-2.988000000000000e+0	5.566000000000000e-1	3.810000000000000e-2
-2.961000000000000e+0	5.813000000000000e-1	3.890000000000000e-2
-2.934000000000000e+0	5.799000000000000e-1	3.900000000000000e-2
-2.907000000000000e+0	6.649000000000001e-1	4.180000000000000e-2
-2.880000000000000e+0	6.165000000000001e-1	4.030000000000000e-2
-2.853000000000000e+0	6.100000000000000e-1	4.010000000000000e-2
-2.827000000000000e+0	6.087000000000000e-1	4.010000000000000e-2
-2.801000000000000e+0	6.152999999999999e-1	4.040000000000000e-2
-2.774000000000000e+0	6.245000000000001e-1	4.070000000000000e-2
-2.749000000000000e+0	6.498000000000001e-1	4.150000000000000e-2
-2.723000000000000e+0	7.043000000000000e-1	4.330000000000000e-2
-2.697000000000000e+0	5.567000000000000e-1	3.850000000000000e-2
-2.672000000000000e+0	6.353000000000000e-1	4.130000000000000e-2
-2.646000000000000e+0	5.830999999999999e-1	3.960000000000000e-2
-2.621000000000000e+0	5.817000000000000e-1	3.950000000000000e-2
-2.596000000000000e+0	6.501000000000000e-1	4.180000000000000e-2
-2.572000000000000e+0	6.891000000000001e-1	4.320000000000000e-2
-2.547000000000000e+0	5.880999999999999e-1	3.990000000000000e-2
-2.522000000000000e+0	5.731000000000001e-1	3.950000000000000e-2
-2.498000000000000e+0	5.850999999999999e-1	3.990000000000000e-2
-2.474000000000000e+0	6.407000000000001e-1	4.180000000000000e-2
-2.450000000000000e+0	7.318000000000000e-1	4.470000000000000e-2
-2.426000000000000e+0	7.306000000000000e-1	4.460000000000000e-2
-2.402000000000000e+0	6.119000000000000e-1	4.090000000000000e-2
-2.379000000000000e+0	6.542000000000000e-1	4.240000000000000e-2
-2.355000000000000e+0	6.391000000000000e-1	4.200000000000000e-2
-2.332000000000000e+0	5.965000000000000e-1	4.050000000000000e-2
-2.309000000000000e+0	6.308000000000000e-1	4.180000000000000e-2
-2.286000000000000e+0	6.652000000000000e-1	4.290000000000000e-2
-2.263000000000000e+0	6.001999999999999e-1	4.070000000000000e-2
-2.240000000000000e+0	7.068000000000000e-1	4.430000000000000e-2
-2.218000000000000e+0	6.166000000000000e-1	4.150000000000000e-2
-2.195000000000000e+0	6.206000000000001e-1	4.160000000000000e-2
-2.173000000000000e+0	6.051000000000000e-1	4.120000000000000e-2
-2.151000000000000e+0	7.768000000000000e-1	4.660000000000000e-2
-2.129000000000000e+0	7.560000000000000e-1	4.600000000000000e-2
-2.107000000000000e+0	6.650000000000000e-1	4.320000000000000e-2
-2.085000000000000e+0	7.001000099999999e-1	4.450000000000000e-2
-2.064000000000000e+0	6.761000000000000e-1	4.370000000000000e-2
-2.042000000000000e+0	6.351000000000000e-1	4.240000000000000e-2
-2.021000000000000e+0	6.930000099999999e-1	4.430000000000000e-2
-1.999000000000000e+0	6.689000000000001e-1	4.350000000000000e-2
-1.978000000000000e+0	7.015000000000000e-1	4.460000000000000e-2
-1.957000000000000e+0	7.512000000000000e-1	4.620000000000000e-2
-1.936000000000000e+0	6.786000000000000e-1	4.410000000000000e-2
-1.916000000000000e+0	7.142000099999999e-1	4.520000000000000e-2
-1.895000000000000e+0	7.500000000000000e-1	4.640000000000000e-2
-1.875000000000000e+0	6.511000000000000e-1	4.330000000000000e-2
-1.854000000000000e+0	6.869000099999999e-1	4.450000000000000e-2
-1.834000000000000e+0	7.574000000000000e-1	4.670000000000000e-2
-1.814000000000000e+0	7.214000000000000e-1	4.560000000000000e-2
-1.794000000000000e+0	6.881000000000001e-1	4.470000000000000e-2
-1.774000000000000e+0	7.677000000000000e-1	4.720000000000000e-2
-1.754000000000000e+0	6.705000000000000e-1	4.420000000000000e-2
-1.735000000000000e+0	6.980000099999999e-1	4.520000000000000e-2
-1.715000000000000e+0	7.547000000000000e-1	4.700000000000000e-2
-1.696000000000000e+0	7.708000000000000e-1	4.740000000000000e-2
-1.676000000000000e+0	8.425000000000000e-1	4.960000000000000e-2
-1.657000000000000e+0	6.800000000000001e-1	4.460000000000000e-2
-1.638000000000000e+0	8.105000000000000e-1	4.880000000000000e-2
-1.619000000000000e+0	7.474000000000000e-1	4.690000000000000e-2
-1.600000000000000e+0	8.431000000000000e-1	4.990000000000000e-2
-1.581000000000000e+0	8.477000000000000e-1	5.000000000000000e-2
-1.563000000000000e+0	8.346000000000000e-1	4.970000000000000e-2
-1.544000000000000e+0	8.569000000000000e-1	5.050000000000000e-2
-1.526000000000000e+0	8.705000000000000e-1	5.090000000000000e-2
-1.507000000000000e+0	7.947000000000000e-1	4.870000000000000e-2
-1.489000000000000e+0	9.215000000000000e-1	5.250000000000000e-2
-1.471000000000000e+0	8.605000000000000e-1	5.070000000000000e-2
-1.453000000000000e+0	8.921000000000000e-1	5.180000000000000e-2
-1.435000000000000e+0	8.728000000000000e-1	5.130000000000000e-2
-1.417000000000000e+0	8.534000000000000e-1	5.060000000000000e-2
-1.400000000000000e+0	8.129000000000000e-1	4.960000000000000e-2
-1.382000000000000e+0	9.109000000000000e-1	5.250000000000000e-2
-1.364000000000000e+0	8.220000000000000e-1	4.990000000000000e-2
-1.347000000000000e+0	8.599000000000000e-1	5.100000000000000e-2
-1.330000000000000e+0	9.525000000000000e-1	5.370000000000000e-2
-1.312000000000000e+0	9.938000000000000e-1	5.500000000000000e-2
-1.295000000000000e+0	1.001800000000000e+0	5.530000000000000e-2
-1.278000000000000e+0	9.853000000000000e-1	5.480000000000000e-2
-1.261000000000000e+0	9.505000000000000e-1	5.400000000000000e-2
-1.244000000000000e+0	9.339000000000000e-1	5.360000000000000e-2
-1.228000000000000e+0	1.055300000000000e+0	5.690000000000000e-2
-1.211000000000000e+0	8.943000000000000e-1	5.240000000000000e-2
-1.195000000000000e+0	9.760000000000000e-1	5.490000000000000e-2
-1.178000000000000e+0	9.717000000000000e-1	5.480000000000000e-2
-1.162000000000000e+0	9.920000000000000e-1	5.540000000000000e-2
-1.145000000000000e+0	9.536000000000000e-1	5.430000000000000e-2
-1.129000000000000e+0	9.460000000000000e-1	5.430000000000000e-2
-1.113000000000000e+0	9.789000000000000e-1	5.520000000000000e-2
-1.097000000000000e+0	1.123900000000000e+0	5.920000000000000e-2
-1.081000000000000e+0	1.007400000000000e+0	5.610000000000000e-2
-1.065000000000000e+0	9.905000000000000e-1	5.560000000000000e-2
-1.050000000000000e+0	1.061200000000000e+0	5.770000000000000e-2
-1.034000000000000e+0	1.072500000000000e+0	5.810000000000000e-2
-1.018000000000000e+0	1.090100000000000e+0	5.860000000000000e-2
-1.003000000000000e+0	1.035500000000000e+0	5.710000000000000e-2
-9.870000000000000e-1	1.103600000000000e+0	5.910000000000000e-2
-9.720000000000000e-1	1.206600000000000e+0	6.170000000000000e-2
-9.570000000000000e-1	1.101200000000000e+0	5.910000000000000e-2
-9.420000000000000e-1	1.138100000000000e+0	6.010000000000000e-2
-9.260000000000000e-1	1.267100000000000e+0	6.350000000000000e-2
-9.110000000000000e-1	1.333000000000000e+0	6.510000000000001e-2
-8.960000000000000e-1	1.230200000000000e+0	6.270000000000001e-2
-8.820000000000000e-1	1.235600000000000e+0	6.290000000000000e-2
-8.670000000000000e-1	1.397800000000000e+0	6.690000000000000e-2
-8.520000000000000e-1	1.400200000000000e+0	6.710000000000001e-2
-8.380000000000000e-1	1.354600000000000e+0	6.600000000000000e-2
-8.230000000000000e-1	1.501700000000000e+0	6.960000099999999e-2
-8.090000000000000e-1	1.327200000000000e+0	6.550000000000000e-2
-7.940000000000000e-1	1.410200000000000e+0	6.750000000000001e-2
-7.800000000000000e-1	1.626000000000000e+0	7.250000000000000e-2
-7.660000000000000e-1	1.467000000000000e+0	6.900000000000001e-2
-7.510000000000000e-1	1.661000000000000e+0	7.350000000000000e-2
-7.370000000000000e-1	1.673600000000000e+0	7.380000000000000e-2
-7.230000000000000e-1	1.754700000000000e+0	7.560000000000000e-2
-7.090000000000000e-1	1.920800000000000e+0	7.910000000000000e-2
-6.960000099999999e-1	1.747800000000000e+0	7.560000000000000e-2
-6.820000000000001e-1	1.911200000000000e+0	7.910000000000000e-2
-6.680000000000000e-1	1.845700000000000e+0	7.780000000000000e-2
-6.540000000000000e-1	1.976900000000000e+0	8.060000000000000e-2
-6.410000000000000e-1	2.059300000000000e+0	8.230000000000000e-2
-6.270000000000000e-1	2.046400000000000e+0	8.220000000000000e-2
-6.140000000000000e-1	2.373400000000000e+0	8.850000000000000e-2
-6.010000000000000e-1	2.281600000000000e+0	8.690000000000000e-2
-5.870000000000000e-1	2.265700000000000e+0	8.660000000000000e-2
-5.739999999999999e-1	2.435500000000000e+0	8.990000000000000e-2
-5.610000000000001e-1	2.599200000000000e+0	9.300000000000000e-2
-5.480000000000001e-1	2.567000000000000e+0	9.250000000000000e-2
-5.350000000000000e-1	2.648100000000000e+0	9.400000000000000e-2
-5.220000000000000e-1	2.896500000000000e+0	9.840000000000000e-2
-5.090000000000000e-1	2.841200000000000e+0	9.750000000000000e-2
-4.960000000000000e-1	3.080700000000000e+0	1.016000000000000e-1
-4.830000000000000e-1	2.971800000000000e+0	9.990000000000000e-2
-4.710000000000000e-1	3.484700000000000e+0	1.083000000000000e-1
-4.580000000000000e-1	3.278300000000000e+0	1.051000000000000e-1
-4.450000000000000e-1	3.422300000000000e+0	1.075000000000000e-1
-4.330000000000000e-1	3.925000000000000e+0	1.152000000000000e-1
-4.200000000000000e-1	3.948500000000000e+0	1.156000000000000e-1
-4.080000000000000e-1	4.192600000000000e+0	1.193000000000000e-1
-3.960000000000000e-1	4.267600000000000e+0	1.204000000000000e-1
-3.830000000000000e-1	4.836299999999999e+0	1.283000000000000e-1
-3.710000000000000e-1	5.400100000000000e+0	1.357000000000000e-1
-3.590000000000000e-1	5.617500000000000e+0	1.385000000000000e-1
-3.470000100000000e-1	5.818399999999999e+0	1.411000000000000e-1
-3.350000000000000e-1	6.551000000000000e+0	1.498000000000000e-1
-3.230000000000000e-1	7.316900000000000e+0	1.585000000000000e-1
-3.110000000000000e-1	8.191900000000000e+0	1.678000000000000e-1
-2.990000000000000e-1	8.405200000000000e+0	1.701000000000000e-1
-2.870000000000000e-1	9.008800000000002e+0	1.763000000000000e-1
-2.760000000000000e-1	9.407200000000000e+0	1.803000000000000e-1
-2.640000000000000e-1	9.813700000000000e+0	1.843000000000000e-1
-2.520000000000000e-1	1.006560000000000e+1	1.868000000000000e-1
-2.410000000000000e-1	1.058900000000000e+1	1.917000000000000e-1
-2.290000000000000e-1	1.064800000000000e+1	1.924000000000000e-1
-2.180000000000000e-1	1.067590000000000e+1	1.928000000000000e-1
-2.070000000000000e-1	1.077370000000000e+1	1.939000000000000e-1
-1.950000000000000e-1	1.093100000000000e+1	1.954000000000000e-1
-1.840000000000000e-1	1.108540000000000e+1	1.970000000000000e-1
-1.730000100000000e-1	1.096310000000000e+1	1.960000000000000e-1
-1.620000000000000e-1	1.150770000000000e+1	2.010000000000000e-1
-1.510000000000000e-1	1.245140000000000e+1	2.093000000000000e-1
-1.390000000000000e-1	1.604040000000000e+1	2.377000000000000e-1
-1.280000000000000e-1	2.819090000000000e+1	3.154000000000000e-1
-1.180000000000000e-1	5.462790000000000e+1	4.394000000000000e-1
-1.070000000000000e-1	1.069393000000000e+2	6.152999999999999e-1
-9.600000000000000e-2	1.973556000000000e+2	8.365000000000000e-1
-8.500000000000000e-2	3.272913000000000e+2	1.078100000000000e+0
-7.400000000000000e-2	4.949070000000000e+2	1.326800000000000e+0
-6.400000000000000e-2	6.908843000000001e+2	1.568900000000000e+0
-5.300000000000000e-2	8.904217000000000e+2	1.782600000000000e+0
-4.200000000000000e-2	1.061329100000000e+3	1.947700000000000e+0
-3.200000000000000e-2	1.191515700000000e+3	2.065300000000000e+0
-2.100000000000000e-2	1.240427100000000e+3	2.109000000000000e+0
-1.100000000000000e-2	1.215940600000000e+3	2.089700000000000e+0
-1.000000000000000e-3	1.115066700000000e+3	2.002700000000000e+0
1.000000000000000e-2	9.610803000000000e+2	1.860800000000000e+0
2.000000000000000e-2	7.759144000000000e+2	1.673300000000000e+0
3.000000000000000e-2	5.861690000000000e+2	1.455500000000000e+0
4.100000000000000e-2	4.171424000000000e+2	1.228800000000000e+0
5.100000000000000e-2	2.722599000000000e+2	9.935000000000000e-1
6.100000000000000e-2	1.682406000000000e+2	7.816000000000000e-1
7.100000099999999e-2	9.927230000000000e+1	6.009000000000000e-1
8.100000000000000e-2	5.755620000000000e+1	4.579000000000000e-1
9.100000000000000e-2	3.466220000000000e+1	3.556000000000000e-1
1.010000000000000e-1	2.307480000000000e+1	2.904000000000000e-1
1.100000000000000e-1	1.806400000000000e+1	2.571000000000000e-1
1.200000000000000e-1	1.589290000000000e+1	2.414000000000000e-1
1.300000000000000e-1	1.471720000000000e+1	2.324000000000000e-1
1.400000000000000e-1	1.479520000000000e+1	2.332000000000000e-1
1.490000000000000e-1	1.436510000000000e+1	2.300000000000000e-1
1.590000000000000e-1	1.374560000000000e+1	2.252000000000000e-1
1.690000000000000e-1	1.364490000000000e+1	2.245000000000000e-1
1.780000000000000e-1	1.426530000000000e+1	2.297000000000000e-1
1.880000000000000e-1	1.405750000000000e+1	2.282000000000000e-1
1.970000000000000e-1	1.409400000000000e+1	2.287000000000000e-1
2.070000000000000e-1	1.440920000000000e+1	2.314000000000000e-1
2.160000000000000e-1	1.421530000000000e+1	2.300000000000000e-1
2.250000000000000e-1	1.394260000000000e+1	2.280000000000000e-1
2.350000000000000e-1	1.362040000000000e+1	2.255000000000000e-1
2.440000000000000e-1	1.325220000000000e+1	2.226000000000000e-1
2.530000000000000e-1	1.262080000000000e+1	2.174000000000000e-1
2.620000000000000e-1	1.246370000000000e+1	2.162000000000000e-1
2.710000000000000e-1	1.190410000000000e+1	2.115000000000000e-1
2.800000000000000e-1	1.123370000000000e+1	2.056000000000000e-1
2.890000000000000e-1	1.054230000000000e+1	1.993000000000000e-1
2.980000000000000e-1	1.001110000000000e+1	1.944000000000000e-1
3.070000000000000e-1	9.640700000000000e+0	1.909000000000000e-1
3.160000000000000e-1	8.966400000000000e+0	1.842000000000000e-1
3.250000000000000e-1	8.475700000000000e+0	1.792000000000000e-1
3.340000000000000e-1	7.653300000000000e+0	1.705000000000000e-1
3.430000000000000e-1	7.835900000000000e+0	1.726000000000000e-1
3.520000100000000e-1	7.432600000000000e+0	1.682000100000000e-1
3.600000000000000e-1	6.997500000000000e+0	1.634000000000000e-1
3.690000000000000e-1	6.538200000000000e+0	1.580000000000000e-1
3.780000000000000e-1	6.467600000000000e+0	1.573000000000000e-1
3.860000000000000e-1	6.059700000000000e+0	1.524000000000000e-1
3.950000000000000e-1	6.153100000000000e+0	1.536000000000000e-1
4.030000000000000e-1	6.000900000000000e+0	1.518000000000000e-1
4.120000000000000e-1	5.659700000000000e+0	1.476000000000000e-1
4.200000000000000e-1	5.537100000000000e+0	1.461000000000000e-1
4.290000000000000e-1	5.552900000000000e+0	1.464000000000000e-1
4.370000000000000e-1	5.503200000000000e+0	1.458000000000000e-1
4.450000000000000e-1	5.391300000000000e+0	1.444000000000000e-1
4.540000000000000e-1	5.325600000000000e+0	1.437000000000000e-1
4.620000000000000e-1	5.217000000000000e+0	1.423000000000000e-1
4.700000000000000e-1	4.933099999999999e+0	1.385000000000000e-1
4.780000000000000e-1	4.994800000000000e+0	1.394000000000000e-1
4.860000000000000e-1	4.545900000000000e+0	1.331000000000000e-1
4.950000000000000e-1	4.521300000000000e+0	1.329000000000000e-1
5.030000000000000e-1	4.625700000000000e+0	1.345000000000000e-1
5.110000000000000e-1	4.683300000000000e+0	1.354000000000000e-1
5.190000000000000e-1	4.333300000000000e+0	1.304000000000000e-1
5.270000000000000e-1	4.500600000000000e+0	1.329000000000000e-1
5.350000000000000e-1	4.400900000000000e+0	1.316000000000000e-1
5.430000000000000e-1	4.297000000000000e+0	1.302000000000000e-1
5.500000000000001e-1	4.145400000000001e+0	1.279000000000000e-1
5.580000000000001e-1	4.222500000000000e+0	1.292000000000000e-1
5.659999999999999e-1	3.848900000000000e+0	1.234000000000000e-1
5.739999999999999e-1	4.310000000000000e+0	1.307000000000000e-1
5.820000000000000e-1	3.951200000000000e+0	1.252000000000000e-1
5.890000000000000e-1	4.072100000000000e+0	1.273000000000000e-1
5.970000000000000e-1	3.946600000000000e+0	1.253000000000000e-1
6.050000000000000e-1	3.984100000000000e+0	1.260000000000000e-1
6.120000000000000e-1	4.025700000000000e+0	1.267000000000000e-1
6.200000000000000e-1	3.763800000000000e+0	1.226000000000000e-1
6.270000000000000e-1	3.593100000000000e+0	1.199000000000000e-1
6.350000000000000e-1	3.558100000000000e+0	1.194000000000000e-1
6.420000000000000e-1	3.470900000000000e+0	1.180000000000000e-1
6.500000000000000e-1	3.375400000000000e+0	1.165000000000000e-1
6.570000000000000e-1	3.621600000000000e+0	1.207000000000000e-1
6.650000000000000e-1	3.550100000000000e+0	1.197000000000000e-1
6.720000000000001e-1	3.405900000000000e+0	1.172000000000000e-1
6.790000000000001e-1	3.402600000000000e+0	1.173000000000000e-1
6.860000000000001e-1	3.545000000000000e+0	1.198000000000000e-1
6.940000099999999e-1	3.359500000000000e+0	1.168000000000000e-1
7.010000099999999e-1	3.307400000000000e+0	1.159000000000000e-1
7.080000000000000e-1	3.564000000000000e+0	1.203000000000000e-1
7.150000000000000e-1	3.247500000000000e+0	1.150000000000000e-1
7.220000000000000e-1	3.101200000000000e+0	1.124000000000000e-1
7.300000000000000e-1	3.481000000000000e+0	1.193000000000000e-1
7.370000000000000e-1	3.212100000000000e+0	1.146000000000000e-1
7.440000000000000e-1	3.310700000000000e+0	1.165000000000000e-1
7.510000000000000e-1	3.204600000000000e+0	1.146000000000000e-1
7.580000000000000e-1	3.200900000000000e+0	1.146000000000000e-1
7.650000000000000e-1	3.106700000000000e+0	1.131000000000000e-1
7.720000000000000e-1	2.864100000000000e+0	1.086000000000000e-1
7.790000000000000e-1	3.135900000000000e+0	1.137000000000000e-1
7.850000000000000e-1	3.082500000000000e+0	1.128000000000000e-1
7.920000000000000e-1	2.731400000000000e+0	1.062000000000000e-1
7.990000000000000e-1	2.896500000000000e+0	1.095000000000000e-1
8.060000000000000e-1	2.941900000000000e+0	1.104000000000000e-1
8.130000000000000e-1	3.070400000000000e+0	1.129000000000000e-1
8.190000000000000e-1	3.020600000000000e+0	1.120000000000000e-1
8.260000000000000e-1	2.771000000000000e+0	1.074000000000000e-1
8.330000000000000e-1	2.695600000000000e+0	1.060000000000000e-1
8.390000000000000e-1	2.778500000000000e+0	1.077000000000000e-1
8.460000000000000e-1	2.560900000000000e+0	1.034000000000000e-1
8.530000000000000e-1	2.597900000000000e+0	1.043000000000000e-1
8.590000000000000e-1	2.676800000000000e+0	1.059000000000000e-1
8.660000000000000e-1	2.646900000000000e+0	1.054000000000000e-1
8.720000000000000e-1	2.734500000000000e+0	1.072000000000000e-1
8.790000000000000e-1	2.734000000000000e+0	1.072000000000000e-1
8.850000000000000e-1	2.640800000000000e+0	1.055000000000000e-1
8.920000000000000e-1	2.631700000000000e+0	1.054000000000000e-1
8.980000000000000e-1	2.580400000000000e+0	1.044000000000000e-1
9.040000000000000e-1	2.596600000000000e+0	1.048000000000000e-1
9.110000000000000e-1	2.536500000000000e+0	1.037000000000000e-1
9.170000000000000e-1	2.459400000000000e+0	1.021000000000000e-1
9.230000000000000e-1	2.742900000000000e+0	1.079000000000000e-1
9.300000000000000e-1	2.529800000000000e+0	1.038000000000000e-1
9.360000000000000e-1	2.656600000000000e+0	1.063000000000000e-1
9.420000000000000e-1	2.574900000000000e+0	1.049000000000000e-1
9.480000000000000e-1	2.514300000000000e+0	1.036000000000000e-1
9.550000000000000e-1	2.500600000000000e+0	1.034000000000000e-1
9.610000000000000e-1	2.482500000000000e+0	1.031000000000000e-1
9.670000000000000e-1	2.447200000000000e+0	1.024000000000000e-1
9.730000000000000e-1	2.557800000000000e+0	1.048000000000000e-1
9.790000000000000e-1	2.286100000000000e+0	9.920000000000000e-2
9.850000000000000e-1	2.616200000000000e+0	1.061000000000000e-1
9.910000000000000e-1	2.387000000000000e+0	1.015000000000000e-1
9.970000000000000e-1	2.506600000000000e+0	1.040000000000000e-1
1.003000000000000e+0	2.609300000000000e+0	1.063000000000000e-1
1.009000000000000e+0	2.457000000000000e+0	1.031000000000000e-1
1.015000000000000e+0	2.390900000000000e+0	1.019000000000000e-1
1.021000000000000e+0	2.480800000000000e+0	1.037000000000000e-1
1.027000000000000e+0	2.410200000000000e+0	1.024000000000000e-1
1.033000000000000e+0	2.448200000000000e+0	1.033000000000000e-1
1.039000000000000e+0	2.246700000000000e+0	9.890000000000000e-2
1.045000000000000e+0	2.511300000000000e+0	1.047000000000000e-1
1.050000000000000e+0	2.291900000000000e+0	1.001000000000000e-1
1.056000000000000e+0	2.395400000000000e+0	1.023000000000000e-1
1.062000000000000e+0	2.372300000000000e+0	1.019000000000000e-1
1.068000000000000e+0	2.160600000000000e+0	9.730000000000000e-2
1.073000000000000e+0	2.339000000000000e+0	1.014000000000000e-1
1.079000000000000e+0	2.403500000000000e+0	1.029000000000000e-1
1.085000000000000e+0	2.204200000000000e+0	9.850000000000000e-2
1.090000000000000e+0	2.392100000000000e+0	1.027000000000000e-1
1.096000000000000e+0	2.629000000000000e+0	1.077000000000000e-1
1.102000000000000e+0	2.296700000000000e+0	1.008000000000000e-1
1.107000000000000e+0	2.388100000000000e+0	1.029000000000000e-1
1.113000000000000e+0	2.028100000000000e+0	9.480000000000000e-2
1.118000000000000e+0	2.221400000000000e+0	9.920000000000000e-2
1.124000000000000e+0	2.255300000000000e+0	1.001000000000000e-1
1.129000000000000e+0	2.360400000000000e+0	1.024000000000000e-1
1.135000000000000e+0	2.296700000000000e+0	1.011000000000000e-1
1.140000000000000e+0	2.165900000000000e+0	9.820000000000000e-2
1.146000000000000e+0	2.262400000000000e+0	1.005000000000000e-1
1.151000000000000e+0	2.184900000000000e+0	9.890000000000000e-2
1.157000000000000e+0	2.362100000000000e+0	1.028000000000000e-1
1.162000000000000e+0	2.289000000000000e+0	1.014000000000000e-1
1.167000000000000e+0	2.372600000000000e+0	1.032000000000000e-1
1.173000000000000e+0	2.402600000000000e+0	1.040000000000000e-1
1.178000000000000e+0	2.149300000000000e+0	9.830000000000000e-2
1.183000000000000e+0	2.129500000000000e+0	9.800000000000000e-2
1.188000000000000e+0	2.118700000000000e+0	9.770000000000000e-2
1.194000000000000e+0	2.396700000000000e+0	1.041000000000000e-1
1.199000000000000e+0	2.209900000000000e+0	9.990000000000000e-2
1.204000000000000e+0	2.185500000000000e+0	9.940000000000000e-2
1.209000000000000e+0	2.201900000000000e+0	9.990000000000000e-2
1.215000000000000e+0	2.209200000000000e+0	1.001000000000000e-1
1.220000000000000e+0	2.234700000000000e+0	1.007000000000000e-1
1.225000000000000e+0	2.319300000000000e+0	1.028000000000000e-1
1.230000000000000e+0	2.212900000000000e+0	1.005000000000000e-1
1.235000000000000e+0	2.129100000000000e+0	9.850000000000000e-2
1.240000000000000e+0	2.423900000000000e+0	1.052000000000000e-1
1.245000000000000e+0	2.221200000000000e+0	1.008000000000000e-1
1.250000000000000e+0	2.004400000000000e+0	9.590000000000000e-2
1.255000000000000e+0	2.263400000000000e+0	1.018000000000000e-1
1.260000000000000e+0	2.257100000000000e+0	1.019000000000000e-1
1.265000000000000e+0	2.397700000000000e+0	1.050000000000000e-1
1.270000000000000e+0	2.474200000000000e+0	1.068000000000000e-1
1.275000000000000e+0	2.306900000000000e+0	1.032000000000000e-1
1.280000000000000e+0	2.185300000000000e+0	1.005000000000000e-1
1.285000000000000e+0	2.469600000000000e+0	1.068000000000000e-1
1.290000000000000e+0	2.292400000000000e+0	1.029000000000000e-1
1.295000000000000e+0	2.498800000000000e+0	1.075000000000000e-1
1.300000000000000e+0	2.376800000000000e+0	1.050000000000000e-1
1.304000000000000e+0	2.491000000000000e+0	1.075000000000000e-1
1.309000000000000e+0	2.289700000000000e+0	1.032000000000000e-1
1.314000000000000e+0	2.264600000000000e+0	1.027000000000000e-1
1.319000000000000e+0	2.202200000000000e+0	1.013000000000000e-1
1.324000000000000e+0	2.265500000000000e+0	1.028000000000000e-1
1.328000000000000e+0	2.436300000000000e+0	1.066000000000000e-1
1.333000000000000e+0	2.271000000000000e+0	1.031000000000000e-1
1.338000000000000e+0	2.110100000000000e+0	9.940000000000000e-2
1.343000000000000e+0	2.370300000000000e+0	1.055000000000000e-1
1.347000000000000e+0	2.298100000000000e+0	1.039000000000000e-1
1.352000000000000e+0	2.390100000000000e+0	1.059000000000000e-1
1.357000000000000e+0	2.355400000000000e+0	1.053000000000000e-1
1.361000000000000e+0	2.217000000000000e+0	1.022000000000000e-1
1.366000000000000e+0	2.064200000000000e+0	9.860000000000000e-2
1.370000000000000e+0	2.302600000000000e+0	1.043000000000000e-1
1.375000000000000e+0	2.253400000000000e+0	1.032000000000000e-1
1.379000000000000e+0	2.260900000000000e+0	1.034000000000000e-1
1.384000000000000e+0	2.221000000000000e+0	1.026000000000000e-1
1.389000000000000e+0	2.190500000000000e+0	1.019000000000000e-1
1.393000000000000e+0	2.136100000000000e+0	1.008000000000000e-1
1.398000000000000e+0	2.210000000000000e+0	1.025000000000000e-1
1.402000000000000e+0	2.088900000000000e+0	9.970000000000000e-2
1.407000000000000e+0	2.324900000000000e+0	1.053000000000000e-1
1.411000000000000e+0	2.303800000000000e+0	1.049000000000000e-1
1.415000000000000e+0	2.072500000000000e+0	9.950000000000000e-2
1.420000000000000e+0	2.347500000000000e+0	1.059000000000000e-1
1.424000000000000e+0	2.379000000000000e+0	1.067000000000000e-1
1.429000000000000e+0	2.377100000000000e+0	1.067000000000000e-1
1.433000000000000e+0	2.394300000000000e+0	1.072000000000000e-1
1.437000000000000e+0	2.286600000000000e+0	1.049000000000000e-1
1.442000000000000e+0	2.274900000000000e+0	1.047000000000000e-1
1.446000000000000e+0	2.234300000000000e+0	1.038000000000000e-1
1.450000000000000e+0	2.482800000000000e+0	1.094000000000000e-1
1.455000000000000e+0	2.360200000000000e+0	1.067000000000000e-1
1.459000000000000e+0	2.425800000000000e+0	1.084000000000000e-1
1.463000000000000e+0	2.351300000000000e+0	1.068000000000000e-1
1.467000000000000e+0	2.576900000000000e+0	1.117000000000000e-1
1.472000000000000e+0	2.502300000000000e+0	1.103000000000000e-1
1.476000000000000e+0	2.354700000000000e+0	1.070000000000000e-1
1.480000000000000e+0	2.284600000000000e+0	1.055000000000000e-1
1.484000000000000e+0	2.428400000000000e+0	1.087000000000000e-1
1.488000000000000e+0	2.402000000000000e+0	1.082000000000000e-1
1.493000000000000e+0	2.438900000000000e+0	1.092000000000000e-1
1.497000000000000e+0	2.226900000000000e+0	1.043000000000000e-1
1.501000000000000e+0	2.430000000000000e+0	1.090000000000000e-1
1.505000000000000e+0	2.193000000000000e+0	1.037000000000000e-1
1.509000000000000e+0	2.362100000000000e+0	1.077000000000000e-1
1.513000000000000e+0	2.315800000000000e+0	1.067000000000000e-1
1.517000000000000e+0	2.583700000000000e+0	1.128000000000000e-1
1.521000000000000e+0	2.483500000000000e+0	1.105000000000000e-1
1.525000000000000e+0	2.417400000000000e+0	1.091000000000000e-1
1.529000000000000e+0	2.484300000000000e+0	1.108000000000000e-1
1.533000000000000e+0	2.398300000000000e+0	1.088000000000000e-1
1.537000000000000e+0	2.163900000000000e+0	1.035000000000000e-1
1.541000000000000e+0	2.121900000000000e+0	1.026000000000000e-1
1.545000000000000e+0	2.386800000000000e+0	1.088000000000000e-1
1.549000000000000e+0	2.240800000000000e+0	1.054000000000000e-1
1.553000000000000e+0	2.347600000000000e+0	1.079000000000000e-1
1.557000000000000e+0	2.236000000000000e+0	1.054000000000000e-1
1.561000000000000e+0	2.169000000000000e+0	1.039000000000000e-1
1.565000000000000e+0	2.166500000000000e+0	1.039000000000000e-1
1.569000000000000e+0	2.173900000000000e+0	1.041000000000000e-1
1.573000000000000e+0	2.156400000000000e+0	1.038000000000000e-1
1.577000000000000e+0	2.168900000000000e+0	1.041000000000000e-1
1.581000000000000e+0	2.041300000000000e+0	1.011000000000000e-1
1.584000000000000e+0	2.173800000000000e+0	1.045000000000000e-1
1.588000000000000e+0	2.106100000000000e+0	1.028000000000000e-1
1.592000000000000e+0	2.173700000000000e+0	1.046000000000000e-1
1.596000000000000e+0	2.216400000000000e+0	1.055000000000000e-1
1.600000000000000e+0	2.264200000000000e+0	1.067000000000000e-1
1.603000000000000e+0	2.191200000000000e+0	1.052000000000000e-1
1.607000000000000e+0	2.007100000000000e+0	1.007000000000000e-1
1.611000000000000e+0	2.145700000000000e+0	1.041000000000000e-1
1.615000000000000e+0	2.087500000000000e+0	1.028000000000000e-1
1.618000000000000e+0	2.039200000000000e+0	1.016000000000000e-1
1.622000000000000e+0	2.087100000000000e+0	1.030000000000000e-1
1.626000000000000e+0	2.201000000000000e+0	1.056000000000000e-1
1.630000000000000e+0	2.041000000000000e+0	1.019000000000000e-1
1.633000000000000e+0	2.190700000000000e+0	1.056000000000000e-1
1.637000000000000e+0	2.315300000000000e+0	1.085000000000000e-1
1.641000000000000e+0	2.063200000000000e+0	1.026000000000000e-1
1.644000000000000e+0	2.065500000000000e+0	1.028000000000000e-1
1.648000000000000e+0	2.144300000000000e+0	1.048000000000000e-1
1.651000000000000e+0	2.029200000000000e+0	1.018000000000000e-1
1.655000000000000e+0	1.990500000000000e+0	1.009000000000000e-1
1.659000000000000e+0	1.936400000000000e+0	9.970000000000000e-2
1.662000000000000e+0	2.005200000000000e+0	1.014000000000000e-1
1.666000000000000e+0	2.223000000000000e+0	1.068000000000000e-1
1.669000000000000e+0	2.091900000000000e+0	1.038000000000000e-1
1.673000000000000e+0	2.083900000000000e+0	1.035000000000000e-1
1.676000000000000e+0	2.003800000000000e+0	1.016000000000000e-1
1.680000000000000e+0	2.134900000000000e+0	1.050000000000000e-1
1.683000000000000e+0	2.013400000000000e+0	1.021000000000000e-1
1.687000000000000e+0	1.907100000000000e+0	9.940000000000000e-2
1.690000000000000e+0	1.976400000000000e+0	1.013000000000000e-1
1.694000000000000e+0	2.009700000000000e+0	1.022000000000000e-1
1.697000000000000e+0	2.063700000000000e+0	1.036000000000000e-1
1.701000000000000e+0	2.076400000000000e+0	1.040000000000000e-1
1.704000000000000e+0	2.078700000000000e+0	1.039000000000000e-1
1.708000000000000e+0	1.935300000000000e+0	1.005000000000000e-1
1.711000000000000e+0	1.807200000000000e+0	9.700000000000000e-2
1.715000000000000e+0	1.871700000000000e+0	9.880000000000000e-2
1.718000000000000e+0	2.046000000000000e+0	1.035000000000000e-1
1.721000000000000e+0	1.870600000000000e+0	9.900000000000000e-2
1.725000000000000e+0	1.914500000000000e+0	1.001000000000000e-1
1.728000000000000e+0	1.937500000000000e+0	1.009000000000000e-1
1.731000000000000e+0	1.892400000000000e+0	9.960000000000000e-2
1.735000000000000e+0	1.863000000000000e+0	9.900000000000000e-2
1.738000000000000e+0	1.844000000000000e+0	9.840000000000000e-2
1.741000000000000e+0	2.045900000000000e+0	1.037000000000000e-1
1.745000000000000e+0	1.784800000000000e+0	9.710000000000000e-2
1.748000000000000e+0	1.797300100000000e+0	9.730000000000000e-2
1.751000100000000e+0	1.883700000000000e+0	9.970000000000000e-2
1.755000100000000e+0	1.854000000000000e+0	9.910000000000000e-2
1.758000000000000e+0	1.776700000000000e+0	9.710000000000000e-2
1.761000100000000e+0	1.762700000000000e+0	9.670000000000000e-2
1.764000000000000e+0	1.944800000000000e+0	1.017000000000000e-1
1.768000000000000e+0	1.867300000000000e+0	9.950000000000000e-2
1.771000000000000e+0	1.901200000000000e+0	1.006000000000000e-1
1.774000000000000e+0	1.871300000000000e+0	9.990000000000000e-2
1.777000000000000e+0	1.777500000000000e+0	9.730000000000000e-2
1.780000000000000e+0	1.843400000000000e+0	9.910000000000000e-2
1.784000000000000e+0	1.962700000000000e+0	1.023000000000000e-1
1.787000000000000e+0	1.874000000000000e+0	1.002000000000000e-1
1.790000000000000e+0	1.726300000000000e+0	9.620000000000000e-2
1.793000000000000e+0	1.706800000000000e+0	9.560000000000000e-2
1.796000000000000e+0	1.933500000000000e+0	1.018000000000000e-1
1.799000000000000e+0	1.705000000000000e+0	9.580000000000000e-2
1.802000000000000e+0	1.862500000000000e+0	1.000000000000000e-1
1.806000000000000e+0	1.794600000000000e+0	9.830000000000000e-2
1.809000000000000e+0	1.726600000000000e+0	9.650000000000000e-2
1.812000000000000e+0	1.820000000000000e+0	9.910000000000000e-2
1.815000000000000e+0	1.800300000000000e+0	9.870000000000000e-2
1.818000000000000e+0	1.764500000000000e+0	9.770000000000000e-2
1.821000000000000e+0	1.636700000000000e+0	9.420000000000000e-2
1.824000000000000e+0	1.708700000000000e+0	9.630000000000000e-2
1.827000000000000e+0	1.656400000000000e+0	9.480000000000000e-2
1.830000000000000e+0	1.647300000000000e+0	9.460000000000000e-2
1.833000000000000e+0	1.762900000000000e+0	9.790000000000000e-2
1.836000000000000e+0	1.650700000000000e+0	9.480000000000000e-2
1.839000000000000e+0	1.614400000000000e+0	9.370000000000000e-2
1.842000000000000e+0	1.561700000000000e+0	9.230000000000000e-2
1.845000000000000e+0	1.585100000000000e+0	9.290000000000000e-2
1.848000000000000e+0	1.608600000000000e+0	9.380000000000000e-2
1.851000000000000e+0	1.528400000000000e+0	9.130000000000000e-2
1.854000000000000e+0	1.732200000000000e+0	9.740000000000000e-2
1.857000000000000e+0	1.673800000000000e+0	9.580000000000000e-2
1.860000000000000e+0	1.664600000000000e+0	9.560000000000000e-2
1.863000000000000e+0	1.748500000000000e+0	9.810000000000000e-2
1.866000000000000e+0	1.701000000000000e+0	9.660000000000000e-2
1.869000000000000e+0	1.702700000000000e+0	9.670000000000000e-2
1.872000000000000e+0	1.600000000000000e+0	9.380000000000000e-2
1.875000000000000e+0	1.750300000000000e+0	9.830000000000000e-2
1.877000000000000e+0	1.768600000000000e+0	9.890000000000000e-2
1.880000000000000e+0	1.891800000000000e+0	1.023000000000000e-1
1.883000000000000e+0	1.601100000000000e+0	9.420000000000000e-2
1.886000000000000e+0	1.691200000000000e+0	9.670000000000000e-2
1.889000000000000e+0	1.626600000000000e+0	9.490000000000000e-2
1.892000000000000e+0	1.855300000000000e+0	1.015000000000000e-1
1.895000000000000e+0	1.607700000000000e+0	9.440000000000000e-2
1.897000000000000e+0	1.642700000000000e+0	9.560000000000000e-2
1.900000000000000e+0	1.683300000000000e+0	9.670000000000000e-2
1.903000000000000e+0	1.662700000000000e+0	9.620000000000000e-2
1.906000000000000e+0	1.564200000000000e+0	9.350000000000000e-2
1.909000000000000e+0	1.476700000000000e+0	9.090000000000000e-2
1.911000000000000e+0	1.545100000000000e+0	9.280000000000000e-2
1.914000000000000e+0	1.736600000000000e+0	9.860000000000000e-2
1.917000000000000e+0	1.609800000000000e+0	9.490000000000000e-2
1.920000000000000e+0	1.728900000000000e+0	9.850000000000000e-2
1.922000000000000e+0	1.523400000000000e+0	9.250000000000000e-2
1.925000000000000e+0	1.642700000000000e+0	9.610000000000000e-2
1.928000000000000e+0	1.616300000000000e+0	9.540000000000000e-2
1.931000000000000e+0	1.668500000000000e+0	9.700000000000000e-2
1.933000000000000e+0	1.664600000000000e+0	9.690000000000000e-2
1.936000000000000e+0	1.733800000000000e+0	9.900000000000000e-2
1.939000000000000e+0	1.476400000000000e+0	9.120000000000000e-2
1.941000000000000e+0	1.686600000000000e+0	9.750000000000000e-2
1.944000000000000e+0	1.626200000000000e+0	9.580000000000000e-2
1.947000000000000e+0	1.593900000000000e+0	9.510000000000000e-2
1.949000000000000e+0	1.708600100000000e+0	9.850000000000000e-2
1.952000000000000e+0	1.784000000000000e+0	1.005000000000000e-1
1.955000000000000e+0	1.814100000000000e+0	1.016000000000000e-1
1.957000000000000e+0	1.708100000000000e+0	9.860000000000000e-2
1.960000000000000e+0	1.761000100000000e+0	1.000000000000000e-1
1.963000000000000e+0	1.722900000000000e+0	9.910000000000000e-2
1.965000000000000e+0	1.576700000000000e+0	9.470000000000000e-2
1.968000000000000e+0	1.686500000000000e+0	9.820000000000000e-2
1.971000000000000e+0	1.927700000000000e+0	1.050000000000000e-1
1.973000000000000e+0	1.638500000000000e+0	9.670000000000000e-2
1.976000000000000e+0	1.783000000000000e+0	1.009000000000000e-1
1.978000000000000e+0	1.887700000000000e+0	1.041000000000000e-1
1.981000000000000e+0	1.826600000000000e+0	1.024000000000000e-1
1.983000000000000e+0	1.788300000000000e+0	1.012000000000000e-1
1.986000000000000e+0	1.939300000000000e+0	1.055000000000000e-1
1.989000000000000e+0	1.843600000000000e+0	1.031000000000000e-1
1.991000000000000e+0	1.920100000000000e+0	1.051000000000000e-1
1.994000000000000e+0	1.829900000000000e+0	1.028000000000000e-1
1.996000000000000e+0	1.716500000000000e+0	9.960000000000000e-2
1.999000000000000e+0	1.810500000000000e+0	1.023000000000000e-1
2.001000000000000e+0	1.945000000000000e+0	1.061000000000000e-1
2.004000000000000e+0	1.767900000000000e+0	1.011000000000000e-1
2.006000000000000e+0	1.775400000000000e+0	1.013000000000000e-1
2.009000000000000e+0	1.887100000000000e+0	1.045000000000000e-1
2.011000000000000e+0	1.894800000000000e+0	1.048000000000000e-1
2.014000000000000e+0	2.099600000000000e+0	1.105000000000000e-1
2.016000000000000e+0	2.049400000000000e+0	1.091000000000000e-1
2.019000000000000e+0	1.993300000000000e+0	1.078000000000000e-1
2.021000000000000e+0	1.948800000000000e+0	1.066000000000000e-1
2.023000000000000e+0	1.845800000000000e+0	1.038000000000000e-1
2.026000000000000e+0	1.964200000000000e+0	1.072000000000000e-1
2.028000000000000e+0	1.861100000000000e+0	1.044000000000000e-1
2.031000000000000e+0	1.962200000000000e+0	1.072000000000000e-1
2.033000000000000e+0	1.929100000000000e+0	1.064000000000000e-1
2.036000000000000e+0	2.124000000000000e+0	1.115000000000000e-1
2.038000000000000e+0	2.032400000000000e+0	1.091000000000000e-1
2.040000000000000e+0	1.993300000000000e+0	1.083000000000000e-1
2.043000000000000e+0	1.919000000000000e+0	1.063000000000000e-1
2.045000000000000e+0	1.903200000000000e+0	1.059000000000000e-1
2.047000000000000e+0	1.987400000000000e+0	1.083000000000000e-1
2.050000000000000e+0	2.218800000000000e+0	1.143000000000000e-1
2.052000000000000e+0	2.185600000000000e+0	1.135000000000000e-1
2.055000000000000e+0	2.205400000000000e+0	1.140000000000000e-1
2.057000000000000e+0	2.260700000000000e+0	1.155000000000000e-1
2.059000000000000e+0	2.174200000000000e+0	1.133000000000000e-1
2.062000000000000e+0	2.211800000000000e+0	1.144000000000000e-1
2.064000000000000e+0	2.344200000000000e+0	1.178000000000000e-1
2.066000000000000e+0	2.174600000000000e+0	1.137000000000000e-1
2.069000000000000e+0	2.129200000000000e+0	1.124000000000000e-1
2.071000000000000e+0	2.172800000000000e+0	1.136000000000000e-1
2.073000000000000e+0	2.246200000000000e+0	1.157000000000000e-1
2.075000000000000e+0	2.266200000000000e+0	1.161000000000000e-1
2.078000000000000e+0	2.042100000000000e+0	1.103000000000000e-1
2.080000000000000e+0	2.348000000000000e+0	1.183000000000000e-1
2.082000000000000e+0	2.356300000000000e+0	1.187000000000000e-1
2.085000000000000e+0	2.477900000000000e+0	1.216000000000000e-1
2.087000000000000e+0	2.217300000000000e+0	1.151000000000000e-1
2.089000000000000e+0	2.303200000000000e+0	1.175000000000000e-1
2.091000000000000e+0	2.592800000000000e+0	1.247000000000000e-1
2.094000000000000e+0	2.445400000000000e+0	1.211000000000000e-1
2.096000000000000e+0	2.453700000000000e+0	1.215000000000000e-1
2.098000000000000e+0	2.624200000000000e+0	1.257000000000000e-1
2.100000000000000e+0	2.428300000000000e+0	1.210000000000000e-1
2.102000000000000e+0	2.641200000000000e+0	1.261000000000000e-1
2.105000000000000e+0	2.595500000000000e+0	1.252000000000000e-1
2.107000000000000e+0	2.465400000000000e+0	1.221000000000000e-1
2.109000000000000e+0	2.594400000000000e+0	1.251000000000000e-1
2.111000000000000e+0	2.548500000000000e+0	1.242000000000000e-1
2.113000000000000e+0	2.514700000000000e+0	1.234000000000000e-1
2.116000000000000e+0	2.577500000000000e+0	1.249000000000000e-1
2.118000000000000e+0	2.676900000000000e+0	1.273000000000000e-1
2.120000000000000e+0	2.697600000000000e+0	1.279000000000000e-1
2.122000000000000e+0	2.851800000000000e+0	1.317000000000000e-1
2.124000000000000e+0	2.490100000000000e+0	1.230000000000000e-1
2.126000000000000e+0	3.124600000000000e+0	1.380000000000000e-1
2.129000000000000e+0	2.671200000000000e+0	1.276000000000000e-1
2.131000000000000e+0	2.582300000000000e+0	1.256000000000000e-1
2.133000000000000e+0	2.889600000000000e+0	1.329000000000000e-1
2.135000000000000e+0	2.666500000000000e+0	1.276000000000000e-1
2.137000000000000e+0	2.693400000000000e+0	1.284000000000000e-1
2.139000000000000e+0	2.720400000000000e+0	1.290000000000000e-1
2.141000000000000e+0	2.729000000000000e+0	1.292000000000000e-1
2.143000000000000e+0	2.682600000000000e+0	1.283000000000000e-1
2.146000000000000e+0	2.899600000000000e+0	1.333000000000000e-1
2.148000000000000e+0	2.767300000000000e+0	1.305000000000000e-1
2.150000000000000e+0	2.862000000000000e+0	1.327000000000000e-1
2.152000000000000e+0	2.833900000000000e+0	1.320000000000000e-1
2.154000000000000e+0	2.873500000000000e+0	1.331000000000000e-1
2.156000000000000e+0	2.574300000000000e+0	1.261000000000000e-1
2.158000000000000e+0	2.693900000000000e+0	1.289000000000000e-1
2.160000000000000e+0	2.930800000000000e+0	1.345000000000000e-1
2.162000000000000e+0	2.853200000000000e+0	1.329000000000000e-1
2.164000000000000e+0	2.880600000000000e+0	1.336000000000000e-1
2.166000000000000e+0	2.951300000000000e+0	1.353000000000000e-1
2.168000000000000e+0	2.774400000000000e+0	1.311000000000000e-1
2.170000000000000e+0	2.684000000000000e+0	1.290000000000000e-1
2.172000000000000e+0	2.816700000000000e+0	1.322000000000000e-1
2.174000000000000e+0	2.912500000000000e+0	1.346000000000000e-1
2.176000000000000e+0	2.741100000000000e+0	1.305000000000000e-1
2.178000000000000e+0	2.787200000000000e+0	1.317000000000000e-1
2.180000000000000e+0	2.727400000000000e+0	1.303000000000000e-1
2.182000000000000e+0	2.929400000000000e+0	1.353000000000000e-1
2.184000000000000e+0	2.695000000000000e+0	1.297000000000000e-1
2.186000000000000e+0	2.872300000000000e+0	1.341000000000000e-1
2.188000000000000e+0	2.649900000000000e+0	1.287000000000000e-1
2.190000000000000e+0	2.764900000000000e+0	1.315000000000000e-1
2.192000000000000e+0	2.754900000000000e+0	1.315000000000000e-1
2.194000000000000e+0	2.970500000000000e+0	1.364000000000000e-1
2.196000000000000e+0	2.728600000000000e+0	1.308000000000000e-1
2.198000000000000e+0	2.862900000000000e+0	1.342000000000000e-1
2.200000000000000e+0	2.940900000000000e+0	1.359000000000000e-1
2.202000000000000e+0	2.880700000000000e+0	1.346000000000000e-1
2.204000000000000e+0	2.877000000000000e+0	1.346000000000000e-1
2.206000000000000e+0	2.747300000000000e+0	1.317000000000000e-1
2.208000000000000e+0	2.850600000000000e+0	1.342000000000000e-1
2.210000000000000e+0	2.638600000000000e+0	1.291000000000000e-1
2.212000000000000e+0	2.811600000000000e+0	1.333000000000000e-1
2.213000000000000e+0	2.839400000000000e+0	1.341000000000000e-1
2.215000000000000e+0	2.791300000000000e+0	1.331000000000000e-1
2.217000000000000e+0	2.553100000000000e+0	1.272000000000000e-1
2.219000000000000e+0	2.618800000000000e+0	1.289000000000000e-1
2.221000000000000e+0	2.900400000000000e+0	1.357000000000000e-1
2.223000000000000e+0	2.432900000000000e+0	1.245000000000000e-1
