-4.470490000000000e+2	1.175000000000000e-1	8.500000000000000e-3
-4.307840000000000e+2	1.253000000000000e-1	8.900000000000000e-3
-4.153850000000000e+2	1.328000000000000e-1	9.300000000000000e-3
-4.007910000000000e+2	1.260000000000000e-1	9.100000000000000e-3
-3.869460000000000e+2	1.335000000000000e-1	9.400000000000000e-3
-3.738020000000000e+2	1.331000000000000e-1	9.500000000000000e-3
-3.613100000000000e+2	1.230000000000000e-1	9.200000000000000e-3
-3.494290100000000e+2	1.524000000000000e-1	1.030000000000000e-2
-3.381200000000000e+2	1.256000000000000e-1	9.500000000000000e-3
-3.273460000000000e+2	1.327000000000000e-1	9.800000000000000e-3
-3.170740000000000e+2	1.496000000000000e-1	1.050000000000000e-2
-3.072730000000000e+2	1.317000000000000e-1	9.900000000000002e-3
-2.979150000000000e+2	1.482000000000000e-1	1.060000000000000e-2
-2.889740000000000e+2	1.281000000000000e-1	9.900000000000002e-3
-2.804260000000000e+2	1.496000000000000e-1	1.080000000000000e-2
-2.722460000000000e+2	1.375000000000000e-1	1.050000000000000e-2
-2.644160000000000e+2	1.370000000000000e-1	1.050000000000000e-2
-2.569150000000000e+2	1.513000000000000e-1	1.110000000000000e-2
-2.497250000000000e+2	1.584000000000000e-1	1.150000000000000e-2
-2.428280000000000e+2	1.513000000000000e-1	1.130000000000000e-2
-2.362100000000000e+2	1.543000000000000e-1	1.150000000000000e-2
-2.298560000000000e+2	1.503000000000000e-1	1.140000000000000e-2
-2.237500000000000e+2	1.541000000000000e-1	1.160000000000000e-2
-2.178820000000000e+2	1.889000000000000e-1	1.290000000000000e-2
-2.122380000000000e+2	1.914000000000000e-1	1.310000000000000e-2
-2.068080000000000e+2	1.565000000000000e-1	1.190000000000000e-2
-2.015800000000000e+2	1.742000000000000e-1	1.270000000000000e-2
-1.965450000000000e+2	1.838000000000000e-1	1.310000000000000e-2
-1.916940000000000e+2	1.625000000000000e-1	1.240000000000000e-2
-1.870170000000000e+2	1.587000000000000e-1	1.230000000000000e-2
-1.825060000000000e+2	1.771000000000000e-1	1.310000000000000e-2
-1.781540000000000e+2	1.479000000000000e-1	1.200000000000000e-2
-1.739530000000000e+2	2.160000000000000e-1	1.460000000000000e-2
-1.698960100000000e+2	1.854000000000000e-1	1.360000000000000e-2
-1.659770000000000e+2	1.724000000000000e-1	1.320000000000000e-2
-1.621890000000000e+2	1.692000100000000e-1	1.320000000000000e-2
-1.585270000000000e+2	1.898000000000000e-1	1.400000000000000e-2
-1.549860000000000e+2	2.076000000000000e-1	1.480000000000000e-2
-1.515590000000000e+2	1.834000000000000e-1	1.390000000000000e-2
-1.482430000000000e+2	1.843000000000000e-1	1.410000000000000e-2
-1.450320000000000e+2	1.625000000000000e-1	1.330000000000000e-2
-1.419220000000000e+2	1.937000000000000e-1	1.460000000000000e-2
-1.389080000000000e+2	1.903000000000000e-1	1.450000000000000e-2
-1.359880000000000e+2	2.079000000000000e-1	1.520000000000000e-2
-1.331570000000000e+2	2.112000000000000e-1	1.540000000000000e-2
-1.304110000000000e+2	2.122000000000000e-1	1.560000000000000e-2
-1.277470000000000e+2	2.212000000000000e-1	1.600000000000000e-2
-1.251620000000000e+2	1.932000000000000e-1	1.500000000000000e-2
-1.226530000000000e+2	1.892000000000000e-1	1.490000000000000e-2
-1.202160000000000e+2	2.018000000000000e-1	1.550000000000000e-2
-1.178500000000000e+2	2.085000000000000e-1	1.580000000000000e-2
-1.155510000000000e+2	2.226000000000000e-1	1.640000000000000e-2
-1.133170000000000e+2	2.223000000000000e-1	1.650000000000000e-2
-1.111450000000000e+2	2.355000000000000e-1	1.700000000000000e-2
-1.090340000000000e+2	1.867000000000000e-1	1.520000000000000e-2
-1.069800000000000e+2	2.650000000000000e-1	1.820000000000000e-2
-1.049820000000000e+2	2.079000000000000e-1	1.620000000000000e-2
-1.030380000000000e+2	2.200000000000000e-1	1.680000100000000e-2
-1.011460000000000e+2	2.143000000000000e-1	1.660000000000000e-2
-9.930400000000000e+1	2.162000000000000e-1	1.680000100000000e-2
-9.751000000000000e+1	2.023000000000000e-1	1.630000000000000e-2
-9.576300000000000e+1	2.253000000000000e-1	1.730000000000000e-2
-9.406100000000000e+1	2.326000000000000e-1	1.760000000000000e-2
-9.240200000000000e+1	2.373000000000000e-1	1.790000000000000e-2
-9.078600000000000e+1	2.448000000000000e-1	1.820000000000000e-2
-8.921000000000000e+1	2.400000000000000e-1	1.810000000000000e-2
-8.767300000000000e+1	2.171000000000000e-1	1.730000000000000e-2
-8.617500000000000e+1	2.427000000000000e-1	1.840000000000000e-2
-8.471300000000000e+1	2.306000000000000e-1	1.800000100000000e-2
-8.328600000000000e+1	2.594000000000000e-1	1.920000000000000e-2
-8.189500000000000e+1	2.430000000000000e-1	1.860000000000000e-2
-8.053600000000000e+1	2.392000000000000e-1	1.860000000000000e-2
-7.920900000000000e+1	2.309000000000000e-1	1.830000000000000e-2
-7.791400000000000e+1	2.635000000000000e-1	1.960000000000000e-2
-7.664900000000000e+1	2.582000000000000e-1	1.950000000000000e-2
-7.541400000000000e+1	2.483000000000000e-1	1.920000000000000e-2
-7.420700000000000e+1	2.427000000000000e-1	1.910000000000000e-2
-7.302700000000000e+1	2.522000000000000e-1	1.950000000000000e-2
-7.187400099999999e+1	2.389000000000000e-1	1.910000000000000e-2
-7.074800000000001e+1	2.545000000000000e-1	1.980000000000000e-2
-6.964600000000000e+1	2.394000000000000e-1	1.920000000000000e-2
-6.856800000000000e+1	2.801000000000000e-1	2.090000000000000e-2
-6.751500000000000e+1	2.446000000000000e-1	1.960000000000000e-2
-6.648399999999999e+1	2.700000000000000e-1	2.060000000000000e-2
-6.547600000000000e+1	2.529000000000000e-1	2.010000000000000e-2
-6.448900000000001e+1	2.051000000000000e-1	1.810000000000000e-2
-6.352400000000000e+1	2.534000000000000e-1	2.020000000000000e-2
-6.257900000000000e+1	2.308000000000000e-1	1.940000000000000e-2
-6.165400000000000e+1	2.881000000000000e-1	2.170000000000000e-2
-6.074800000000000e+1	2.605000000000000e-1	2.070000000000000e-2
-5.986100000000000e+1	2.673000000000000e-1	2.110000000000000e-2
-5.899300000000000e+1	2.340000000000000e-1	1.980000000000000e-2
-5.814200000000000e+1	2.827000000000000e-1	2.180000000000000e-2
-5.730800000000000e+1	2.677000000000000e-1	2.130000000000000e-2
-5.649200000000000e+1	2.423000000000000e-1	2.030000000000000e-2
-5.569200000000000e+1	2.731000000000000e-1	2.170000000000000e-2
-5.490700000000000e+1	2.473000000000000e-1	2.070000000000000e-2
-5.413900000000000e+1	2.576000000000000e-1	2.120000000000000e-2
-5.338500000000000e+1	2.926000000000000e-1	2.260000000000000e-2
-5.264600000000000e+1	3.016000000000000e-1	2.310000000000000e-2
-5.192200000000000e+1	2.450000000000000e-1	2.090000000000000e-2
-5.121100000000000e+1	2.805000000000000e-1	2.240000000000000e-2
-5.051400000000000e+1	2.608000000000000e-1	2.170000000000000e-2
-4.983100000000000e+1	2.986000000000000e-1	2.330000000000000e-2
-4.916000000000000e+1	2.714000000000000e-1	2.220000000000000e-2
-4.850200000000000e+1	2.750000000000000e-1	2.250000000000000e-2
-4.785700000000000e+1	3.044000000000000e-1	2.370000000000000e-2
-4.722300000000000e+1	3.285000000000000e-1	2.470000000000000e-2
-4.660100000000000e+1	2.372000000000000e-1	2.100000000000000e-2
-4.599000000000000e+1	2.838000000000000e-1	2.310000000000000e-2
-4.539100000000000e+1	2.931000000000000e-1	2.350000000000000e-2
-4.480200000000000e+1	3.329000000000000e-1	2.520000000000000e-2
-4.422400000000000e+1	2.928000000000000e-1	2.370000000000000e-2
-4.365700000000000e+1	2.946000000000000e-1	2.380000000000000e-2
-4.309900000000000e+1	3.138000000000000e-1	2.470000000000000e-2
-4.255200000000000e+1	3.371000000000000e-1	2.560000000000000e-2
-4.201400000000000e+1	3.273000000000000e-1	2.530000000000000e-2
-4.148500000000000e+1	3.174000000000000e-1	2.500000000000000e-2
-4.096600000000000e+1	2.856000000000000e-1	2.380000000000000e-2
-4.045600000000000e+1	2.553000000000000e-1	2.260000000000000e-2
-3.995400000000000e+1	3.952000000000000e-1	2.820000000000000e-2
-3.946100000000000e+1	3.208000000000000e-1	2.540000000000000e-2
-3.897700000000000e+1	3.247000000000000e-1	2.570000000000000e-2
-3.850000000000000e+1	2.959000000000000e-1	2.460000000000000e-2
-3.803200000000000e+1	3.304000000000000e-1	2.600000000000000e-2
-3.757100000000000e+1	3.323000000000000e-1	2.620000000000000e-2
-3.711800000000000e+1	3.362000000000000e-1	2.640000000000000e-2
-3.667300000000000e+1	3.548000000000000e-1	2.720000000000000e-2
-3.623500000000000e+1	3.861000000000000e-1	2.850000000000000e-2
-3.580400000000000e+1	3.587000000000000e-1	2.750000000000000e-2
-3.538000000000000e+1	3.225000000000000e-1	2.620000000000000e-2
-3.496300000000000e+1	3.242000000000000e-1	2.630000000000000e-2
-3.455300100000000e+1	3.774000000000000e-1	2.850000000000000e-2
-3.414900000000000e+1	3.967000000000000e-1	2.920000000000000e-2
-3.375200000000000e+1	3.837000000000000e-1	2.880000000000000e-2
-3.336100000000000e+1	4.031000000000000e-1	2.960000000000000e-2
-3.297600000000000e+1	4.140000000000000e-1	3.010000000000000e-2
-3.259700000000000e+1	3.964000000000000e-1	2.950000000000000e-2
-3.222400000000000e+1	4.937000000000000e-1	3.310000000000000e-2
-3.185700000000000e+1	4.473000000000000e-1	3.150000000000000e-2
-3.149500000000000e+1	4.697000000000000e-1	3.240000000000000e-2
-3.114000000000000e+1	4.609000000000000e-1	3.220000000000000e-2
-3.078900000000000e+1	4.565000000000000e-1	3.210000000000000e-2
-3.044400000000000e+1	4.793000000000000e-1	3.300000000000000e-2
-3.010400000000000e+1	4.931000000000000e-1	3.360000100000000e-2
-2.976900000000000e+1	5.232000000000000e-1	3.460000000000000e-2
-2.943900000000000e+1	4.681000000000000e-1	3.290000000000000e-2
-2.911400000000000e+1	5.306999999999999e-1	3.510000000000000e-2
-2.879400000000000e+1	5.286999999999999e-1	3.510000000000000e-2
-2.847900000000000e+1	6.297000000000000e-1	3.840000000000000e-2
-2.816800000000000e+1	6.916000000000000e-1	4.030000000000000e-2
-2.786200000000000e+1	6.973000000000000e-1	4.060000000000000e-2
-2.756000000000000e+1	7.459000000000000e-1	4.210000000000000e-2
-2.726300000000000e+1	7.542000000000000e-1	4.240000000000000e-2
-2.697000000000000e+1	7.747000000000000e-1	4.310000000000000e-2
-2.668100000000000e+1	8.170000000000000e-1	4.440000000000000e-2
-2.639600000000000e+1	7.676000000000000e-1	4.310000000000000e-2
-2.611600000000000e+1	9.294000000000000e-1	4.760000000000000e-2
-2.583900000000000e+1	8.018000000000000e-1	4.430000000000000e-2
-2.556600000000000e+1	9.456000000000000e-1	4.820000000000000e-2
-2.529700000000000e+1	8.193000000000000e-1	4.500000000000000e-2
-2.503200000000000e+1	8.528000000000000e-1	4.600000000000000e-2
-2.477000000000000e+1	9.415000000000000e-1	4.840000000000000e-2
-2.451200000000000e+1	9.759000000000000e-1	4.940000000000000e-2
-2.425700000000000e+1	9.251000000000000e-1	4.820000000000000e-2
-2.400600000000000e+1	9.748000000000000e-1	4.960000000000000e-2
-2.375900000000000e+1	1.002100000000000e+0	5.040000000000000e-2
-2.351500000000000e+1	9.684000000000000e-1	4.970000000000000e-2
-2.327400000000000e+1	9.805000000000000e-1	5.010000000000000e-2
-2.303600000000000e+1	1.128900000000000e+0	5.390000000000000e-2
-2.280200000000000e+1	1.074500000000000e+0	5.270000000000000e-2
-2.257000000000000e+1	1.066400000000000e+0	5.260000000000000e-2
-2.234200000000000e+1	1.003300000000000e+0	5.110000000000000e-2
-2.211700000000000e+1	1.044400000000000e+0	5.230000000000000e-2
-2.189400000000000e+1	9.728000000000000e-1	5.060000000000000e-2
-2.167500000000000e+1	1.180400000000000e+0	5.580000000000000e-2
-2.145800000000000e+1	1.145800000000000e+0	5.510000000000000e-2
-2.124400000000000e+1	1.228000000000000e+0	5.720000000000000e-2
-2.103300000000000e+1	1.112900000000000e+0	5.460000000000000e-2
-2.082500000000000e+1	1.246700000000000e+0	5.790000000000000e-2
-2.061900000000000e+1	1.181900000000000e+0	5.650000000000000e-2
-2.041600000000000e+1	1.187000000000000e+0	5.670000000000000e-2
-2.021600000000000e+1	1.309000000000000e+0	5.970000000000000e-2
-2.001800000000000e+1	1.369200000000000e+0	6.120000000000000e-2
-1.982300000000000e+1	1.391500000000000e+0	6.180000000000000e-2
-1.963000000000000e+1	1.394600000000000e+0	6.200000000000000e-2
-1.943900000000000e+1	1.433600000000000e+0	6.300000000000000e-2
-1.925100000000000e+1	1.381200000000000e+0	6.200000000000000e-2
-1.906500000000000e+1	1.392600000000000e+0	6.230000000000000e-2
-1.888100000000000e+1	1.482400000000000e+0	6.450000000000000e-2
-1.870000000000000e+1	1.584200000000000e+0	6.680000000000000e-2
-1.852100000000000e+1	1.565200000000000e+0	6.650000000000000e-2
-1.834400000000000e+1	1.483700000000000e+0	6.490000000000000e-2
-1.816900000000000e+1	1.503900000000000e+0	6.550000000000000e-2
-1.799700000000000e+1	1.421400000000000e+0	6.379999999999999e-2
-1.782600000000000e+1	1.392700000000000e+0	6.320000000000001e-2
-1.765800000000000e+1	1.228200000000000e+0	5.950000000000000e-2
-1.749100000000000e+1	1.317000000000000e+0	6.170000000000000e-2
-1.732700000000000e+1	1.313500000000000e+0	6.180000000000000e-2
-1.716400000000000e+1	1.455900000000000e+0	6.519999999999999e-2
-1.700300000000000e+1	1.502700000000000e+0	6.630000000000000e-2
-1.684400000000000e+1	1.435100000000000e+0	6.500000000000000e-2
-1.668800000000000e+1	1.411200000000000e+0	6.450000000000000e-2
-1.653200000000000e+1	1.312900000000000e+0	6.240000000000000e-2
-1.637900000000000e+1	1.443000000000000e+0	6.550000000000000e-2
-1.622800000000000e+1	1.299300000000000e+0	6.230000000000000e-2
-1.607800000000000e+1	1.235300000000000e+0	6.090000000000000e-2
-1.593000000000000e+1	1.243100000000000e+0	6.120000000000000e-2
-1.578300000000000e+1	1.317400000000000e+0	6.310000000000000e-2
-1.563900000000000e+1	1.231400000000000e+0	6.110000000000000e-2
-1.549600000000000e+1	1.172100000000000e+0	5.970000000000000e-2
-1.535400000000000e+1	1.329400000000000e+0	6.370000000000001e-2
-1.521400000000000e+1	1.260800000000000e+0	6.220000000000000e-2
-1.507600000000000e+1	1.407200000000000e+0	6.580000000000000e-2
-1.493900000000000e+1	1.353700000000000e+0	6.469999999999999e-2
-1.480400000000000e+1	1.486000000000000e+0	6.790000000000000e-2
-1.467000000000000e+1	1.503900000000000e+0	6.840000000000000e-2
-1.453800000000000e+1	1.425100000000000e+0	6.669999999999999e-2
-1.440700000000000e+1	1.301800000000000e+0	6.390000000000000e-2
-1.427800000000000e+1	1.517500000000000e+0	6.910000099999999e-2
-1.415000000000000e+1	1.343000000000000e+0	6.510000000000001e-2
-1.402300000000000e+1	1.484200000000000e+0	6.860000099999999e-2
-1.389800000000000e+1	1.489600000000000e+0	6.890000000000000e-2
-1.377500000000000e+1	1.383200000000000e+0	6.650000000000000e-2
-1.365200000000000e+1	1.336900000000000e+0	6.550000000000000e-2
-1.353100000000000e+1	1.415700000000000e+0	6.750000000000001e-2
-1.341100000000000e+1	1.340100000000000e+0	6.580000000000000e-2
-1.329200000000000e+1	1.312500000000000e+0	6.519999999999999e-2
-1.317500000000000e+1	1.385400000000000e+0	6.710000000000001e-2
-1.305900000000000e+1	1.276100000000000e+0	6.450000000000000e-2
-1.294400000000000e+1	1.238100000000000e+0	6.370000000000001e-2
-1.283000000000000e+1	1.209600000000000e+0	6.310000000000000e-2
-1.271800000000000e+1	1.101700000000000e+0	6.030000000000000e-2
-1.260700000000000e+1	1.188300000000000e+0	6.270000000000001e-2
-1.249700000000000e+1	1.119300000000000e+0	6.100000000000000e-2
-1.238800000000000e+1	1.023200000000000e+0	5.840000000000000e-2
-1.228000000000000e+1	1.093700000000000e+0	6.050000000000000e-2
-1.217300000000000e+1	9.733000000000000e-1	5.710000000000000e-2
-1.206700000000000e+1	1.010300000000000e+0	5.830000000000000e-2
-1.196300000000000e+1	9.157000000000000e-1	5.560000000000000e-2
-1.185900000000000e+1	9.596000000000000e-1	5.700000000000000e-2
-1.175700000000000e+1	1.007100000000000e+0	5.850000000000000e-2
-1.165500000000000e+1	9.251000000000000e-1	5.620000000000000e-2
-1.155500000000000e+1	1.013900000000000e+0	5.890000000000000e-2
-1.145600000000000e+1	1.065400000000000e+0	6.050000000000000e-2
-1.135700000000000e+1	1.110400000000000e+0	6.190000000000000e-2
-1.126000000000000e+1	1.076000000000000e+0	6.100000000000000e-2
-1.116300000000000e+1	1.138600000000000e+0	6.290000000000000e-2
-1.106800000000000e+1	1.198100000000000e+0	6.460000000000001e-2
-1.097300000000000e+1	1.313900000000000e+0	6.780000000000000e-2
-1.088000000000000e+1	1.279700000000000e+0	6.700000000000000e-2
-1.078700000000000e+1	1.273400000000000e+0	6.690000000000000e-2
-1.069500000000000e+1	1.305800000000000e+0	6.790000000000000e-2
-1.060400000000000e+1	1.341900000000000e+0	6.890000000000000e-2
-1.051400000000000e+1	1.378300000000000e+0	7.000000000000001e-2
-1.042500000000000e+1	1.450400000000000e+0	7.190000000000001e-2
-1.033700000000000e+1	1.380100000000000e+0	7.020000000000000e-2
-1.025000000000000e+1	1.603300000000000e+0	7.580000000000000e-2
-1.016300000000000e+1	1.518500000000000e+0	7.390000000000000e-2
-1.007700000000000e+1	1.552300000000000e+0	7.490000000000000e-2
-9.992000000000002e+0	1.611500000000000e+0	7.640000000000000e-2
-9.908000000000000e+0	1.671200000000000e+0	7.790000000000000e-2
-9.825000000000000e+0	1.625500000000000e+0	7.700000000000000e-2
-9.742000000000002e+0	1.626900000000000e+0	7.710000000000000e-2
-9.661000000000000e+0	1.676100000000000e+0	7.840000000000000e-2
-9.580000000000000e+0	1.523200000000000e+0	7.490000000000000e-2
-9.499000000000000e+0	1.790000000000000e+0	8.130000000000000e-2
-9.420000000000000e+0	1.714100000000000e+0	7.970000000000000e-2
-9.341000000000000e+0	1.871700000000000e+0	8.340000000000000e-2
-9.263000000000000e+0	1.743400000000000e+0	8.060000000000000e-2
-9.186000000000000e+0	1.767500000000000e+0	8.130000000000000e-2
-9.109000000000000e+0	1.930400000000000e+0	8.510000000000000e-2
-9.033000000000000e+0	1.729600000000000e+0	8.060000000000000e-2
-8.958000000000000e+0	1.912100000000000e+0	8.490000000000000e-2
-8.884000000000000e+0	1.853700000000000e+0	8.370000000000000e-2
-8.810000000000000e+0	1.783400000000000e+0	8.230000000000000e-2
-8.737000000000000e+0	1.842100000000000e+0	8.370000000000000e-2
-8.664000000000000e+0	2.011900000000000e+0	8.760000000000000e-2
-8.592000000000000e+0	1.906900000000000e+0	8.550000000000000e-2
-8.521000000000000e+0	1.820500000000000e+0	8.360000000000000e-2
-8.451000000000000e+0	1.883700000000000e+0	8.520000000000000e-2
-8.381000000000000e+0	1.808200000000000e+0	8.360000000000000e-2
-8.311000000000000e+0	1.817500000000000e+0	8.390000000000000e-2
-8.243000000000000e+0	1.854000000000000e+0	8.490000000000000e-2
-8.175000000000000e+0	1.793200000000000e+0	8.360000000000000e-2
-8.107000000000000e+0	1.759500000000000e+0	8.290000000000000e-2
-8.039999999999998e+0	1.694100000000000e+0	8.150000000000000e-2
-7.974000000000000e+0	1.860300000000000e+0	8.550000000000000e-2
-7.908000000000000e+0	1.857900000000000e+0	8.560000000000000e-2
-7.843000000000000e+0	1.713000000000000e+0	8.230000000000000e-2
-7.779000000000000e+0	1.634600000000000e+0	8.050000000000000e-2
-7.715000000000000e+0	1.667200000000000e+0	8.150000000000000e-2
-7.651000000000000e+0	1.552400000000000e+0	7.870000000000000e-2
-7.588000000000000e+0	1.901000000000000e+0	8.720000000000000e-2
-7.526000000000000e+0	1.737900000000000e+0	8.350000000000000e-2
-7.464000000000000e+0	1.742900100000000e+0	8.380000000000000e-2
-7.403000000000000e+0	1.630900000000000e+0	8.110000000000000e-2
-7.342000000000000e+0	1.587000000000000e+0	8.020000000000000e-2
-7.282000000000000e+0	1.697000000000000e+0	8.300000000000000e-2
-7.222000000000000e+0	1.514600000000000e+0	7.850000000000000e-2
-7.163000000000000e+0	1.620900000000000e+0	8.140000000000000e-2
-7.104000000000000e+0	1.621400000000000e+0	8.150000000000000e-2
-7.046000000000000e+0	1.560300000000000e+0	8.000000000000000e-2
-6.988000000000001e+0	1.605900000000000e+0	8.130000000000000e-2
-6.931000000000000e+0	1.383300000000000e+0	7.560000000000000e-2
-6.874000000000000e+0	1.370600000000000e+0	7.530000000000000e-2
-6.818000000000000e+0	1.420000000000000e+0	7.680000000000000e-2
-6.762000099999999e+0	1.482300000000000e+0	7.860000000000000e-2
-6.707000000000000e+0	1.507300000000000e+0	7.930000000000000e-2
-6.652000000000000e+0	1.318800000000000e+0	7.430000000000000e-2
-6.597000000000001e+0	1.385500000000000e+0	7.630000000000000e-2
-6.543000000000000e+0	1.313500000000000e+0	7.440000000000000e-2
-6.490000000000000e+0	1.485900000000000e+0	7.920000000000000e-2
-6.437000000000000e+0	1.439200000000000e+0	7.810000000000000e-2
-6.384000000000000e+0	1.341300000000000e+0	7.550000000000000e-2
-6.332000000000000e+0	1.374700000000000e+0	7.650000000000000e-2
-6.280000000000000e+0	1.301600000000000e+0	7.450000000000000e-2
-6.228000000000000e+0	1.318000000000000e+0	7.510000000000000e-2
-6.177000000000000e+0	1.257200000000000e+0	7.340000000000000e-2
-6.127000000000000e+0	1.368100000000000e+0	7.670000000000000e-2
-6.076000000000000e+0	1.302700000000000e+0	7.500000000000000e-2
-6.027000000000000e+0	1.505200000000000e+0	8.070000000000000e-2
-5.977000000000000e+0	1.227300000000000e+0	7.300000000000000e-2
-5.928000000000000e+0	1.404500000000000e+0	7.820000000000000e-2
-5.878999999999999e+0	1.421300000000000e+0	7.870000000000000e-2
-5.831000000000001e+0	1.525600000000000e+0	8.170000000000000e-2
-5.783000000000000e+0	1.341200000000000e+0	7.670000000000000e-2
-5.736000000000000e+0	1.472200000000000e+0	8.040000000000000e-2
-5.689000000000000e+0	1.145600000000000e+0	7.100000099999999e-2
-5.642000000000000e+0	1.360600000000000e+0	7.750000000000000e-2
-5.596000000000000e+0	1.364200000000000e+0	7.770000000000000e-2
-5.550000000000000e+0	1.545300000000000e+0	8.280000000000000e-2
-5.503999999999999e+0	1.429100000000000e+0	7.980000000000000e-2
-5.459000000000000e+0	1.397100000000000e+0	7.900000000000000e-2
-5.414000000000000e+0	1.418700000000000e+0	7.970000000000000e-2
-5.369000000000000e+0	1.426800000000000e+0	8.000000000000000e-2
-5.325000000000000e+0	1.300000000000000e+0	7.650000000000000e-2
-5.281000000000000e+0	1.325900000000000e+0	7.730000000000000e-2
-5.237000000000000e+0	1.279600000000000e+0	7.610000000000000e-2
-5.194000000000000e+0	1.178600000000000e+0	7.310000000000000e-2
-5.151000000000000e+0	1.286100000000000e+0	7.650000000000000e-2
-5.108000000000000e+0	1.275700000000000e+0	7.620000000000000e-2
-5.066000000000000e+0	1.164700000000000e+0	7.290000000000000e-2
-5.024000000000000e+0	1.323400000000000e+0	7.780000000000000e-2
-4.983000000000000e+0	1.299200000000000e+0	7.720000000000000e-2
-4.941000000000000e+0	1.228800000000000e+0	7.520000000000000e-2
-4.900000000000000e+0	1.310300000000000e+0	7.770000000000000e-2
-4.859000000000000e+0	1.313600000000000e+0	7.790000000000000e-2
-4.819000000000000e+0	1.214800000000000e+0	7.510000000000000e-2
-4.779000000000000e+0	1.217900000000000e+0	7.520000000000000e-2
-4.739000000000000e+0	1.188300000000000e+0	7.440000000000000e-2
-4.700000000000000e+0	1.378100000000000e+0	8.020000000000000e-2
-4.660000000000000e+0	1.283100000000000e+0	7.750000000000000e-2
-4.621000000000001e+0	1.201800000000000e+0	7.510000000000000e-2
-4.583000000000000e+0	1.336500000000000e+0	7.930000000000000e-2
-4.543999999999999e+0	1.198300000000000e+0	7.520000000000000e-2
-4.506000000000000e+0	1.267400000000000e+0	7.740000000000000e-2
-4.468000000000000e+0	1.242000000000000e+0	7.670000000000000e-2
-4.431000000000000e+0	1.287800000000000e+0	7.820000000000000e-2
-4.394000000000000e+0	1.195700000000000e+0	7.550000000000000e-2
-4.357000000000000e+0	1.136500000000000e+0	7.370000000000000e-2
-4.320000000000000e+0	1.182300000000000e+0	7.520000000000000e-2
-4.283000000000000e+0	1.276400000000000e+0	7.830000000000000e-2
-4.247000000000000e+0	1.245800000000000e+0	7.740000000000000e-2
-4.211000000000000e+0	1.311400000000000e+0	7.950000000000000e-2
-4.176000000000000e+0	1.232400000000000e+0	7.720000000000000e-2
-4.140000000000000e+0	1.274100000000000e+0	7.860000000000000e-2
-4.105000000000001e+0	1.277100000000000e+0	7.870000000000000e-2
-4.070000000000000e+0	1.182800000000000e+0	7.590000000000000e-2
-4.035000000000000e+0	1.156300000000000e+0	7.510000000000000e-2
-4.001000000000000e+0	1.168900000000000e+0	7.560000000000000e-2
-3.967000000000000e+0	1.176500000000000e+0	7.590000000000000e-2
-3.933000000000000e+0	1.243200000000000e+0	7.820000000000000e-2
-3.899000000000000e+0	1.029400000000000e+0	7.120000000000000e-2
-3.866000000000000e+0	1.086100000000000e+0	7.320000000000000e-2
-3.832000000000000e+0	1.167800000000000e+0	7.600000000000000e-2
-3.799000000000000e+0	1.220100000000000e+0	7.780000000000000e-2
-3.766000000000000e+0	1.068900000000000e+0	7.290000000000000e-2
-3.734000000000000e+0	1.220800000000000e+0	7.800000000000000e-2
-3.702000000000000e+0	1.133700000000000e+0	7.520000000000000e-2
-3.669000000000000e+0	1.151400000000000e+0	7.590000000000000e-2
-3.638000000000000e+0	1.144000000000000e+0	7.580000000000000e-2
-3.606000000000000e+0	1.101400000000000e+0	7.440000000000000e-2
-3.574000000000000e+0	1.124100000000000e+0	7.530000000000000e-2
-3.543000000000000e+0	1.167100000000000e+0	7.680000000000000e-2
-3.512000000000000e+0	1.205200000000000e+0	7.810000000000000e-2
-3.481000000000000e+0	1.136900000000000e+0	7.600000000000000e-2
-3.451000000000000e+0	1.114000000000000e+0	7.530000000000000e-2
-3.420000000000000e+0	1.085900000000000e+0	7.440000000000000e-2
-3.390000000000000e+0	1.277500000000000e+0	8.080000000000000e-2
-3.360000000000000e+0	1.101100000000000e+0	7.510000000000000e-2
-3.330000000000000e+0	1.190800000000000e+0	7.820000000000000e-2
-3.301000000000000e+0	1.136900000000000e+0	7.650000000000000e-2
-3.271000000000000e+0	1.227100000000000e+0	7.950000000000000e-2
-3.242000000000000e+0	1.193700000000000e+0	7.850000000000000e-2
-3.213000000000000e+0	1.170500000000000e+0	7.790000000000000e-2
-3.184000000000000e+0	1.204200000000000e+0	7.910000000000000e-2
-3.156000000000000e+0	1.222500000000000e+0	7.970000000000000e-2
-3.127000000000000e+0	1.272100000000000e+0	8.140000000000000e-2
-3.099000000000000e+0	1.248800000000000e+0	8.080000000000000e-2
-3.071000000000000e+0	1.188700000000000e+0	7.890000000000000e-2
-3.043000000000000e+0	1.327800000000000e+0	8.350000000000000e-2
-3.016000000000000e+0	1.215000000000000e+0	7.990000000000000e-2
-2.988000000000000e+0	1.212400000000000e+0	7.990000000000000e-2
-2.961000000000000e+0	1.193900000000000e+0	7.940000000000000e-2
-2.934000000000000e+0	1.371300000000000e+0	8.520000000000000e-2
-2.907000000000000e+0	1.321200000000000e+0	8.370000000000000e-2
-2.880000000000000e+0	1.185800000000000e+0	7.940000000000000e-2
-2.853000000000000e+0	1.422900000000000e+0	8.710000000000000e-2
-2.827000000000000e+0	1.110800000000000e+0	7.700000000000000e-2
-2.801000000000000e+0	1.332700000000000e+0	8.450000000000000e-2
-2.774000000000000e+0	1.287300000000000e+0	8.310000000000000e-2
-2.749000000000000e+0	1.300800000000000e+0	8.360000000000000e-2
-2.723000000000000e+0	1.325100000000000e+0	8.450000000000000e-2
-2.697000000000000e+0	1.284800000000000e+0	8.330000000000000e-2
-2.672000000000000e+0	1.433600000000000e+0	8.810000000000000e-2
-2.646000000000000e+0	1.284900000000000e+0	8.350000000000000e-2
-2.621000000000000e+0	1.396300000000000e+0	8.710000000000000e-2
-2.596000000000000e+0	1.361100000000000e+0	8.610000000000000e-2
-2.572000000000000e+0	1.489500000000000e+0	9.010000000000000e-2
-2.547000000000000e+0	1.454400000000000e+0	8.920000000000000e-2
-2.522000000000000e+0	1.468400000000000e+0	8.970000000000000e-2
-2.498000000000000e+0	1.422100000000000e+0	8.840000000000000e-2
-2.474000000000000e+0	1.546100000000000e+0	9.220000000000000e-2
-2.450000000000000e+0	1.422500000000000e+0	8.860000000000000e-2
-2.426000000000000e+0	1.276300000000000e+0	8.400000000000000e-2
-2.402000000000000e+0	1.578000000000000e+0	9.350000000000000e-2
-2.379000000000000e+0	1.475800000000000e+0	9.050000000000000e-2
-2.355000000000000e+0	1.551200000000000e+0	9.290000000000000e-2
-2.332000000000000e+0	1.470800000000000e+0	9.050000000000000e-2
-2.309000000000000e+0	1.563200000000000e+0	9.340000000000000e-2
-2.286000000000000e+0	1.471300000000000e+0	9.070000000000000e-2
-2.263000000000000e+0	1.530400000000000e+0	9.260000000000000e-2
-2.240000000000000e+0	1.561700000000000e+0	9.370000000000000e-2
-2.218000000000000e+0	1.412900000000000e+0	8.920000000000000e-2
-2.195000000000000e+0	1.624500000000000e+0	9.570000000000000e-2
-2.173000000000000e+0	1.458300000000000e+0	9.080000000000000e-2
-2.151000000000000e+0	1.710400000000000e+0	9.840000000000000e-2
-2.129000000000000e+0	1.713900000000000e+0	9.860000000000000e-2
-2.107000000000000e+0	1.740100000000000e+0	9.950000000000000e-2
-2.085000000000000e+0	1.800700000000000e+0	1.013000000000000e-1
-2.064000000000000e+0	1.775800000000000e+0	1.007000000000000e-1
-2.042000000000000e+0	1.642000000000000e+0	9.690000000000000e-2
-2.021000000000000e+0	1.805900000000000e+0	1.018000000000000e-1
-1.999000000000000e+0	1.786500000000000e+0	1.013000000000000e-1
-1.978000000000000e+0	1.692300000000000e+0	9.870000000000000e-2
-1.957000000000000e+0	1.811000000000000e+0	1.022000000000000e-1
-1.936000000000000e+0	1.670100000000000e+0	9.820000000000000e-2
-1.916000000000000e+0	1.887700000000000e+0	1.046000000000000e-1
-1.895000000000000e+0	1.613000000000000e+0	9.670000000000000e-2
-1.875000000000000e+0	1.639500000000000e+0	9.760000000000000e-2
-1.854000000000000e+0	1.846600000000000e+0	1.037000000000000e-1
-1.834000000000000e+0	1.628500000000000e+0	9.750000000000000e-2
-1.814000000000000e+0	1.625800000000000e+0	9.750000000000000e-2
-1.794000000000000e+0	1.804800000000000e+0	1.028000000000000e-1
-1.774000000000000e+0	1.802500000000000e+0	1.029000000000000e-1
-1.754000000000000e+0	1.759000100000000e+0	1.017000000000000e-1
-1.735000000000000e+0	1.709400000000000e+0	1.004000000000000e-1
-1.715000000000000e+0	1.884000000000000e+0	1.055000000000000e-1
-1.696000000000000e+0	1.982400000000000e+0	1.083000000000000e-1
-1.676000000000000e+0	1.962500000000000e+0	1.079000000000000e-1
-1.657000000000000e+0	2.019800000000000e+0	1.095000000000000e-1
-1.638000000000000e+0	2.083200000000000e+0	1.114000000000000e-1
-1.619000000000000e+0	2.135000000000000e+0	1.128000000000000e-1
-1.600000000000000e+0	1.965800000000000e+0	1.084000000000000e-1
-1.581000000000000e+0	2.131300000000000e+0	1.130000000000000e-1
-1.563000000000000e+0	2.081400000000000e+0	1.117000000000000e-1
-1.544000000000000e+0	2.121500000000000e+0	1.129000000000000e-1
-1.526000000000000e+0	2.143600000000000e+0	1.136000000000000e-1
-1.507000000000000e+0	2.449400000000000e+0	1.216000000000000e-1
-1.489000000000000e+0	2.442000000000000e+0	1.215000000000000e-1
-1.471000000000000e+0	2.567700000000000e+0	1.247000000000000e-1
-1.453000000000000e+0	2.694000000000000e+0	1.278000000000000e-1
-1.435000000000000e+0	2.413400000000000e+0	1.211000000000000e-1
-1.417000000000000e+0	2.582400000000000e+0	1.254000000000000e-1
-1.400000000000000e+0	2.770400000000000e+0	1.300000000000000e-1
-1.382000000000000e+0	2.702200000000000e+0	1.285000000000000e-1
-1.364000000000000e+0	2.860500000000000e+0	1.324000000000000e-1
-1.347000000000000e+0	2.638800000000000e+0	1.273000000000000e-1
-1.330000000000000e+0	2.588400000000000e+0	1.262000000000000e-1
-1.312000000000000e+0	2.802700000000000e+0	1.314000000000000e-1
-1.295000000000000e+0	3.141200000000000e+0	1.392000000000000e-1
-1.278000000000000e+0	2.899800000000000e+0	1.339000000000000e-1
-1.261000000000000e+0	3.041500000000000e+0	1.373000000000000e-1
-1.244000000000000e+0	3.103000000000000e+0	1.388000000000000e-1
-1.228000000000000e+0	2.916000000000000e+0	1.346000000000000e-1
-1.211000000000000e+0	3.295200000000000e+0	1.433000000000000e-1
-1.195000000000000e+0	2.970500000000000e+0	1.361000000000000e-1
-1.178000000000000e+0	3.194800000000000e+0	1.413000000000000e-1
-1.162000000000000e+0	3.282200000000000e+0	1.434000000000000e-1
-1.145000000000000e+0	3.746300000000000e+0	1.533000000000000e-1
-1.129000000000000e+0	3.558300000000000e+0	1.496000000000000e-1
-1.113000000000000e+0	3.665600000000000e+0	1.519000000000000e-1
-1.097000000000000e+0	3.413600000000000e+0	1.468000000000000e-1
-1.081000000000000e+0	3.596800000000000e+0	1.508000000000000e-1
-1.065000000000000e+0	3.603400000000000e+0	1.511000000000000e-1
-1.050000000000000e+0	3.749600000000000e+0	1.542000000000000e-1
-1.034000000000000e+0	3.559300000000000e+0	1.504000000000000e-1
-1.018000000000000e+0	4.087900000000000e+0	1.613000000000000e-1
-1.003000000000000e+0	3.648800000000000e+0	1.526000000000000e-1
-9.870000000000000e-1	3.802400000000000e+0	1.559000000000000e-1
-9.720000000000000e-1	3.930900000000000e+0	1.586000000000000e-1
-9.570000000000000e-1	3.938000000000000e+0	1.589000000000000e-1
-9.420000000000000e-1	4.009300000000000e+0	1.605000000000000e-1
-9.260000000000000e-1	3.977900000000000e+0	1.600000000000000e-1
-9.110000000000000e-1	4.172000000000000e+0	1.640000000000000e-1
-8.960000000000000e-1	3.985700000000000e+0	1.605000000000000e-1
-8.820000000000000e-1	4.355200000000000e+0	1.679000000000000e-1
-8.670000000000000e-1	4.090700000000000e+0	1.628000000000000e-1
-8.520000000000000e-1	4.383700000000000e+0	1.687000100000000e-1
-8.380000000000000e-1	4.794900000000000e+0	1.766000000000000e-1
-8.230000000000000e-1	4.451399999999999e+0	1.703000000000000e-1
-8.090000000000000e-1	4.354900000000000e+0	1.686000000000000e-1
-7.940000000000000e-1	4.761500000000000e+0	1.765000000000000e-1
-7.800000000000000e-1	4.815800000000000e+0	1.776000000000000e-1
-7.660000000000000e-1	4.548600000000001e+0	1.728000000000000e-1
-7.510000000000000e-1	4.543500000000000e+0	1.728000000000000e-1
-7.370000000000000e-1	4.979599999999999e+0	1.811000000000000e-1
-7.230000000000000e-1	4.849700000000000e+0	1.789000000000000e-1
-7.090000000000000e-1	4.646700000000000e+0	1.753000000000000e-1
-6.960000099999999e-1	5.376500000000000e+0	1.887000000000000e-1
-6.820000000000001e-1	4.649600000000000e+0	1.756000000000000e-1
-6.680000000000000e-1	4.983300000000000e+0	1.820000000000000e-1
-6.540000000000000e-1	5.071800000000000e+0	1.837000000000000e-1
-6.410000000000000e-1	5.480700000000000e+0	1.912000000000000e-1
-6.270000000000000e-1	5.162900000000000e+0	1.857000000000000e-1
-6.140000000000000e-1	5.218600000000000e+0	1.869000000000000e-1
-6.010000000000000e-1	5.234300000000000e+0	1.873000000000000e-1
-5.870000000000000e-1	5.444800000000000e+0	1.912000000000000e-1
-5.739999999999999e-1	5.709700000000000e+0	1.960000000000000e-1
-5.610000000000001e-1	5.847500000000000e+0	1.985000000000000e-1
-5.480000000000001e-1	5.850700000000000e+0	1.987000000000000e-1
-5.350000000000000e-1	5.955400000000000e+0	2.006000000000000e-1
-5.220000000000000e-1	6.026500000000001e+0	2.020000000000000e-1
-5.090000000000000e-1	6.280900000000000e+0	2.064000000000000e-1
-4.960000000000000e-1	6.318800000000001e+0	2.072000000000000e-1
-4.830000000000000e-1	6.799100000000000e+0	2.151000000000000e-1
-4.710000000000000e-1	6.442500000000000e+0	2.096000000000000e-1
-4.580000000000000e-1	6.528500000000000e+0	2.112000000000000e-1
-4.450000000000000e-1	7.127900000000000e+0	2.208000000000000e-1
-4.330000000000000e-1	6.852100000000000e+0	2.167000000000000e-1
-4.200000000000000e-1	7.035200000000000e+0	2.197000000000000e-1
-4.080000000000000e-1	7.115800000000000e+0	2.212000000000000e-1
-3.960000000000000e-1	7.609800000000000e+0	2.289000000000000e-1
-3.830000000000000e-1	7.401800000000000e+0	2.260000000000000e-1
-3.710000000000000e-1	7.414200000000000e+0	2.263000000000000e-1
-3.590000000000000e-1	7.668800000000000e+0	2.304000000000000e-1
-3.470000100000000e-1	7.861900000000000e+0	2.335000000000000e-1
-3.350000000000000e-1	8.104100000000000e+0	2.372000000000000e-1
-3.230000000000000e-1	8.646200000000000e+0	2.452000000000000e-1
-3.110000000000000e-1	8.625700000000000e+0	2.452000000000000e-1
-2.990000000000000e-1	8.961100000000000e+0	2.501000000000000e-1
-2.870000000000000e-1	9.318400000000000e+0	2.552000000000000e-1
-2.760000000000000e-1	9.585900000000000e+0	2.591000000000000e-1
-2.640000000000000e-1	9.994400000000000e+0	2.648000000000000e-1
-2.520000000000000e-1	1.062200000000000e+1	2.732000000000000e-1
-2.410000000000000e-1	1.083650000000000e+1	2.761000000000000e-1
-2.290000000000000e-1	1.209480000000000e+1	2.920000000000000e-1
-2.180000000000000e-1	1.236170000000000e+1	2.954000000000000e-1
-2.070000000000000e-1	1.268590000000000e+1	2.995000000000000e-1
-1.950000000000000e-1	1.394620000000000e+1	3.143000000000000e-1
-1.840000000000000e-1	1.518910000000000e+1	3.283000000000000e-1
-1.730000100000000e-1	1.532750000000000e+1	3.300000000000000e-1
-1.620000000000000e-1	1.668340000000000e+1	3.446000000000000e-1
-1.510000000000000e-1	1.929830000000000e+1	3.709000000000000e-1
-1.390000000000000e-1	2.552750000000000e+1	4.269000000000000e-1
-1.280000000000000e-1	4.084560000000000e+1	5.405000000000000e-1
-1.180000000000000e-1	7.345580000000000e+1	7.254000000000000e-1
-1.070000000000000e-1	1.330708000000000e+2	9.771000000000000e-1
-9.600000000000000e-2	2.296729000000000e+2	1.284800000000000e+0
-8.500000000000000e-2	3.559741000000000e+2	1.600700000000000e+0
-7.400000000000000e-2	5.166090000000000e+2	1.929900000000000e+0
-6.400000000000000e-2	6.872742099999999e+2	2.227800000000000e+0
-5.300000000000000e-2	8.458103000000000e+2	2.473400000000000e+0
-4.200000000000000e-2	9.775151000000000e+2	2.661100000000000e+0
-3.200000000000000e-2	1.053296700000000e+3	2.764500000000000e+0
-2.100000000000000e-2	1.063932400000000e+3	2.780700000000000e+0
-1.100000000000000e-2	1.006150800000000e+3	2.706200000000000e+0
-1.000000000000000e-3	8.919763000000000e+2	2.550100000000000e+0
1.000000000000000e-2	7.511802000000000e+2	2.342000000000000e+0
2.000000000000000e-2	5.888778999999999e+2	2.075300000000000e+0
3.000000000000000e-2	4.335908000000000e+2	1.782200000000000e+0
4.100000000000000e-2	2.982735000000000e+2	1.479300000000000e+0
5.100000000000000e-2	1.964913000000000e+2	1.201600000000000e+0
6.100000000000000e-2	1.215099000000000e+2	9.457000000000000e-1
7.100000099999999e-2	7.442080000000000e+1	7.407000000000000e-1
8.100000000000000e-2	4.594350000000000e+1	5.824000000000000e-1
9.100000000000000e-2	2.943710000000000e+1	4.666000000000000e-1
1.010000000000000e-1	2.372120000000000e+1	4.191000000000000e-1
1.100000000000000e-1	1.984910000000000e+1	3.837000000000000e-1
1.200000000000000e-1	1.773300000000000e+1	3.630000000000000e-1
1.300000000000000e-1	1.533500000000000e+1	3.378000000000000e-1
1.400000000000000e-1	1.431540000000000e+1	3.266000000000000e-1
1.490000000000000e-1	1.422560000000000e+1	3.258000000000000e-1
1.590000000000000e-1	1.335060000000000e+1	3.159000000000000e-1
1.690000000000000e-1	1.251770000000000e+1	3.061000000000000e-1
1.780000000000000e-1	1.156980000000000e+1	2.945000000000000e-1
1.880000000000000e-1	1.105440000000000e+1	2.881000000000000e-1
1.970000000000000e-1	1.074050000000000e+1	2.842000000000000e-1
2.070000000000000e-1	1.021450000000000e+1	2.774000000000000e-1
2.160000000000000e-1	9.664400000000000e+0	2.700000000000000e-1
2.250000000000000e-1	8.787500000000000e+0	2.577000000000000e-1
2.350000000000000e-1	8.445300000000000e+0	2.528000000000000e-1
2.440000000000000e-1	8.693100000000000e+0	2.567000000000000e-1
2.530000000000000e-1	8.493800000000000e+0	2.539000000000000e-1
2.620000000000000e-1	7.518400000000000e+0	2.391000000000000e-1
2.710000000000000e-1	7.217700000000000e+0	2.344000000000000e-1
2.800000000000000e-1	7.106600000000000e+0	2.328000000000000e-1
2.890000000000000e-1	6.995200000000000e+0	2.311000000000000e-1
2.980000000000000e-1	6.531600000000000e+0	2.235000000000000e-1
3.070000000000000e-1	6.656300000000000e+0	2.258000000000000e-1
3.160000000000000e-1	6.743100000000000e+0	2.274000000000000e-1
3.250000000000000e-1	6.630300000000000e+0	2.257000000000000e-1
3.340000000000000e-1	6.524800000000000e+0	2.241000000000000e-1
3.430000000000000e-1	6.041400000000000e+0	2.158000000000000e-1
3.520000100000000e-1	5.579700000000000e+0	2.075000000000000e-1
3.600000000000000e-1	5.742600000000000e+0	2.107000000000000e-1
3.690000000000000e-1	5.859600000000000e+0	2.130000000000000e-1
3.780000000000000e-1	5.356700000000000e+0	2.038000000000000e-1
3.860000000000000e-1	5.387900000000000e+0	2.045000000000000e-1
3.950000000000000e-1	5.613600000000000e+0	2.089000000000000e-1
4.030000000000000e-1	5.404000000000000e+0	2.051000000000000e-1
4.120000000000000e-1	5.263800000000000e+0	2.026000000000000e-1
4.200000000000000e-1	5.013899999999999e+0	1.979000000000000e-1
4.290000000000000e-1	5.044700000000000e+0	1.986000000000000e-1
4.370000000000000e-1	5.091300000000000e+0	1.997000000000000e-1
4.450000000000000e-1	4.636000000000000e+0	1.907000000000000e-1
4.540000000000000e-1	4.729300000000000e+0	1.927000000000000e-1
4.620000000000000e-1	4.610300000000000e+0	1.905000000000000e-1
4.700000000000000e-1	4.577700000000000e+0	1.899000000000000e-1
4.780000000000000e-1	4.363500000000000e+0	1.856000000000000e-1
4.860000000000000e-1	4.290800000000000e+0	1.841000000000000e-1
4.950000000000000e-1	4.574100000000000e+0	1.903000000000000e-1
5.030000000000000e-1	4.279600000000000e+0	1.842000000000000e-1
5.110000000000000e-1	3.952500000000000e+0	1.771000000000000e-1
5.190000000000000e-1	4.514600000000000e+0	1.894000000000000e-1
5.270000000000000e-1	3.979900000000000e+0	1.780000000000000e-1
5.350000000000000e-1	3.890000000000000e+0	1.761000000000000e-1
5.430000000000000e-1	4.199000000000000e+0	1.831000000000000e-1
5.500000000000001e-1	3.941200000000000e+0	1.775000000000000e-1
5.580000000000001e-1	3.642700000000000e+0	1.708000000000000e-1
5.659999999999999e-1	3.471600000000000e+0	1.668000000000000e-1
5.739999999999999e-1	3.765600000000000e+0	1.739000000000000e-1
5.820000000000000e-1	3.722800000000000e+0	1.730000100000000e-1
5.890000000000000e-1	3.333600000000000e+0	1.638000000000000e-1
5.970000000000000e-1	3.749600000000000e+0	1.739000000000000e-1
6.050000000000000e-1	3.593400000000000e+0	1.703000000000000e-1
6.120000000000000e-1	3.347900000000000e+0	1.645000000000000e-1
6.200000000000000e-1	3.425500000000000e+0	1.666000000000000e-1
6.270000000000000e-1	3.333100000000000e+0	1.644000000000000e-1
6.350000000000000e-1	3.053600000000000e+0	1.575000000000000e-1
6.420000000000000e-1	3.212500000000000e+0	1.616000000000000e-1
6.500000000000000e-1	3.290300000000000e+0	1.637000000000000e-1
6.570000000000000e-1	3.148200000000000e+0	1.602000000000000e-1
6.650000000000000e-1	3.267000000000000e+0	1.633000000000000e-1
6.720000000000001e-1	3.304300000000000e+0	1.644000000000000e-1
6.790000000000001e-1	3.186100000000000e+0	1.615000000000000e-1
6.860000000000001e-1	2.821500000000000e+0	1.521000000000000e-1
6.940000099999999e-1	2.915800000000000e+0	1.548000000000000e-1
7.010000099999999e-1	3.364100000000000e+0	1.663000000000000e-1
7.080000000000000e-1	2.899300000000000e+0	1.545000000000000e-1
7.150000000000000e-1	2.952900000000000e+0	1.561000000000000e-1
7.220000000000000e-1	2.915700000000000e+0	1.552000000000000e-1
7.300000000000000e-1	2.919800000000000e+0	1.554000000000000e-1
7.370000000000000e-1	2.940400000000000e+0	1.561000000000000e-1
7.440000000000000e-1	3.168400000000000e+0	1.621000000000000e-1
7.510000000000000e-1	3.031600000000000e+0	1.587000000000000e-1
7.580000000000000e-1	2.478600000000000e+0	1.436000000000000e-1
7.650000000000000e-1	2.582000000000000e+0	1.466000000000000e-1
7.720000000000000e-1	2.719000000000000e+0	1.506000000000000e-1
7.790000000000000e-1	2.647600000000000e+0	1.487000000000000e-1
7.850000000000000e-1	2.668000000000000e+0	1.494000000000000e-1
7.920000000000000e-1	2.629800000000000e+0	1.484000000000000e-1
7.990000000000000e-1	2.734100000000000e+0	1.514000000000000e-1
8.060000000000000e-1	2.502700000000000e+0	1.450000000000000e-1
8.130000000000000e-1	2.632200000000000e+0	1.488000000000000e-1
8.190000000000000e-1	2.416900000000000e+0	1.427000000000000e-1
8.260000000000000e-1	2.639500000000000e+0	1.492000000000000e-1
8.330000000000000e-1	2.744400000000000e+0	1.522000000000000e-1
8.390000000000000e-1	2.511400000000000e+0	1.457000000000000e-1
8.460000000000000e-1	2.565600000000000e+0	1.474000000000000e-1
8.530000000000000e-1	2.475900000000000e+0	1.449000000000000e-1
8.590000000000000e-1	2.623600000000000e+0	1.493000000000000e-1
8.660000000000000e-1	2.474100000000000e+0	1.450000000000000e-1
8.720000000000000e-1	2.460400000000000e+0	1.447000000000000e-1
8.790000000000000e-1	2.583100000000000e+0	1.484000000000000e-1
8.850000000000000e-1	2.304900000000000e+0	1.403000000000000e-1
8.920000000000000e-1	2.111400000000000e+0	1.343000000000000e-1
8.980000000000000e-1	2.405300000000000e+0	1.435000000000000e-1
9.040000000000000e-1	2.288500000000000e+0	1.401000000000000e-1
9.110000000000000e-1	2.514800000000000e+0	1.469000000000000e-1
9.170000000000000e-1	2.475200000000000e+0	1.458000000000000e-1
9.230000000000000e-1	2.031000000000000e+0	1.322000000000000e-1
9.300000000000000e-1	2.206100000000000e+0	1.379000000000000e-1
9.360000000000000e-1	2.295300000000000e+0	1.407000000000000e-1
9.420000000000000e-1	2.220600000000000e+0	1.385000000000000e-1
9.480000000000000e-1	2.310100000000000e+0	1.414000000000000e-1
9.550000000000000e-1	2.434500000000000e+0	1.452000000000000e-1
9.610000000000000e-1	2.151400000000000e+0	1.366000000000000e-1
9.670000000000000e-1	2.267200000000000e+0	1.403000000000000e-1
9.730000000000000e-1	2.209300000000000e+0	1.386000000000000e-1
9.790000000000000e-1	2.194900000000000e+0	1.383000000000000e-1
9.850000000000000e-1	2.023300000000000e+0	1.328000000000000e-1
9.910000000000000e-1	2.087100000000000e+0	1.350000000000000e-1
9.970000000000000e-1	2.247300000000000e+0	1.402000000000000e-1
1.003000000000000e+0	2.145200000000000e+0	1.370000000000000e-1
1.009000000000000e+0	1.990200000000000e+0	1.321000000000000e-1
1.015000000000000e+0	2.107000000000000e+0	1.360000000000000e-1
1.021000000000000e+0	2.065800000000000e+0	1.348000000000000e-1
1.027000000000000e+0	1.663600000000000e+0	1.210000000000000e-1
1.033000000000000e+0	1.912500000000000e+0	1.298000000000000e-1
1.039000000000000e+0	1.632600000000000e+0	1.200000000000000e-1
1.045000000000000e+0	2.050100000000000e+0	1.346000000000000e-1
1.050000000000000e+0	1.937700000000000e+0	1.309000000000000e-1
1.056000000000000e+0	2.064300000000000e+0	1.352000000000000e-1
1.062000000000000e+0	1.871800000000000e+0	1.289000000000000e-1
1.068000000000000e+0	1.883100000000000e+0	1.293000000000000e-1
1.073000000000000e+0	1.974500000000000e+0	1.325000000000000e-1
1.079000000000000e+0	2.262100000000000e+0	1.419000000000000e-1
1.085000000000000e+0	1.756700000000000e+0	1.252000000000000e-1
1.090000000000000e+0	1.741100000000000e+0	1.247000000000000e-1
1.096000000000000e+0	1.734400000000000e+0	1.245000000000000e-1
1.102000000000000e+0	2.059000000000000e+0	1.358000000000000e-1
1.107000000000000e+0	1.909200000000000e+0	1.308000000000000e-1
1.113000000000000e+0	1.920700000000000e+0	1.313000000000000e-1
1.118000000000000e+0	2.066900000000000e+0	1.363000000000000e-1
1.124000000000000e+0	1.808600000000000e+0	1.276000000000000e-1
1.129000000000000e+0	1.747900000000000e+0	1.255000000000000e-1
1.135000000000000e+0	1.723100000000000e+0	1.247000000000000e-1
1.140000000000000e+0	1.589800000000000e+0	1.198000000000000e-1
1.146000000000000e+0	1.872200000000000e+0	1.301000000000000e-1
1.151000000000000e+0	1.802100000000000e+0	1.277000000000000e-1
1.157000000000000e+0	1.695600000000000e+0	1.240000000000000e-1
1.162000000000000e+0	1.743200000000000e+0	1.258000000000000e-1
1.167000000000000e+0	1.781700000000000e+0	1.273000000000000e-1
1.173000000000000e+0	1.665700000000000e+0	1.231000000000000e-1
1.178000000000000e+0	1.840900000000000e+0	1.295000000000000e-1
1.183000000000000e+0	1.742900100000000e+0	1.261000000000000e-1
1.188000000000000e+0	1.799900000000000e+0	1.282000000000000e-1
1.194000000000000e+0	1.893700000000000e+0	1.316000000000000e-1
1.199000000000000e+0	1.740300000000000e+0	1.263000000000000e-1
1.204000000000000e+0	1.760900000000000e+0	1.271000000000000e-1
1.209000000000000e+0	1.607000000000000e+0	1.215000000000000e-1
1.215000000000000e+0	1.673400000000000e+0	1.240000000000000e-1
1.220000000000000e+0	1.638600000000000e+0	1.228000000000000e-1
1.225000000000000e+0	1.732900000000000e+0	1.264000000000000e-1
1.230000000000000e+0	1.495100000000000e+0	1.175000000000000e-1
1.235000000000000e+0	1.654000000000000e+0	1.236000000000000e-1
1.240000000000000e+0	1.776400000000000e+0	1.282000000000000e-1
1.245000000000000e+0	1.611900000000000e+0	1.222000000000000e-1
1.250000000000000e+0	1.446900000000000e+0	1.159000000000000e-1
1.255000000000000e+0	1.402300000000000e+0	1.141000000000000e-1
1.260000000000000e+0	1.655100000000000e+0	1.241000000000000e-1
1.265000000000000e+0	1.601300000000000e+0	1.221000000000000e-1
1.270000000000000e+0	1.547300000000000e+0	1.201000000000000e-1
1.275000000000000e+0	1.651900000000000e+0	1.242000000000000e-1
1.280000000000000e+0	1.794100000000000e+0	1.295000000000000e-1
1.285000000000000e+0	1.553100000000000e+0	1.205000000000000e-1
1.290000000000000e+0	1.592500000000000e+0	1.221000000000000e-1
1.295000000000000e+0	1.688200000000000e+0	1.258000000000000e-1
1.300000000000000e+0	1.756000000000000e+0	1.284000000000000e-1
1.304000000000000e+0	1.494900000000000e+0	1.186000000000000e-1
1.309000000000000e+0	1.543800000000000e+0	1.205000000000000e-1
1.314000000000000e+0	1.555100000000000e+0	1.211000000000000e-1
1.319000000000000e+0	1.802400000000000e+0	1.304000000000000e-1
1.324000000000000e+0	1.700700000000000e+0	1.268000000000000e-1
1.328000000000000e+0	1.721700000000000e+0	1.276000000000000e-1
1.333000000000000e+0	1.458600000000000e+0	1.175000000000000e-1
1.338000000000000e+0	1.593100000000000e+0	1.229000000000000e-1
1.343000000000000e+0	1.386200000000000e+0	1.147000000000000e-1
1.347000000000000e+0	1.444900000000000e+0	1.172000000000000e-1
1.352000000000000e+0	1.675100000000000e+0	1.263000000000000e-1
1.357000000000000e+0	1.629500000000000e+0	1.246000000000000e-1
1.361000000000000e+0	1.440600000000000e+0	1.172000000000000e-1
1.366000000000000e+0	1.614300000000000e+0	1.242000000000000e-1
1.370000000000000e+0	1.740600000000000e+0	1.290000000000000e-1
1.375000000000000e+0	1.809700000000000e+0	1.316000000000000e-1
1.379000000000000e+0	1.294200000000000e+0	1.114000000000000e-1
1.384000000000000e+0	1.382100000000000e+0	1.152000000000000e-1
1.389000000000000e+0	1.326100000000000e+0	1.129000000000000e-1
1.393000000000000e+0	1.520200000000000e+0	1.209000000000000e-1
1.398000000000000e+0	1.425600000000000e+0	1.172000000000000e-1
1.402000000000000e+0	1.456300000000000e+0	1.185000000000000e-1
1.407000000000000e+0	1.728400000000000e+0	1.292000000000000e-1
1.411000000000000e+0	1.421100000000000e+0	1.172000000000000e-1
1.415000000000000e+0	1.471200000000000e+0	1.193000000000000e-1
1.420000000000000e+0	1.376000000000000e+0	1.155000000000000e-1
1.424000000000000e+0	1.164200000000000e+0	1.063000000000000e-1
1.429000000000000e+0	1.253000000000000e+0	1.103000000000000e-1
1.433000000000000e+0	1.303200000000000e+0	1.126000000000000e-1
1.437000000000000e+0	1.295000000000000e+0	1.123000000000000e-1
1.442000000000000e+0	1.228300000000000e+0	1.094000000000000e-1
1.446000000000000e+0	1.493200000000000e+0	1.207000000000000e-1
1.450000000000000e+0	1.211600000000000e+0	1.088000000000000e-1
1.455000000000000e+0	1.203300000000000e+0	1.085000000000000e-1
1.459000000000000e+0	1.351600000000000e+0	1.151000000000000e-1
1.463000000000000e+0	1.304200000000000e+0	1.131000000000000e-1
1.467000000000000e+0	1.492200000000000e+0	1.210000000000000e-1
1.472000000000000e+0	1.238500000000000e+0	1.103000000000000e-1
1.476000000000000e+0	1.476100000000000e+0	1.205000000000000e-1
1.480000000000000e+0	1.241400000000000e+0	1.106000000000000e-1
1.484000000000000e+0	1.282300000000000e+0	1.125000000000000e-1
1.488000000000000e+0	1.303500000000000e+0	1.135000000000000e-1
1.493000000000000e+0	1.235800000000000e+0	1.105000000000000e-1
1.497000000000000e+0	1.158100000000000e+0	1.071000000000000e-1
1.501000000000000e+0	1.486400000000000e+0	1.214000000000000e-1
1.505000000000000e+0	1.379000000000000e+0	1.170000000000000e-1
1.509000000000000e+0	1.231700000000000e+0	1.106000000000000e-1
1.513000000000000e+0	1.392200000000000e+0	1.177000000000000e-1
1.517000000000000e+0	1.413700000000000e+0	1.186000000000000e-1
1.521000000000000e+0	1.245900000000000e+0	1.114000000000000e-1
1.525000000000000e+0	1.067700000000000e+0	1.032000000000000e-1
1.529000000000000e+0	1.168900000000000e+0	1.081000000000000e-1
1.533000000000000e+0	1.390300000000000e+0	1.179000000000000e-1
1.537000000000000e+0	1.231700000000000e+0	1.111000000000000e-1
1.541000000000000e+0	1.383500000000000e+0	1.178000000000000e-1
1.545000000000000e+0	1.595800000000000e+0	1.266000000000000e-1
1.549000000000000e+0	1.266100000000000e+0	1.128000000000000e-1
1.553000000000000e+0	1.358100000000000e+0	1.169000000000000e-1
1.557000000000000e+0	1.490500000000000e+0	1.225000000000000e-1
1.561000000000000e+0	1.220000000000000e+0	1.109000000000000e-1
1.565000000000000e+0	1.302200000000000e+0	1.146000000000000e-1
1.569000000000000e+0	1.253100000000000e+0	1.125000000000000e-1
1.573000000000000e+0	1.183700000000000e+0	1.094000000000000e-1
1.577000000000000e+0	1.407900000000000e+0	1.194000000000000e-1
1.581000000000000e+0	1.429800000000000e+0	1.204000000000000e-1
1.584000000000000e+0	1.411100000000000e+0	1.197000000000000e-1
1.588000000000000e+0	1.321300000000000e+0	1.159000000000000e-1
1.592000000000000e+0	1.251500000000000e+0	1.128000000000000e-1
1.596000000000000e+0	1.181600000000000e+0	1.097000000000000e-1
1.600000000000000e+0	1.366500000000000e+0	1.181000000000000e-1
1.603000000000000e+0	1.184300000000000e+0	1.100000000000000e-1
1.607000000000000e+0	1.441200000000000e+0	1.214000000000000e-1
1.611000000000000e+0	1.371200000000000e+0	1.185000000000000e-1
1.615000000000000e+0	1.301000000000000e+0	1.155000000000000e-1
1.618000000000000e+0	1.282000000000000e+0	1.147000000000000e-1
1.622000000000000e+0	1.262900000000000e+0	1.139000000000000e-1
1.626000000000000e+0	1.254000000000000e+0	1.135000000000000e-1
1.630000000000000e+0	1.317200000000000e+0	1.164000000000000e-1
1.633000000000000e+0	1.277400000000000e+0	1.147000000000000e-1
1.637000000000000e+0	1.485200000000000e+0	1.238000000000000e-1
1.641000000000000e+0	1.177100000000000e+0	1.102000000000000e-1
1.644000000000000e+0	1.240400000000000e+0	1.132000000000000e-1
1.648000000000000e+0	1.190000000000000e+0	1.110000000000000e-1
1.651000000000000e+0	1.087800000000000e+0	1.062000000000000e-1
1.655000000000000e+0	1.203100000000000e+0	1.117000000000000e-1
1.659000000000000e+0	1.266700000000000e+0	1.147000000000000e-1
1.662000000000000e+0	1.226500000000000e+0	1.129000000000000e-1
1.666000000000000e+0	1.113400000000000e+0	1.076000000000000e-1
1.669000000000000e+0	1.270900000000000e+0	1.151000000000000e-1
1.673000000000000e+0	1.324500000000000e+0	1.175000000000000e-1
1.676000000000000e+0	1.294600000000000e+0	1.163000000000000e-1
1.680000000000000e+0	1.254200000000000e+0	1.145000000000000e-1
1.683000000000000e+0	1.318400000000000e+0	1.174000000000000e-1
1.687000000000000e+0	9.637000000000000e-1	1.005000000000000e-1
1.690000000000000e+0	1.331800000000000e+0	1.182000000000000e-1
1.694000000000000e+0	1.312300000000000e+0	1.174000000000000e-1
1.697000000000000e+0	1.187600000000000e+0	1.117000000000000e-1
1.701000000000000e+0	1.188900000000000e+0	1.118000000000000e-1
1.704000000000000e+0	1.116500000000000e+0	1.084000000000000e-1
1.708000000000000e+0	1.391800000000000e+0	1.211000000000000e-1
1.711000000000000e+0	1.298400000000000e+0	1.171000000000000e-1
1.715000000000000e+0	1.320900000000000e+0	1.182000000000000e-1
1.718000000000000e+0	1.332900000000000e+0	1.187000000000000e-1
1.721000000000000e+0	1.366200000000000e+0	1.203000000000000e-1
1.725000000000000e+0	1.251000000000000e+0	1.152000000000000e-1
1.728000000000000e+0	1.326700000000000e+0	1.187000000000000e-1
1.731000000000000e+0	1.147500000000000e+0	1.104000000000000e-1
1.735000000000000e+0	1.148700000000000e+0	1.105000000000000e-1
1.738000000000000e+0	9.690000000000000e-1	1.016000000000000e-1
1.741000000000000e+0	1.257800000000000e+0	1.158000000000000e-1
1.745000000000000e+0	1.259200000000000e+0	1.159000000000000e-1
1.748000000000000e+0	1.399400000000000e+0	1.223000000000000e-1
1.751000100000000e+0	1.219100000000000e+0	1.142000000000000e-1
1.755000100000000e+0	1.059900000000000e+0	1.065000000000000e-1
1.758000000000000e+0	1.232500000000000e+0	1.149000000000000e-1
1.761000100000000e+0	1.180200000000000e+0	1.125000000000000e-1
1.764000000000000e+0	1.160000000000000e+0	1.116000000000000e-1
1.768000000000000e+0	1.247200000000000e+0	1.158000000000000e-1
1.771000000000000e+0	1.108600000000000e+0	1.092000000000000e-1
1.774000000000000e+0	1.077500000000000e+0	1.077000000000000e-1
1.777000000000000e+0	1.175700000000000e+0	1.126000000000000e-1
1.780000000000000e+0	1.220200000000000e+0	1.148000000000000e-1
1.784000000000000e+0	1.221500000000000e+0	1.149000000000000e-1
1.787000000000000e+0	1.201200000000000e+0	1.140000000000000e-1
1.790000000000000e+0	1.256600000000000e+0	1.167000000000000e-1
1.793000000000000e+0	1.203700000000000e+0	1.143000000000000e-1
1.796000000000000e+0	1.433000000000000e+0	1.247000000000000e-1
1.799000000000000e+0	1.228000000000000e+0	1.155000000000000e-1
1.802000000000000e+0	1.131400000000000e+0	1.110000000000000e-1
1.806000000000000e+0	1.306900000000000e+0	1.193000000000000e-1
1.809000000000000e+0	1.460900000000000e+0	1.262000000000000e-1
1.812000000000000e+0	1.200500000000000e+0	1.145000000000000e-1
1.815000000000000e+0	1.027000000000000e+0	1.059000000000000e-1
1.818000000000000e+0	1.356100000000000e+0	1.218000000000000e-1
1.821000000000000e+0	1.346600000000000e+0	1.214000000000000e-1
1.824000000000000e+0	1.249400000000000e+0	1.170000000000000e-1
1.827000000000000e+0	1.064200000000000e+0	1.081000000000000e-1
1.830000000000000e+0	1.043400000000000e+0	1.071000000000000e-1
1.833000000000000e+0	1.143400000000000e+0	1.121000000000000e-1
1.836000000000000e+0	1.144600000000000e+0	1.122000000000000e-1
1.839000000000000e+0	1.267000000000000e+0	1.181000000000000e-1
1.842000000000000e+0	1.224200000000000e+0	1.162000000000000e-1
1.845000000000000e+0	1.335900000000000e+0	1.214000000000000e-1
1.848000000000000e+0	1.226800000000000e+0	1.164000000000000e-1
1.851000000000000e+0	1.305500000000000e+0	1.202000000000000e-1
1.854000000000000e+0	1.185000000000000e+0	1.146000000000000e-1
1.857000000000000e+0	1.008900000000000e+0	1.058000000000000e-1
1.860000000000000e+0	1.453900000000000e+0	1.270000000000000e-1
1.863000000000000e+0	1.199800000000000e+0	1.155000000000000e-1
1.866000000000000e+0	1.267800000000000e+0	1.187000000000000e-1
1.869000000000000e+0	1.168900000000000e+0	1.141000000000000e-1
1.872000000000000e+0	1.270400000000000e+0	1.190000000000000e-1
1.875000000000000e+0	1.182500000000000e+0	1.149000000000000e-1
1.877000000000000e+0	1.161400000000000e+0	1.139000000000000e-1
1.880000000000000e+0	1.442100000000000e+0	1.270000000000000e-1
1.883000000000000e+0	1.130200000000000e+0	1.125000000000000e-1
1.886000000000000e+0	1.187400000000000e+0	1.153000000000000e-1
1.889000000000000e+0	1.457800000000000e+0	1.279000000000000e-1
1.892000000000000e+0	1.212300000000000e+0	1.167000000000000e-1
1.895000000000000e+0	1.247300000000000e+0	1.184000000000000e-1
1.897000000000000e+0	1.091100000000000e+0	1.108000000000000e-1
1.900000000000000e+0	1.339900000000000e+0	1.228000000000000e-1
1.903000000000000e+0	1.375100000000000e+0	1.245000000000000e-1
1.906000000000000e+0	1.105700000000000e+0	1.117000000000000e-1
1.909000000000000e+0	1.423100000000000e+0	1.268000000000000e-1
1.911000000000000e+0	1.243600000000000e+0	1.186000000000000e-1
1.914000000000000e+0	1.131700000000000e+0	1.132000000000000e-1
1.917000000000000e+0	1.314100000000000e+0	1.220000000000000e-1
1.920000000000000e+0	1.349500000000000e+0	1.237000000000000e-1
1.922000000000000e+0	1.214700000000000e+0	1.174000000000000e-1
1.925000000000000e+0	1.204500000000000e+0	1.170000000000000e-1
1.928000000000000e+0	1.399100000000000e+0	1.262000000000000e-1
1.931000000000000e+0	1.309400000000000e+0	1.221000000000000e-1
1.933000000000000e+0	1.310800000000000e+0	1.222000000000000e-1
1.936000000000000e+0	1.152400000000000e+0	1.147000000000000e-1
1.939000000000000e+0	1.096400000000000e+0	1.119000000000000e-1
1.941000000000000e+0	1.291900000000000e+0	1.215000000000000e-1
1.944000000000000e+0	1.430500000000000e+0	1.280000000000000e-1
1.947000000000000e+0	1.202900000000000e+0	1.174000000000000e-1
1.949000000000000e+0	1.433400000000000e+0	1.282000000000000e-1
1.952000000000000e+0	1.388900000000000e+0	1.263000000000000e-1
1.955000000000000e+0	1.344400000000000e+0	1.243000000000000e-1
1.957000000000000e+0	1.380200000000000e+0	1.260000000000000e-1
1.960000000000000e+0	1.577300000000000e+0	1.348000000000000e-1
1.963000000000000e+0	1.429100000000000e+0	1.283000000000000e-1
1.965000000000000e+0	1.407500000000000e+0	1.274000000000000e-1
1.968000000000000e+0	1.293400000000000e+0	1.222000000000000e-1
1.971000000000000e+0	1.421800000000000e+0	1.282000000000000e-1
1.973000000000000e+0	1.191800000000000e+0	1.174000000000000e-1
1.976000000000000e+0	1.401500000000000e+0	1.274000000000000e-1
1.978000000000000e+0	1.240600000000000e+0	1.199000000000000e-1
1.981000000000000e+0	1.404300000000000e+0	1.277000000000000e-1
1.983000000000000e+0	1.312800000000000e+0	1.235000000000000e-1
1.986000000000000e+0	1.500100000000000e+0	1.321000000000000e-1
1.989000000000000e+0	1.443400000000000e+0	1.296000000000000e-1
1.991000000000000e+0	1.316700000000000e+0	1.239000000000000e-1
1.994000000000000e+0	1.632900000000000e+0	1.380000000000000e-1
1.996000000000000e+0	1.786300000000000e+0	1.444000000000000e-1
1.999000000000000e+0	1.659500000000000e+0	1.393000000000000e-1
2.001000000000000e+0	1.544100000000000e+0	1.344000000000000e-1
2.004000000000000e+0	1.545700000000000e+0	1.345000000000000e-1
2.006000000000000e+0	1.500300000000000e+0	1.326000000000000e-1
2.009000000000000e+0	1.607400000000000e+0	1.373000000000000e-1
2.011000000000000e+0	1.491500000000000e+0	1.324000000000000e-1
2.014000000000000e+0	1.786900000000000e+0	1.449000000000000e-1
2.016000000000000e+0	1.494500000000000e+0	1.326000000000000e-1
2.019000000000000e+0	1.590200000000000e+0	1.369000000000000e-1
2.021000000000000e+0	1.650700000000000e+0	1.395000000000000e-1
2.023000000000000e+0	1.793900000000000e+0	1.455000000000000e-1
2.026000000000000e+0	1.724800000000000e+0	1.427000000000000e-1
2.028000000000000e+0	1.525400000000000e+0	1.343000000000000e-1
2.031000000000000e+0	1.858300000000000e+0	1.483000000000000e-1
2.033000000000000e+0	1.658700000000000e+0	1.402000000000000e-1
2.036000000000000e+0	2.004300000000000e+0	1.542000000000000e-1
2.038000000000000e+0	1.543300000000000e+0	1.353000000000000e-1
2.040000000000000e+0	1.948800000000000e+0	1.522000000000000e-1
2.043000000000000e+0	1.748500000000000e+0	1.442000000000000e-1
2.045000000000000e+0	1.666800000000000e+0	1.409000000000000e-1
2.047000000000000e+0	1.716100000000000e+0	1.430000000000000e-1
2.050000000000000e+0	1.348000000000000e+0	1.268000000000000e-1
2.052000000000000e+0	1.838800000000000e+0	1.482000000000000e-1
2.055000000000000e+0	1.852600000000000e+0	1.488000000000000e-1
2.057000000000000e+0	1.734700000000000e+0	1.441000000000000e-1
2.059000000000000e+0	1.987800000000000e+0	1.543000000000000e-1
2.062000000000000e+0	1.750000000000000e+0	1.448000000000000e-1
2.064000000000000e+0	1.703700000000000e+0	1.430000000000000e-1
2.066000000000000e+0	1.897500000000000e+0	1.510000000000000e-1
2.069000000000000e+0	1.983500000000000e+0	1.544000000000000e-1
2.071000000000000e+0	1.973400000000000e+0	1.541000000000000e-1
2.073000000000000e+0	2.023400000000000e+0	1.561000000000000e-1
2.075000000000000e+0	2.399100000000000e+0	1.701000000000000e-1
2.078000000000000e+0	2.039400000000000e+0	1.569000000000000e-1
2.080000000000000e+0	1.884300000000000e+0	1.509000000000000e-1
2.082000000000000e+0	2.285100000000000e+0	1.662000000000000e-1
2.085000000000000e+0	2.093600000000000e+0	1.592000000000000e-1
2.087000000000000e+0	2.144100000000000e+0	1.612000000000000e-1
2.089000000000000e+0	2.279500000000000e+0	1.662000000000000e-1
2.091000000000000e+0	2.063200000000000e+0	1.582000000000000e-1
2.094000000000000e+0	2.040900000000000e+0	1.575000000000000e-1
2.096000000000000e+0	2.225200000000000e+0	1.645000000000000e-1
2.098000000000000e+0	2.312500000000000e+0	1.678000000000000e-1
2.100000000000000e+0	2.205100000000000e+0	1.639000000000000e-1
2.102000000000000e+0	2.219300000000000e+0	1.645000000000000e-1
2.105000000000000e+0	2.343500000000000e+0	1.691000000000000e-1
2.107000000000000e+0	2.260200000000000e+0	1.662000000000000e-1
2.109000000000000e+0	2.164500000000000e+0	1.627000000000000e-1
2.111000000000000e+0	2.497000000000000e+0	1.748000000000000e-1
2.113000000000000e+0	2.107300000000000e+0	1.607000000000000e-1
2.116000000000000e+0	2.305500000000000e+0	1.681000000000000e-1
2.118000000000000e+0	2.504100000000000e+0	1.753000000000000e-1
2.120000000000000e+0	2.383600000000000e+0	1.711000000000000e-1
2.122000000000000e+0	2.164500000000000e+0	1.632000000000000e-1
2.124000000000000e+0	2.338800000000000e+0	1.697000100000000e-1
2.126000000000000e+0	2.378000000000000e+0	1.712000000000000e-1
2.129000000000000e+0	2.133600000000000e+0	1.622000000000000e-1
2.131000000000000e+0	2.370100000000000e+0	1.710000000000000e-1
2.133000000000000e+0	2.285800000000000e+0	1.681000000000000e-1
2.135000000000000e+0	2.213800000000000e+0	1.655000000000000e-1
2.137000000000000e+0	2.624300000000000e+0	1.802000000000000e-1
2.139000000000000e+0	2.589600000000000e+0	1.791000000000000e-1
2.141000000000000e+0	2.765600000000000e+0	1.852000000000000e-1
2.143000000000000e+0	2.445500000000000e+0	1.742000000000000e-1
2.146000000000000e+0	2.509800000000000e+0	1.766000000000000e-1
2.148000000000000e+0	2.238600000000000e+0	1.669000000000000e-1
2.150000000000000e+0	2.414900000000000e+0	1.734000000000000e-1
2.152000000000000e+0	2.180400000000000e+0	1.648000000000000e-1
2.154000000000000e+0	2.332100000000000e+0	1.705000000000000e-1
2.156000000000000e+0	2.608900000000000e+0	1.805000000000000e-1
2.158000000000000e+0	2.698800000000000e+0	1.836000000000000e-1
2.160000000000000e+0	2.563700000000000e+0	1.790000000000000e-1
2.162000000000000e+0	2.653700000000000e+0	1.823000000000000e-1
2.164000000000000e+0	2.568400000000000e+0	1.794000000000000e-1
2.166000000000000e+0	2.370100000000000e+0	1.724000000000000e-1
2.168000000000000e+0	2.397400000000000e+0	1.735000100000000e-1
2.170000000000000e+0	2.563000000000000e+0	1.794000000000000e-1
2.172000000000000e+0	2.552700000000000e+0	1.792000000000000e-1
2.174000000000000e+0	2.555100000000000e+0	1.793000100000000e-1
2.176000000000000e+0	2.494400000000000e+0	1.773000000000000e-1
2.178000000000000e+0	2.862400000000000e+0	1.900000000000000e-1
2.180000000000000e+0	2.764000000000000e+0	1.868000000000000e-1
2.182000000000000e+0	2.968700000000000e+0	1.937000000000000e-1
2.184000000000000e+0	2.516200000000000e+0	1.784000000000000e-1
2.186000000000000e+0	2.505800000000000e+0	1.781000000000000e-1
2.188000000000000e+0	2.786800000000000e+0	1.879000000000000e-1
2.190000000000000e+0	2.472400000000000e+0	1.771000000000000e-1
2.192000000000000e+0	2.779200000000000e+0	1.878000000000000e-1
2.194000000000000e+0	2.629300000000000e+0	1.827000000000000e-1
2.196000000000000e+0	2.479100000000000e+0	1.775000000000000e-1
2.198000000000000e+0	2.774000000000000e+0	1.879000000000000e-1
2.200000000000000e+0	2.611000000000000e+0	1.824000000000000e-1
2.202000000000000e+0	2.434900000000000e+0	1.762000000000000e-1
2.204000000000000e+0	2.360500000000000e+0	1.735000100000000e-1
2.206000000000000e+0	2.707500000000000e+0	1.859000000000000e-1
2.208000000000000e+0	2.684400000000000e+0	1.852000000000000e-1
2.210000000000000e+0	2.507700000000000e+0	1.791000000000000e-1
2.212000000000000e+0	2.433100000000000e+0	1.765000000000000e-1
2.213000000000000e+0	2.653200000000000e+0	1.844000000000000e-1
2.215000000000000e+0	2.578600000000000e+0	1.819000000000000e-1
2.217000000000000e+0	2.555200000000000e+0	1.811000000000000e-1
2.219000000000000e+0	2.621800000000000e+0	1.836000000000000e-1
2.221000000000000e+0	2.521200000000000e+0	1.801000000000000e-1
2.223000000000000e+0	1.892600000000000e+0	1.561000000000000e-1
