-4.470490000000000e+2	1.296000000000000e-1	5.600000000000000e-3
-4.307840000000000e+2	1.286000000000000e-1	5.600000000000000e-3
-4.153850000000000e+2	1.299000000000000e-1	5.700000000000000e-3
-4.007910000000000e+2	1.453000000000000e-1	6.100000000000000e-3
-3.869460000000000e+2	1.431000000000000e-1	6.100000000000000e-3
-3.738020000000000e+2	1.477000000000000e-1	6.200000000000000e-3
-3.613100000000000e+2	1.441000000000000e-1	6.200000000000000e-3
-3.494290100000000e+2	1.372000000000000e-1	6.100000000000000e-3
-3.381200000000000e+2	1.530000000000000e-1	6.500000000000000e-3
-3.273460000000000e+2	1.465000000000000e-1	6.400000000000000e-3
-3.170740000000000e+2	1.517000000000000e-1	6.600000000000000e-3
-3.072730000000000e+2	1.541000000000000e-1	6.700000000000000e-3
-2.979150000000000e+2	1.499000000000000e-1	6.700000000000000e-3
-2.889740000000000e+2	1.537000000000000e-1	6.800000000000000e-3
-2.804260000000000e+2	1.597000000000000e-1	7.000000000000000e-3
-2.722460000000000e+2	1.574000000000000e-1	7.000000000000000e-3
-2.644160000000000e+2	1.681000000000000e-1	7.300000000000000e-3
-2.569150000000000e+2	1.724000000000000e-1	7.400000000000000e-3
-2.497250000000000e+2	1.678000000000000e-1	7.400000000000000e-3
-2.428280000000000e+2	1.544000000000000e-1	7.100000000000001e-3
-2.362100000000000e+2	1.705000000000000e-1	7.500000000000000e-3
-2.298560000000000e+2	1.687000100000000e-1	7.500000000000000e-3
-2.237500000000000e+2	1.812000000000000e-1	7.900000000000000e-3
-2.178820000000000e+2	1.791000000000000e-1	7.900000000000000e-3
-2.122380000000000e+2	1.730000100000000e-1	7.800000000000000e-3
-2.068080000000000e+2	1.997000000000000e-1	8.400000000000000e-3
-2.015800000000000e+2	1.700000000000000e-1	7.800000000000000e-3
-1.965450000000000e+2	1.841000000000000e-1	8.200000000000000e-3
-1.916940000000000e+2	1.930000000000000e-1	8.400000000000000e-3
-1.870170000000000e+2	1.949000000000000e-1	8.500000000000000e-3
-1.825060000000000e+2	1.969000000000000e-1	8.600000000000000e-3
-1.781540000000000e+2	1.920000000000000e-1	8.600000000000000e-3
-1.739530000000000e+2	1.997000000000000e-1	8.800000000000000e-3
-1.698960100000000e+2	2.001000000000000e-1	8.800000000000000e-3
-1.659770000000000e+2	1.968000000000000e-1	8.800000000000000e-3
-1.621890000000000e+2	2.095000000000000e-1	9.100000000000000e-3
-1.585270000000000e+2	2.058000000000000e-1	9.100000000000000e-3
-1.549860000000000e+2	1.950000000000000e-1	8.900000000000000e-3
-1.515590000000000e+2	2.058000000000000e-1	9.200000000000000e-3
-1.482430000000000e+2	2.051000000000000e-1	9.200000000000000e-3
-1.450320000000000e+2	2.065000000000000e-1	9.300000000000000e-3
-1.419220000000000e+2	2.210000000000000e-1	9.700000000000000e-3
-1.389080000000000e+2	2.049000000000000e-1	9.400000000000000e-3
-1.359880000000000e+2	2.118000000000000e-1	9.599999999999998e-3
-1.331570000000000e+2	2.166000000000000e-1	9.800000000000000e-3
-1.304110000000000e+2	2.091000000000000e-1	9.599999999999998e-3
-1.277470000000000e+2	2.004000000000000e-1	9.500000000000000e-3
-1.251620000000000e+2	2.024000000000000e-1	9.599999999999998e-3
-1.226530000000000e+2	2.181000000000000e-1	1.000000000000000e-2
-1.202160000000000e+2	2.226000000000000e-1	1.010000000000000e-2
-1.178500000000000e+2	2.080000000000000e-1	9.800000000000000e-3
-1.155510000000000e+2	2.279000000000000e-1	1.040000000000000e-2
-1.133170000000000e+2	2.220000000000000e-1	1.030000000000000e-2
-1.111450000000000e+2	2.418000000000000e-1	1.080000000000000e-2
-1.090340000000000e+2	2.349000000000000e-1	1.070000000000000e-2
-1.069800000000000e+2	2.409000000000000e-1	1.090000000000000e-2
-1.049820000000000e+2	2.269000000000000e-1	1.060000000000000e-2
-1.030380000000000e+2	2.578000000000000e-1	1.130000000000000e-2
-1.011460000000000e+2	2.391000000000000e-1	1.100000000000000e-2
-9.930400000000000e+1	2.528000000000000e-1	1.130000000000000e-2
-9.751000000000000e+1	2.433000000000000e-1	1.120000000000000e-2
-9.576300000000000e+1	2.501000000000000e-1	1.140000000000000e-2
-9.406100000000000e+1	2.403000000000000e-1	1.120000000000000e-2
-9.240200000000000e+1	2.350000000000000e-1	1.110000000000000e-2
-9.078600000000000e+1	2.545000000000000e-1	1.160000000000000e-2
-8.921000000000000e+1	2.476000000000000e-1	1.150000000000000e-2
-8.767300000000000e+1	2.561000000000000e-1	1.170000000000000e-2
-8.617500000000000e+1	2.567000000000000e-1	1.180000000000000e-2
-8.471300000000000e+1	2.495000000000000e-1	1.170000000000000e-2
-8.328600000000000e+1	2.653000000000000e-1	1.210000000000000e-2
-8.189500000000000e+1	2.586000000000000e-1	1.200000000000000e-2
-8.053600000000000e+1	2.500000000000000e-1	1.180000000000000e-2
-7.920900000000000e+1	2.656000000000000e-1	1.220000000000000e-2
-7.791400000000000e+1	2.745000000000000e-1	1.250000000000000e-2
-7.664900000000000e+1	2.784000000000000e-1	1.260000000000000e-2
-7.541400000000000e+1	2.609000000000000e-1	1.230000000000000e-2
-7.420700000000000e+1	2.594000000000000e-1	1.230000000000000e-2
-7.302700000000000e+1	2.656000000000000e-1	1.250000000000000e-2
-7.187400099999999e+1	2.907000000000000e-1	1.310000000000000e-2
-7.074800000000001e+1	2.708000000000000e-1	1.270000000000000e-2
-6.964600000000000e+1	2.849000000000000e-1	1.310000000000000e-2
-6.856800000000000e+1	3.021000000000000e-1	1.350000000000000e-2
-6.751500000000000e+1	2.568000000000000e-1	1.250000000000000e-2
-6.648399999999999e+1	2.679000000000000e-1	1.280000000000000e-2
-6.547600000000000e+1	2.872000000000000e-1	1.330000000000000e-2
-6.448900000000001e+1	2.749000000000000e-1	1.310000000000000e-2
-6.352400000000000e+1	2.800000000000000e-1	1.330000000000000e-2
-6.257900000000000e+1	2.637000000000000e-1	1.290000000000000e-2
-6.165400000000000e+1	3.070000000000000e-1	1.400000000000000e-2
-6.074800000000000e+1	2.777000000000000e-1	1.330000000000000e-2
-5.986100000000000e+1	2.700000000000000e-1	1.320000000000000e-2
-5.899300000000000e+1	2.875000000000000e-1	1.370000000000000e-2
-5.814200000000000e+1	2.849000000000000e-1	1.370000000000000e-2
-5.730800000000000e+1	3.007000000000000e-1	1.410000000000000e-2
-5.649200000000000e+1	2.868000000000000e-1	1.380000000000000e-2
-5.569200000000000e+1	3.081000000000000e-1	1.430000000000000e-2
-5.490700000000000e+1	2.826000000000000e-1	1.380000000000000e-2
-5.413900000000000e+1	3.028000000000000e-1	1.430000000000000e-2
-5.338500000000000e+1	2.945000000000000e-1	1.420000000000000e-2
-5.264600000000000e+1	2.958000000000000e-1	1.420000000000000e-2
-5.192200000000000e+1	3.108000000000000e-1	1.470000000000000e-2
-5.121100000000000e+1	3.240000000000000e-1	1.500000000000000e-2
-5.051400000000000e+1	3.156000000000000e-1	1.490000000000000e-2
-4.983100000000000e+1	3.028000000000000e-1	1.460000000000000e-2
-4.916000000000000e+1	3.125000000000000e-1	1.490000000000000e-2
-4.850200000000000e+1	3.124000000000000e-1	1.490000000000000e-2
-4.785700000000000e+1	3.129000000000000e-1	1.500000000000000e-2
-4.722300000000000e+1	2.990000000000000e-1	1.470000000000000e-2
-4.660100000000000e+1	3.001000000000000e-1	1.480000000000000e-2
-4.599000000000000e+1	3.049000000000000e-1	1.490000000000000e-2
-4.539100000000000e+1	3.355000000000000e-1	1.570000000000000e-2
-4.480200000000000e+1	3.123000000000000e-1	1.520000000000000e-2
-4.422400000000000e+1	3.321000000000000e-1	1.570000000000000e-2
-4.365700000000000e+1	3.379000100000000e-1	1.590000000000000e-2
-4.309900000000000e+1	3.376000000000000e-1	1.600000000000000e-2
-4.255200000000000e+1	3.320000000000000e-1	1.590000000000000e-2
-4.201400000000000e+1	3.142000000000000e-1	1.550000000000000e-2
-4.148500000000000e+1	3.390000000000000e-1	1.610000000000000e-2
-4.096600000000000e+1	3.356000000000000e-1	1.610000000000000e-2
-4.045600000000000e+1	3.205000000000000e-1	1.580000000000000e-2
-3.995400000000000e+1	3.349000000000000e-1	1.620000000000000e-2
-3.946100000000000e+1	3.281000000000000e-1	1.610000000000000e-2
-3.897700000000000e+1	3.371000000000000e-1	1.630000000000000e-2
-3.850000000000000e+1	3.216000000000000e-1	1.600000000000000e-2
-3.803200000000000e+1	3.130000000000000e-1	1.580000000000000e-2
-3.757100000000000e+1	3.437000000000000e-1	1.660000000000000e-2
-3.711800000000000e+1	3.529000000000000e-1	1.690000100000000e-2
-3.667300000000000e+1	3.199000000000000e-1	1.610000000000000e-2
-3.623500000000000e+1	3.568000000000000e-1	1.710000000000000e-2
-3.580400000000000e+1	3.514000000000000e-1	1.700000000000000e-2
-3.538000000000000e+1	3.409000000000000e-1	1.680000100000000e-2
-3.496300000000000e+1	3.751000000000000e-1	1.760000000000000e-2
-3.455300100000000e+1	3.563000000000000e-1	1.720000000000000e-2
-3.414900000000000e+1	3.389000100000000e-1	1.690000100000000e-2
-3.375200000000000e+1	3.449000000000000e-1	1.710000000000000e-2
-3.336100000000000e+1	3.697000000000000e-1	1.770000000000000e-2
-3.297600000000000e+1	3.682000000000000e-1	1.770000000000000e-2
-3.259700000000000e+1	3.427000000000000e-1	1.710000000000000e-2
-3.222400000000000e+1	3.256000000000000e-1	1.670000000000000e-2
-3.185700000000000e+1	4.078000000000000e-1	1.880000000000000e-2
-3.149500000000000e+1	3.647000000000000e-1	1.780000000000000e-2
-3.114000000000000e+1	3.814000000000000e-1	1.830000000000000e-2
-3.078900000000000e+1	3.535000000000000e-1	1.760000000000000e-2
-3.044400000000000e+1	3.650000000000000e-1	1.800000100000000e-2
-3.010400000000000e+1	4.113000000000000e-1	1.910000000000000e-2
-2.976900000000000e+1	3.553000000000000e-1	1.780000000000000e-2
-2.943900000000000e+1	3.795000000000000e-1	1.850000000000000e-2
-2.911400000000000e+1	3.805000000000000e-1	1.850000000000000e-2
-2.879400000000000e+1	3.861000000000000e-1	1.870000000000000e-2
-2.847900000000000e+1	3.761000000000000e-1	1.850000000000000e-2
-2.816800000000000e+1	4.146000000000000e-1	1.950000000000000e-2
-2.786200000000000e+1	3.900000000000000e-1	1.890000000000000e-2
-2.756000000000000e+1	3.974000000000000e-1	1.920000000000000e-2
-2.726300000000000e+1	4.068000000000000e-1	1.940000000000000e-2
-2.697000000000000e+1	3.817000000000000e-1	1.890000000000000e-2
-2.668100000000000e+1	3.910000000000000e-1	1.910000000000000e-2
-2.639600000000000e+1	3.957000000000000e-1	1.930000000000000e-2
-2.611600000000000e+1	4.090000000000000e-1	1.970000000000000e-2
-2.583900000000000e+1	3.881000000000000e-1	1.920000000000000e-2
-2.556600000000000e+1	4.042000000000000e-1	1.970000000000000e-2
-2.529700000000000e+1	4.426000000000000e-1	2.060000000000000e-2
-2.503200000000000e+1	4.553000000000000e-1	2.100000000000000e-2
-2.477000000000000e+1	4.128000000000000e-1	2.000000000000000e-2
-2.451200000000000e+1	4.157000000000000e-1	2.010000000000000e-2
-2.425700000000000e+1	4.245000000000000e-1	2.040000000000000e-2
-2.400600000000000e+1	4.333000000000000e-1	2.060000000000000e-2
-2.375900000000000e+1	4.234000000000000e-1	2.040000000000000e-2
-2.351500000000000e+1	4.442000000000000e-1	2.100000000000000e-2
-2.327400000000000e+1	4.612000000000000e-1	2.140000000000000e-2
-2.303600000000000e+1	4.312000000000000e-1	2.080000000000000e-2
-2.280200000000000e+1	4.271000000000000e-1	2.070000000000000e-2
-2.257000000000000e+1	4.371000000000000e-1	2.100000000000000e-2
-2.234200000000000e+1	5.161000000000000e-1	2.290000000000000e-2
-2.211700000000000e+1	4.695000000000000e-1	2.190000000000000e-2
-2.189400000000000e+1	4.747000000000000e-1	2.200000000000000e-2
-2.167500000000000e+1	4.778000000000000e-1	2.220000000000000e-2
-2.145800000000000e+1	5.139000000000000e-1	2.300000000000000e-2
-2.124400000000000e+1	4.902000000000000e-1	2.250000000000000e-2
-2.103300000000000e+1	4.913000000000000e-1	2.260000000000000e-2
-2.082500000000000e+1	4.809000000000000e-1	2.240000000000000e-2
-2.061900000000000e+1	5.218000000000001e-1	2.340000000000000e-2
-2.041600000000000e+1	4.829000000000000e-1	2.260000000000000e-2
-2.021600000000000e+1	4.839000000000000e-1	2.260000000000000e-2
-2.001800000000000e+1	5.338000000000001e-1	2.380000000000000e-2
-1.982300000000000e+1	5.318000000000001e-1	2.380000000000000e-2
-1.963000000000000e+1	5.973000000000001e-1	2.530000000000000e-2
-1.943900000000000e+1	5.621000000000001e-1	2.460000000000000e-2
-1.925100000000000e+1	5.276999999999999e-1	2.390000000000000e-2
-1.906500000000000e+1	5.342000000000000e-1	2.410000000000000e-2
-1.888100000000000e+1	5.452000000000000e-1	2.440000000000000e-2
-1.870000000000000e+1	5.627000000000000e-1	2.480000000000000e-2
-1.852100000000000e+1	5.222000000000000e-1	2.400000000000000e-2
-1.834400000000000e+1	5.077000000000001e-1	2.370000000000000e-2
-1.816900000000000e+1	5.109000000000000e-1	2.380000000000000e-2
-1.799700000000000e+1	5.618999999999999e-1	2.500000000000000e-2
-1.782600000000000e+1	6.011000000000000e-1	2.590000000000000e-2
-1.765800000000000e+1	5.945000000000000e-1	2.580000000000000e-2
-1.749100000000000e+1	5.620000000000001e-1	2.520000000000000e-2
-1.732700000000000e+1	5.868000000000000e-1	2.580000000000000e-2
-1.716400000000000e+1	5.631000000000001e-1	2.530000000000000e-2
-1.700300000000000e+1	6.018000000000000e-1	2.620000000000000e-2
-1.684400000000000e+1	5.744000000000000e-1	2.560000000000000e-2
-1.668800000000000e+1	5.330000000000000e-1	2.470000000000000e-2
-1.653200000000000e+1	6.019000000000000e-1	2.630000000000000e-2
-1.637900000000000e+1	5.417999999999999e-1	2.500000000000000e-2
-1.622800000000000e+1	5.787000000000000e-1	2.590000000000000e-2
-1.607800000000000e+1	5.623000000000000e-1	2.560000000000000e-2
-1.593000000000000e+1	6.172000000000000e-1	2.690000000000000e-2
-1.578300000000000e+1	6.219000000000000e-1	2.700000000000000e-2
-1.563900000000000e+1	6.243000000000000e-1	2.710000000000000e-2
-1.549600000000000e+1	6.148000000000000e-1	2.700000000000000e-2
-1.535400000000000e+1	5.838000000000000e-1	2.630000000000000e-2
-1.521400000000000e+1	5.537999999999999e-1	2.570000000000000e-2
-1.507600000000000e+1	6.302000000000000e-1	2.750000000000000e-2
-1.493900000000000e+1	6.264999999999999e-1	2.740000000000000e-2
-1.480400000000000e+1	6.289000000000000e-1	2.750000000000000e-2
-1.467000000000000e+1	6.784000000000000e-1	2.870000000000000e-2
-1.453800000000000e+1	6.262000000000000e-1	2.760000000000000e-2
-1.440700000000000e+1	6.225000000000001e-1	2.760000000000000e-2
-1.427800000000000e+1	6.516999999999999e-1	2.830000000000000e-2
-1.415000000000000e+1	6.283000000000000e-1	2.780000000000000e-2
-1.402300000000000e+1	6.293000000000000e-1	2.790000000000000e-2
-1.389800000000000e+1	6.861000000000001e-1	2.910000000000000e-2
-1.377500000000000e+1	6.737000000000000e-1	2.890000000000000e-2
-1.365200000000000e+1	6.686000000000000e-1	2.890000000000000e-2
-1.353100000000000e+1	6.810000000000001e-1	2.920000000000000e-2
-1.341100000000000e+1	5.792000000000001e-1	2.700000000000000e-2
-1.329200000000000e+1	6.821000000000000e-1	2.930000000000000e-2
-1.317500000000000e+1	6.884000000000000e-1	2.950000000000000e-2
-1.305900000000000e+1	6.934000000000000e-1	2.970000000000000e-2
-1.294400000000000e+1	6.538000000000001e-1	2.890000000000000e-2
-1.283000000000000e+1	6.906000000000000e-1	2.970000000000000e-2
-1.271800000000000e+1	6.353000000000000e-1	2.860000000000000e-2
-1.260700000000000e+1	6.117000000000000e-1	2.810000000000000e-2
-1.249700000000000e+1	6.462000000000000e-1	2.890000000000000e-2
-1.238800000000000e+1	6.808000000000000e-1	2.970000000000000e-2
-1.228000000000000e+1	6.102999999999999e-1	2.820000000000000e-2
-1.217300000000000e+1	6.059000000000000e-1	2.810000000000000e-2
-1.206700000000000e+1	6.185000000000001e-1	2.850000000000000e-2
-1.196300000000000e+1	5.981999999999999e-1	2.800000000000000e-2
-1.185900000000000e+1	6.438000000000000e-1	2.910000000000000e-2
-1.175700000000000e+1	5.798000000000000e-1	2.770000000000000e-2
-1.165500000000000e+1	6.721000000000000e-1	2.990000000000000e-2
-1.155500000000000e+1	5.971000000000000e-1	2.820000000000000e-2
-1.145600000000000e+1	6.218000000000000e-1	2.880000000000000e-2
-1.135700000000000e+1	6.574000000000000e-1	2.970000000000000e-2
-1.126000000000000e+1	6.112000000000000e-1	2.870000000000000e-2
-1.116300000000000e+1	6.632000000000000e-1	2.990000000000000e-2
-1.106800000000000e+1	7.169000000000000e-1	3.120000000000000e-2
-1.097300000000000e+1	6.880000099999999e-1	3.060000000000000e-2
-1.088000000000000e+1	7.148000000000000e-1	3.120000000000000e-2
-1.078700000000000e+1	7.144000000000000e-1	3.130000000000000e-2
-1.069500000000000e+1	7.333000000000000e-1	3.170000000000000e-2
-1.060400000000000e+1	7.673000000000000e-1	3.250000000000000e-2
-1.051400000000000e+1	7.463000000000000e-1	3.210000000000000e-2
-1.042500000000000e+1	8.278000000000000e-1	3.390000000000000e-2
-1.033700000000000e+1	7.734000000000000e-1	3.280000000000000e-2
-1.025000000000000e+1	7.704000000000000e-1	3.280000000000000e-2
-1.016300000000000e+1	8.302000000000000e-1	3.410000000000000e-2
-1.007700000000000e+1	7.669000000000000e-1	3.280000000000000e-2
-9.992000000000002e+0	8.102000000000000e-1	3.380000100000000e-2
-9.908000000000000e+0	8.071000000000000e-1	3.380000100000000e-2
-9.825000000000000e+0	8.579000000000000e-1	3.490000000000000e-2
-9.742000000000002e+0	8.706000000000000e-1	3.520000000000000e-2
-9.661000000000000e+0	8.519000000000000e-1	3.490000000000000e-2
-9.580000000000000e+0	8.689000000000000e-1	3.530000000000000e-2
-9.499000000000000e+0	7.525000000000000e-1	3.290000000000000e-2
-9.420000000000000e+0	8.513000000000000e-1	3.500000000000000e-2
-9.341000000000000e+0	8.439000000000000e-1	3.490000000000000e-2
-9.263000000000000e+0	9.146000000000000e-1	3.640000000000000e-2
-9.186000000000000e+0	8.520000000000000e-1	3.520000000000000e-2
-9.109000000000000e+0	8.109000000000000e-1	3.440000000000000e-2
-9.033000000000000e+0	9.465000000000000e-1	3.720000000000000e-2
-8.958000000000000e+0	9.171000000000000e-1	3.670000000000000e-2
-8.884000000000000e+0	8.684000000000000e-1	3.580000000000000e-2
-8.810000000000000e+0	9.139000000000000e-1	3.670000000000000e-2
-8.737000000000000e+0	8.856000000000000e-1	3.620000000000000e-2
-8.664000000000000e+0	9.135000000000000e-1	3.680000000000000e-2
-8.592000000000000e+0	8.820000000000000e-1	3.620000000000000e-2
-8.521000000000000e+0	9.444000000000000e-1	3.760000000000000e-2
-8.451000000000000e+0	8.993000000000000e-1	3.670000000000000e-2
-8.381000000000000e+0	8.975000000000000e-1	3.670000000000000e-2
-8.311000000000000e+0	8.836000000000000e-1	3.650000000000000e-2
-8.243000000000000e+0	9.044000000000000e-1	3.700000000000000e-2
-8.175000000000000e+0	8.964000000000000e-1	3.690000000000000e-2
-8.107000000000000e+0	8.565000000000000e-1	3.610000000000000e-2
-8.039999999999998e+0	9.521000000000000e-1	3.810000000000000e-2
-7.974000000000000e+0	9.809000000000000e-1	3.870000000000000e-2
-7.908000000000000e+0	9.040000000000000e-1	3.720000000000000e-2
-7.843000000000000e+0	9.343000000000000e-1	3.790000000000000e-2
-7.779000000000000e+0	9.648000000000000e-1	3.860000000000000e-2
-7.715000000000000e+0	9.986000000000000e-1	3.930000000000000e-2
-7.651000000000000e+0	1.026300000000000e+0	3.990000000000000e-2
-7.588000000000000e+0	1.005900000000000e+0	3.960000000000000e-2
-7.526000000000000e+0	1.041600000000000e+0	4.030000000000000e-2
-7.464000000000000e+0	1.021100000000000e+0	4.000000000000000e-2
-7.403000000000000e+0	1.049200000000000e+0	4.060000000000000e-2
-7.342000000000000e+0	1.071100000000000e+0	4.110000000000000e-2
-7.282000000000000e+0	1.088400000000000e+0	4.150000000000000e-2
-7.222000000000000e+0	1.042400000000000e+0	4.060000000000000e-2
-7.163000000000000e+0	1.135900000000000e+0	4.250000000000000e-2
-7.104000000000000e+0	1.164600000000000e+0	4.310000000000000e-2
-7.046000000000000e+0	1.174200000000000e+0	4.330000000000000e-2
-6.988000000000001e+0	1.228800000000000e+0	4.440000000000000e-2
-6.931000000000000e+0	1.237100000000000e+0	4.460000000000000e-2
-6.874000000000000e+0	1.288900000000000e+0	4.560000000000000e-2
-6.818000000000000e+0	1.344100000000000e+0	4.660000000000000e-2
-6.762000099999999e+0	1.317100000000000e+0	4.620000000000000e-2
-6.707000000000000e+0	1.415000000000000e+0	4.790000000000000e-2
-6.652000000000000e+0	1.427000000000000e+0	4.820000000000000e-2
-6.597000000000001e+0	1.344400000000000e+0	4.690000000000000e-2
-6.543000000000000e+0	1.313700000000000e+0	4.640000000000000e-2
-6.490000000000000e+0	1.432300000000000e+0	4.850000000000000e-2
-6.437000000000000e+0	1.297800000000000e+0	4.620000000000000e-2
-6.384000000000000e+0	1.367400000000000e+0	4.750000000000000e-2
-6.332000000000000e+0	1.343000000000000e+0	4.720000000000000e-2
-6.280000000000000e+0	1.338300000000000e+0	4.710000000000000e-2
-6.228000000000000e+0	1.428500000000000e+0	4.880000000000000e-2
-6.177000000000000e+0	1.300500000000000e+0	4.660000000000000e-2
-6.127000000000000e+0	1.362600000000000e+0	4.780000000000000e-2
-6.076000000000000e+0	1.332700000000000e+0	4.730000000000000e-2
-6.027000000000000e+0	1.294100000000000e+0	4.670000000000000e-2
-5.977000000000000e+0	1.223400000000000e+0	4.540000000000000e-2
-5.928000000000000e+0	1.216500000000000e+0	4.540000000000000e-2
-5.878999999999999e+0	1.272300000000000e+0	4.650000000000000e-2
-5.831000000000001e+0	1.158300000000000e+0	4.440000000000000e-2
-5.783000000000000e+0	1.219300000000000e+0	4.560000000000000e-2
-5.736000000000000e+0	1.222500000000000e+0	4.570000000000000e-2
-5.689000000000000e+0	1.282300000000000e+0	4.690000000000000e-2
-5.642000000000000e+0	1.184300000000000e+0	4.510000000000000e-2
-5.596000000000000e+0	1.208000000000000e+0	4.560000000000000e-2
-5.550000000000000e+0	1.193900000000000e+0	4.540000000000000e-2
-5.503999999999999e+0	1.193500000000000e+0	4.550000000000000e-2
-5.459000000000000e+0	1.243500000000000e+0	4.650000000000000e-2
-5.414000000000000e+0	1.255400000000000e+0	4.680000000000000e-2
-5.369000000000000e+0	1.239500000000000e+0	4.650000000000000e-2
-5.325000000000000e+0	1.179700000000000e+0	4.540000000000000e-2
-5.281000000000000e+0	1.172200000000000e+0	4.540000000000000e-2
-5.237000000000000e+0	1.247300000000000e+0	4.680000000000000e-2
-5.194000000000000e+0	1.250500000000000e+0	4.700000000000000e-2
-5.151000000000000e+0	1.177600000000000e+0	4.560000000000000e-2
-5.108000000000000e+0	1.148700000000000e+0	4.510000000000000e-2
-5.066000000000000e+0	1.197800000000000e+0	4.610000000000000e-2
-5.024000000000000e+0	1.133100000000000e+0	4.490000000000000e-2
-4.983000000000000e+0	1.212800000000000e+0	4.650000000000000e-2
-4.941000000000000e+0	1.310700000000000e+0	4.840000000000000e-2
-4.900000000000000e+0	1.195600000000000e+0	4.630000000000000e-2
-4.859000000000000e+0	1.250700000000000e+0	4.740000000000000e-2
-4.819000000000000e+0	1.219600000000000e+0	4.690000000000000e-2
-4.779000000000000e+0	1.229800000000000e+0	4.720000000000000e-2
-4.739000000000000e+0	1.300000000000000e+0	4.850000000000000e-2
-4.700000000000000e+0	1.385000000000000e+0	5.020000000000000e-2
-4.660000000000000e+0	1.282700000000000e+0	4.830000000000000e-2
-4.621000000000001e+0	1.273100000000000e+0	4.820000000000000e-2
-4.583000000000000e+0	1.228600000000000e+0	4.740000000000000e-2
-4.543999999999999e+0	1.316100000000000e+0	4.910000000000000e-2
-4.506000000000000e+0	1.265900000000000e+0	4.830000000000000e-2
-4.468000000000000e+0	1.252400000000000e+0	4.810000000000000e-2
-4.431000000000000e+0	1.296100000000000e+0	4.900000000000000e-2
-4.394000000000000e+0	1.206600000000000e+0	4.730000000000000e-2
-4.357000000000000e+0	1.350700000000000e+0	5.010000000000000e-2
-4.320000000000000e+0	1.359600000000000e+0	5.030000000000000e-2
-4.283000000000000e+0	1.321800000000000e+0	4.970000000000000e-2
-4.247000000000000e+0	1.390500000000000e+0	5.100000000000000e-2
-4.211000000000000e+0	1.375100000000000e+0	5.080000000000000e-2
-4.176000000000000e+0	1.297500000000000e+0	4.940000000000000e-2
-4.140000000000000e+0	1.349600000000000e+0	5.040000000000000e-2
-4.105000000000001e+0	1.441600000000000e+0	5.220000000000000e-2
-4.070000000000000e+0	1.522700000000000e+0	5.370000000000000e-2
-4.035000000000000e+0	1.435200000000000e+0	5.220000000000000e-2
-4.001000000000000e+0	1.602200000000000e+0	5.520000000000000e-2
-3.967000000000000e+0	1.573600000000000e+0	5.480000000000000e-2
-3.933000000000000e+0	1.669000000000000e+0	5.650000000000000e-2
-3.899000000000000e+0	1.688300000000000e+0	5.690000000000000e-2
-3.866000000000000e+0	1.761400000000000e+0	5.820000000000000e-2
-3.832000000000000e+0	1.732800100000000e+0	5.780000000000000e-2
-3.799000000000000e+0	1.671200000000000e+0	5.680000000000000e-2
-3.766000000000000e+0	1.963300000000000e+0	6.160000000000000e-2
-3.734000000000000e+0	1.903900000000000e+0	6.080000000000000e-2
-3.702000000000000e+0	1.873300000000000e+0	6.030000000000000e-2
-3.669000000000000e+0	1.941900000000000e+0	6.150000000000000e-2
-3.638000000000000e+0	1.901500000000000e+0	6.090000000000000e-2
-3.606000000000000e+0	2.005700000000000e+0	6.260000000000000e-2
-3.574000000000000e+0	2.080900000000000e+0	6.390000000000000e-2
-3.543000000000000e+0	2.077800000000000e+0	6.390000000000000e-2
-3.512000000000000e+0	2.218500000000000e+0	6.610000000000001e-2
-3.481000000000000e+0	2.298600000000000e+0	6.740000000000000e-2
-3.451000000000000e+0	2.272100000000000e+0	6.710000000000001e-2
-3.420000000000000e+0	2.362600000000000e+0	6.850000000000001e-2
-3.390000000000000e+0	2.449400000000000e+0	6.980000000000000e-2
-3.360000000000000e+0	2.389200000000000e+0	6.900000000000001e-2
-3.330000000000000e+0	2.498400000000000e+0	7.060000000000000e-2
-3.301000000000000e+0	2.532100000000000e+0	7.120000000000000e-2
-3.271000000000000e+0	2.642100000000000e+0	7.280000000000000e-2
-3.242000000000000e+0	2.563500000000000e+0	7.180000000000000e-2
-3.213000000000000e+0	2.670000000000000e+0	7.330000000000000e-2
-3.184000000000000e+0	2.597200000000000e+0	7.240000000000000e-2
-3.156000000000000e+0	2.615100000000000e+0	7.280000000000000e-2
-3.127000000000000e+0	2.681800000000000e+0	7.380000000000000e-2
-3.099000000000000e+0	2.939800000000000e+0	7.730000000000000e-2
-3.071000000000000e+0	2.787400000000000e+0	7.540000000000000e-2
-3.043000000000000e+0	2.867000000000000e+0	7.650000000000000e-2
-3.016000000000000e+0	2.674800000000000e+0	7.400000000000000e-2
-2.988000000000000e+0	2.885800000000000e+0	7.690000000000000e-2
-2.961000000000000e+0	2.698900000000000e+0	7.450000000000000e-2
-2.934000000000000e+0	2.861300000000000e+0	7.680000000000000e-2
-2.907000000000000e+0	3.049200000000000e+0	7.930000000000000e-2
-2.880000000000000e+0	2.993800000000000e+0	7.870000000000000e-2
-2.853000000000000e+0	2.967100000000000e+0	7.840000000000000e-2
-2.827000000000000e+0	2.865500000000000e+0	7.720000000000000e-2
-2.801000000000000e+0	2.905000000000000e+0	7.780000000000000e-2
-2.774000000000000e+0	2.946700000000000e+0	7.840000000000000e-2
-2.749000000000000e+0	2.982400000000000e+0	7.900000000000000e-2
-2.723000000000000e+0	2.965700000000000e+0	7.880000000000000e-2
-2.697000000000000e+0	2.909100000000000e+0	7.820000000000000e-2
-2.672000000000000e+0	2.801600000000000e+0	7.680000000000000e-2
-2.646000000000000e+0	3.079700000000000e+0	8.060000000000000e-2
-2.621000000000000e+0	2.868500000000000e+0	7.790000000000000e-2
-2.596000000000000e+0	2.891600000000000e+0	7.830000000000000e-2
-2.572000000000000e+0	2.880700000000000e+0	7.820000000000000e-2
-2.547000000000000e+0	2.859100000000000e+0	7.800000000000000e-2
-2.522000000000000e+0	2.952600000000000e+0	7.930000000000000e-2
-2.498000000000000e+0	2.770800000000000e+0	7.690000000000000e-2
-2.474000000000000e+0	2.802300000000000e+0	7.750000000000000e-2
-2.450000000000000e+0	2.735200000000000e+0	7.660000000000000e-2
-2.426000000000000e+0	2.751700000000000e+0	7.690000000000000e-2
-2.402000000000000e+0	2.561400000000000e+0	7.430000000000000e-2
-2.379000000000000e+0	2.635800000000000e+0	7.540000000000000e-2
-2.355000000000000e+0	2.682400000000000e+0	7.620000000000000e-2
-2.332000000000000e+0	2.735700000000000e+0	7.700000000000000e-2
-2.309000000000000e+0	2.667500000000000e+0	7.610000000000000e-2
-2.286000000000000e+0	2.657800000000000e+0	7.610000000000000e-2
-2.263000000000000e+0	2.674200000000000e+0	7.640000000000000e-2
-2.240000000000000e+0	2.493900000000000e+0	7.380000000000000e-2
-2.218000000000000e+0	2.367600000000000e+0	7.200000099999999e-2
-2.195000000000000e+0	2.556800000000000e+0	7.490000000000000e-2
-2.173000000000000e+0	2.612600000000000e+0	7.580000000000000e-2
-2.151000000000000e+0	2.498900000000000e+0	7.420000000000000e-2
-2.129000000000000e+0	2.453200000000000e+0	7.360000000000000e-2
-2.107000000000000e+0	2.595400000000000e+0	7.580000000000000e-2
-2.085000000000000e+0	2.500900000000000e+0	7.450000000000000e-2
-2.064000000000000e+0	2.508200000000000e+0	7.460000000000000e-2
-2.042000000000000e+0	2.575600000000000e+0	7.570000000000000e-2
-2.021000000000000e+0	2.545100000000000e+0	7.530000000000000e-2
-1.999000000000000e+0	2.541300000000000e+0	7.540000000000000e-2
-1.978000000000000e+0	2.555300000000000e+0	7.570000000000000e-2
-1.957000000000000e+0	2.596400000000000e+0	7.630000000000000e-2
-1.936000000000000e+0	2.660000000000000e+0	7.730000000000000e-2
-1.916000000000000e+0	2.611300000000000e+0	7.670000000000000e-2
-1.895000000000000e+0	2.602900000000000e+0	7.670000000000000e-2
-1.875000000000000e+0	2.714400000000000e+0	7.840000000000000e-2
-1.854000000000000e+0	2.794600000000000e+0	7.960000000000000e-2
-1.834000000000000e+0	2.666100000000000e+0	7.780000000000000e-2
-1.814000000000000e+0	2.687300000000000e+0	7.820000000000000e-2
-1.794000000000000e+0	2.733700000000000e+0	7.890000000000000e-2
-1.774000000000000e+0	2.807600000000000e+0	8.010000000000000e-2
-1.754000000000000e+0	2.952700000000000e+0	8.220000000000000e-2
-1.735000000000000e+0	2.857600000000000e+0	8.100000000000000e-2
-1.715000000000000e+0	2.842500000000000e+0	8.080000000000000e-2
-1.696000000000000e+0	2.919500000000000e+0	8.200000000000000e-2
-1.676000000000000e+0	3.033600000000000e+0	8.370000000000000e-2
-1.657000000000000e+0	3.074200000000000e+0	8.430000000000000e-2
-1.638000000000000e+0	3.131100000000000e+0	8.520000000000000e-2
-1.619000000000000e+0	3.127900000000000e+0	8.520000000000000e-2
-1.600000000000000e+0	3.075800000000000e+0	8.460000000000000e-2
-1.581000000000000e+0	3.249400000000000e+0	8.700000000000000e-2
-1.563000000000000e+0	3.293100000000000e+0	8.770000000000000e-2
-1.544000000000000e+0	3.177800000000000e+0	8.620000000000000e-2
-1.526000000000000e+0	3.193300000000000e+0	8.650000000000000e-2
-1.507000000000000e+0	3.337900000000000e+0	8.850000000000000e-2
-1.489000000000000e+0	3.134900000000000e+0	8.590000000000000e-2
-1.471000000000000e+0	3.411900000000000e+0	8.970000000000000e-2
-1.453000000000000e+0	3.338100000000000e+0	8.880000000000000e-2
-1.435000000000000e+0	3.223900000000000e+0	8.730000000000000e-2
-1.417000000000000e+0	3.341400000000000e+0	8.900000000000000e-2
-1.400000000000000e+0	3.245600000000000e+0	8.780000000000000e-2
-1.382000000000000e+0	3.325500000000000e+0	8.890000000000000e-2
-1.364000000000000e+0	3.224500000000000e+0	8.770000000000000e-2
-1.347000000000000e+0	3.378600000000000e+0	8.980000000000000e-2
-1.330000000000000e+0	3.191200000000000e+0	8.740000000000000e-2
-1.312000000000000e+0	3.362600000000000e+0	8.980000000000000e-2
-1.295000000000000e+0	3.368900000000000e+0	8.990000000000000e-2
-1.278000000000000e+0	3.423300100000000e+0	9.070000000000000e-2
-1.261000000000000e+0	3.263400000000000e+0	8.870000000000000e-2
-1.244000000000000e+0	3.363600000000000e+0	9.010000000000000e-2
-1.228000000000000e+0	3.241600000000000e+0	8.860000000000000e-2
-1.211000000000000e+0	3.257400000000000e+0	8.890000000000000e-2
-1.195000000000000e+0	3.394500000000000e+0	9.080000000000000e-2
-1.178000000000000e+0	3.344800000000000e+0	9.020000000000000e-2
-1.162000000000000e+0	3.316900000000000e+0	8.990000000000000e-2
-1.145000000000000e+0	3.606200000000000e+0	9.380000000000000e-2
-1.129000000000000e+0	3.341300000000000e+0	9.040000000000000e-2
-1.113000000000000e+0	3.639100000000000e+0	9.440000000000000e-2
-1.097000000000000e+0	3.388000000000000e+0	9.120000000000000e-2
-1.081000000000000e+0	3.618000000000000e+0	9.430000000000000e-2
-1.065000000000000e+0	3.400400000000000e+0	9.150000000000000e-2
-1.050000000000000e+0	3.537400000000000e+0	9.340000000000000e-2
-1.034000000000000e+0	3.388000000000000e+0	9.150000000000000e-2
-1.018000000000000e+0	3.627100000000000e+0	9.480000000000000e-2
-1.003000000000000e+0	3.613800000000000e+0	9.470000000000000e-2
-9.870000000000000e-1	3.622800000000000e+0	9.490000000000000e-2
-9.720000000000000e-1	3.574500000000000e+0	9.440000000000000e-2
-9.570000000000000e-1	3.748200000000000e+0	9.670000000000000e-2
-9.420000000000000e-1	3.622400000000000e+0	9.520000000000000e-2
-9.260000000000000e-1	3.689000000000000e+0	9.610000000000000e-2
-9.110000000000000e-1	3.620400000000000e+0	9.530000000000000e-2
-8.960000000000000e-1	3.843000000000000e+0	9.830000000000000e-2
-8.820000000000000e-1	3.877600000000000e+0	9.880000000000000e-2
-8.670000000000000e-1	3.788600000000000e+0	9.780000000000000e-2
-8.520000000000000e-1	3.760000000000000e+0	9.750000000000000e-2
-8.380000000000000e-1	3.670500000000000e+0	9.640000000000000e-2
-8.230000000000000e-1	4.047200000000000e+0	1.013000000000000e-1
-8.090000000000000e-1	3.879100000000000e+0	9.930000000000000e-2
-7.940000000000000e-1	3.865600000000000e+0	9.920000000000000e-2
-7.800000000000000e-1	3.948900000000000e+0	1.003000000000000e-1
-7.660000000000000e-1	4.011999999999999e+0	1.012000000000000e-1
-7.510000000000000e-1	3.965400000000000e+0	1.007000000000000e-1
-7.370000000000000e-1	3.982600000000000e+0	1.010000000000000e-1
-7.230000000000000e-1	4.331000000000001e+0	1.054000000000000e-1
-7.090000000000000e-1	4.240900000000000e+0	1.044000000000000e-1
-6.960000099999999e-1	4.088500000000000e+0	1.026000000000000e-1
-6.820000000000001e-1	4.291800000000000e+0	1.052000000000000e-1
-6.680000000000000e-1	4.402700000000000e+0	1.067000000000000e-1
-6.540000000000000e-1	4.495800000000000e+0	1.079000000000000e-1
-6.410000000000000e-1	4.467300000000000e+0	1.077000000000000e-1
-6.270000000000000e-1	4.488000000000001e+0	1.080000000000000e-1
-6.140000000000000e-1	4.469699999999999e+0	1.079000000000000e-1
-6.010000000000000e-1	4.631300000000001e+0	1.099000000000000e-1
-5.870000000000000e-1	4.725400000000000e+0	1.111000000000000e-1
-5.739999999999999e-1	4.626300000000000e+0	1.100000000000000e-1
-5.610000000000001e-1	4.786200000000000e+0	1.120000000000000e-1
-5.480000000000001e-1	4.920500000000000e+0	1.137000000000000e-1
-5.350000000000000e-1	4.729000000000000e+0	1.115000000000000e-1
-5.220000000000000e-1	4.974200000000000e+0	1.145000000000000e-1
-5.090000000000000e-1	5.093500000000000e+0	1.159000000000000e-1
-4.960000000000000e-1	5.215800000000000e+0	1.174000000000000e-1
-4.830000000000000e-1	5.314700000000000e+0	1.186000000000000e-1
-4.710000000000000e-1	5.642000000000000e+0	1.223000000000000e-1
-4.580000000000000e-1	5.749900000000000e+0	1.236000000000000e-1
-4.450000000000000e-1	5.498800000000000e+0	1.210000000000000e-1
-4.330000000000000e-1	5.753300000000000e+0	1.239000000000000e-1
-4.200000000000000e-1	5.872500000000000e+0	1.252000000000000e-1
-4.080000000000000e-1	5.946600000000000e+0	1.261000000000000e-1
-3.960000000000000e-1	6.050300000000000e+0	1.273000000000000e-1
-3.830000000000000e-1	6.202700000000000e+0	1.290000000000000e-1
-3.710000000000000e-1	6.589500000000000e+0	1.331000000000000e-1
-3.590000000000000e-1	6.503600000000000e+0	1.323000000000000e-1
-3.470000100000000e-1	6.743700099999999e+0	1.349000000000000e-1
-3.350000000000000e-1	6.935900000000000e+0	1.369000000000000e-1
-3.230000000000000e-1	7.358800000000000e+0	1.411000000000000e-1
-3.110000000000000e-1	7.240900000000000e+0	1.401000000000000e-1
-2.990000000000000e-1	7.459300000000000e+0	1.423000000000000e-1
-2.870000000000000e-1	7.719100000000000e+0	1.449000000000000e-1
-2.760000000000000e-1	8.173200000000000e+0	1.492000000000000e-1
-2.640000000000000e-1	8.418700000000000e+0	1.516000000000000e-1
-2.520000000000000e-1	8.820600000000000e+0	1.553000000000000e-1
-2.410000000000000e-1	9.158200000000000e+0	1.583000000000000e-1
-2.290000000000000e-1	9.354200000000000e+0	1.602000000000000e-1
-2.180000000000000e-1	9.990300000000000e+0	1.657000000000000e-1
-2.070000000000000e-1	1.023770000000000e+1	1.678000000000000e-1
-1.950000000000000e-1	1.061820000000000e+1	1.711000000000000e-1
-1.840000000000000e-1	1.128420000000000e+1	1.765000000000000e-1
-1.730000100000000e-1	1.195510000000000e+1	1.818000000000000e-1
-1.620000000000000e-1	1.253110000000000e+1	1.863000000000000e-1
-1.510000000000000e-1	1.372750000000000e+1	1.951000000000000e-1
-1.390000000000000e-1	1.765870000000000e+1	2.215000000000000e-1
-1.280000000000000e-1	2.947230000000000e+1	2.864000000000000e-1
-1.180000000000000e-1	5.617450000000000e+1	3.957000000000000e-1
-1.070000000000000e-1	1.096268000000000e+2	5.532000000000000e-1
-9.600000000000000e-2	1.971742000000000e+2	7.425000000000000e-1
-8.500000000000000e-2	3.231981000000000e+2	9.514000000000000e-1
-7.400000000000000e-2	4.871930000000000e+2	1.169100000000000e+0
-6.400000000000000e-2	6.743829099999999e+2	1.376500000000000e+0
-5.300000000000000e-2	8.690381000000000e+2	1.563900000000000e+0
-4.200000000000000e-2	1.038367300000000e+3	1.710800000000000e+0
-3.200000000000000e-2	1.150325700000000e+3	1.802100000000000e+0
-2.100000000000000e-2	1.202809700000000e+3	1.844200000000000e+0
-1.100000000000000e-2	1.177554700000000e+3	1.826200000000000e+0
-1.000000000000000e-3	1.080469600000000e+3	1.750700000000000e+0
1.000000000000000e-2	9.293648000000000e+2	1.624900000000000e+0
2.000000000000000e-2	7.457598000000000e+2	1.456800000000000e+0
3.000000000000000e-2	5.644733000000000e+2	1.268400000000000e+0
4.100000000000000e-2	3.970889000000000e+2	1.064700000000000e+0
5.100000000000000e-2	2.632680000000000e+2	8.676000000000000e-1
6.100000000000000e-2	1.617955000000000e+2	6.807000000000000e-1
7.100000099999999e-2	9.603440000000000e+1	5.248000000000001e-1
8.100000000000000e-2	5.599190000000000e+1	4.011000000000000e-1
9.100000000000000e-2	3.408150000000000e+1	3.131000000000000e-1
1.010000000000000e-1	2.272950000000000e+1	2.559000000000000e-1
1.100000000000000e-1	1.749510000000000e+1	2.247000000000000e-1
1.200000000000000e-1	1.473870000000000e+1	2.064000000000000e-1
1.300000000000000e-1	1.312880000000000e+1	1.950000000000000e-1
1.400000000000000e-1	1.263010000000000e+1	1.914000000000000e-1
1.490000000000000e-1	1.136330000000000e+1	1.817000000000000e-1
1.590000000000000e-1	1.104640000000000e+1	1.792000000000000e-1
1.690000000000000e-1	1.042550000000000e+1	1.743000000000000e-1
1.780000000000000e-1	9.834700000000000e+0	1.694000000000000e-1
1.880000000000000e-1	9.531400000000000e+0	1.669000000000000e-1
1.970000000000000e-1	8.925600000000000e+0	1.616000000000000e-1
2.070000000000000e-1	8.581700000000000e+0	1.586000000000000e-1
2.160000000000000e-1	8.456899999999998e+0	1.576000000000000e-1
2.250000000000000e-1	7.958300000000000e+0	1.530000000000000e-1
2.350000000000000e-1	7.817300000000000e+0	1.517000000000000e-1
2.440000000000000e-1	7.501900000000000e+0	1.487000000000000e-1
2.530000000000000e-1	7.412900000000000e+0	1.480000000000000e-1
2.620000000000000e-1	7.001200000000000e+0	1.439000000000000e-1
2.710000000000000e-1	6.928900000000000e+0	1.433000000000000e-1
2.800000000000000e-1	6.455800000000000e+0	1.384000000000000e-1
2.890000000000000e-1	6.358600000000000e+0	1.374000000000000e-1
2.980000000000000e-1	6.418800000000000e+0	1.382000000000000e-1
3.070000000000000e-1	5.990400000000000e+0	1.336000000000000e-1
3.160000000000000e-1	5.957600000000000e+0	1.333000000000000e-1
3.250000000000000e-1	5.838100000000000e+0	1.321000000000000e-1
3.340000000000000e-1	5.619300000000000e+0	1.297000000000000e-1
3.430000000000000e-1	5.354900000000000e+0	1.267000000000000e-1
3.520000100000000e-1	5.221800000000000e+0	1.252000000000000e-1
3.600000000000000e-1	5.082200000000000e+0	1.236000000000000e-1
3.690000000000000e-1	5.330800000000000e+0	1.267000000000000e-1
3.780000000000000e-1	4.973700000000000e+0	1.225000000000000e-1
3.860000000000000e-1	4.802900000000000e+0	1.204000000000000e-1
3.950000000000000e-1	4.637600000000000e+0	1.184000000000000e-1
4.030000000000000e-1	4.605100000000000e+0	1.181000000000000e-1
4.120000000000000e-1	4.627100000000001e+0	1.185000000000000e-1
4.200000000000000e-1	4.500300000000000e+0	1.169000000000000e-1
4.290000000000000e-1	4.534300000000000e+0	1.175000000000000e-1
4.370000000000000e-1	4.388600000000000e+0	1.156000000000000e-1
4.450000000000000e-1	4.294300000000000e+0	1.145000000000000e-1
4.540000000000000e-1	4.181500000000000e+0	1.131000000000000e-1
4.620000000000000e-1	4.248800000000000e+0	1.140000000000000e-1
4.700000000000000e-1	4.028200000000000e+0	1.111000000000000e-1
4.780000000000000e-1	4.322700000000000e+0	1.152000000000000e-1
4.860000000000000e-1	3.935500000000000e+0	1.100000000000000e-1
4.950000000000000e-1	4.058200000000000e+0	1.118000000000000e-1
5.030000000000000e-1	4.091900000000000e+0	1.123000000000000e-1
5.110000000000000e-1	3.918700000000000e+0	1.100000000000000e-1
5.190000000000000e-1	3.918200000000000e+0	1.101000000000000e-1
5.270000000000000e-1	3.796900000000000e+0	1.084000000000000e-1
5.350000000000000e-1	3.765200000000000e+0	1.081000000000000e-1
5.430000000000000e-1	3.699200000000000e+0	1.072000000000000e-1
5.500000000000001e-1	3.633100000000000e+0	1.063000000000000e-1
5.580000000000001e-1	3.544800000000000e+0	1.051000000000000e-1
5.659999999999999e-1	3.515600000000000e+0	1.047000000000000e-1
5.739999999999999e-1	3.527000000000000e+0	1.050000000000000e-1
5.820000000000000e-1	3.394400000000000e+0	1.030000000000000e-1
5.890000000000000e-1	3.487000000000000e+0	1.045000000000000e-1
5.970000000000000e-1	3.504500000000000e+0	1.049000000000000e-1
6.050000000000000e-1	3.277000000000000e+0	1.015000000000000e-1
6.120000000000000e-1	3.432700000000000e+0	1.039000000000000e-1
6.200000000000000e-1	3.384100000000000e+0	1.033000000000000e-1
6.270000000000000e-1	3.183800000000000e+0	1.002000000000000e-1
6.350000000000000e-1	3.257800000000000e+0	1.015000000000000e-1
6.420000000000000e-1	3.173900000000000e+0	1.002000000000000e-1
6.500000000000000e-1	3.140300000000000e+0	9.980000000000000e-2
6.570000000000000e-1	3.065500000000000e+0	9.860000000000000e-2
6.650000000000000e-1	3.298600000000000e+0	1.024000000000000e-1
6.720000000000001e-1	2.946800000000000e+0	9.680000000000000e-2
6.790000000000001e-1	2.966900000000000e+0	9.720000000000000e-2
6.860000000000001e-1	2.948800000000000e+0	9.700000000000000e-2
6.940000099999999e-1	2.921000000000000e+0	9.660000000000000e-2
7.010000099999999e-1	3.075500000000000e+0	9.920000000000000e-2
7.080000000000000e-1	2.951600000000000e+0	9.730000000000000e-2
7.150000000000000e-1	3.148300000000000e+0	1.005000000000000e-1
7.220000000000000e-1	2.699500000000000e+0	9.310000000000000e-2
7.300000000000000e-1	3.083100000000000e+0	9.960000000000000e-2
7.370000000000000e-1	3.103500000000000e+0	1.000000000000000e-1
7.440000000000000e-1	2.881900000000000e+0	9.640000000000000e-2
7.510000000000000e-1	2.895600000000000e+0	9.670000000000000e-2
7.580000000000000e-1	2.669900000000000e+0	9.290000000000000e-2
7.650000000000000e-1	2.796700000000000e+0	9.520000000000000e-2
7.720000000000000e-1	2.826500000000000e+0	9.580000000000000e-2
7.790000000000000e-1	2.538000000000000e+0	9.080000000000000e-2
7.850000000000000e-1	2.730200000000000e+0	9.430000000000000e-2
7.920000000000000e-1	2.665600000000000e+0	9.320000000000000e-2
7.990000000000000e-1	2.656200000000000e+0	9.310000000000000e-2
8.060000000000000e-1	2.797100000000000e+0	9.560000000000000e-2
8.130000000000000e-1	2.699500000000000e+0	9.400000000000000e-2
8.190000000000000e-1	2.523000000000000e+0	9.090000000000000e-2
8.260000000000000e-1	2.487100000000000e+0	9.030000000000000e-2
8.330000000000000e-1	2.575900000000000e+0	9.200000000000000e-2
8.390000000000000e-1	2.651800000000000e+0	9.340000000000000e-2
8.460000000000000e-1	2.563200000000000e+0	9.190000000000000e-2
8.530000000000000e-1	2.556800000000000e+0	9.180000000000000e-2
8.590000000000000e-1	2.474300000000000e+0	9.040000000000000e-2
8.660000000000000e-1	2.785300000000000e+0	9.600000000000000e-2
8.720000000000000e-1	2.683100000000000e+0	9.430000000000000e-2
8.790000000000000e-1	2.620400000000000e+0	9.320000000000000e-2
8.850000000000000e-1	2.584100000000000e+0	9.260000000000000e-2
8.920000000000000e-1	2.388100000000000e+0	8.910000000000000e-2
8.980000000000000e-1	2.421200000000000e+0	8.980000000000000e-2
9.040000000000000e-1	2.651300000000000e+0	9.400000000000000e-2
9.110000000000000e-1	2.467800000000000e+0	9.080000000000000e-2
9.170000000000000e-1	2.334100000000000e+0	8.830000000000000e-2
9.230000000000000e-1	2.357300000000000e+0	8.880000000000000e-2
9.300000000000000e-1	2.414100000000000e+0	9.000000000000000e-2
9.360000000000000e-1	2.420700000000000e+0	9.010000000000000e-2
9.420000000000000e-1	2.376900000000000e+0	8.940000000000000e-2
9.480000000000000e-1	2.343000000000000e+0	8.880000000000000e-2
9.550000000000000e-1	2.204500000000000e+0	8.620000000000000e-2
9.610000000000000e-1	2.254700000000000e+0	8.720000000000000e-2
9.670000000000000e-1	2.251000000000000e+0	8.720000000000000e-2
9.730000000000000e-1	2.426600000000000e+0	9.060000000000000e-2
9.790000000000000e-1	2.151900000000000e+0	8.540000000000000e-2
9.850000000000000e-1	2.426200000000000e+0	9.070000000000000e-2
9.910000000000000e-1	2.351300000000000e+0	8.940000000000000e-2
9.970000000000000e-1	2.385000000000000e+0	9.010000000000000e-2
1.003000000000000e+0	2.306400000000000e+0	8.860000000000000e-2
1.009000000000000e+0	2.360600000000000e+0	8.970000000000000e-2
1.015000000000000e+0	2.271500000000000e+0	8.810000000000000e-2
1.021000000000000e+0	2.230000000000000e+0	8.730000000000000e-2
1.027000000000000e+0	2.256900000000000e+0	8.790000000000000e-2
1.033000000000000e+0	2.277000000000000e+0	8.840000000000000e-2
1.039000000000000e+0	2.201000000000000e+0	8.690000000000000e-2
1.045000000000000e+0	2.135100000000000e+0	8.570000000000000e-2
1.050000000000000e+0	2.151700000000000e+0	8.610000000000000e-2
1.056000000000000e+0	2.116600000000000e+0	8.540000000000000e-2
1.062000000000000e+0	2.115900000000000e+0	8.550000000000000e-2
1.068000000000000e+0	2.101300000000000e+0	8.520000000000000e-2
1.073000000000000e+0	2.256400000000000e+0	8.840000000000000e-2
1.079000000000000e+0	2.134500000000000e+0	8.600000000000000e-2
1.085000000000000e+0	2.144200000000000e+0	8.620000000000000e-2
1.090000000000000e+0	2.112300000000000e+0	8.570000000000000e-2
1.096000000000000e+0	2.156700000000000e+0	8.660000000000000e-2
1.102000000000000e+0	2.044600000000000e+0	8.440000000000000e-2
1.107000000000000e+0	2.214600000000000e+0	8.790000000000000e-2
1.113000000000000e+0	2.207000000000000e+0	8.780000000000000e-2
1.118000000000000e+0	2.325200000000000e+0	9.020000000000000e-2
1.124000000000000e+0	2.069100000000000e+0	8.510000000000000e-2
1.129000000000000e+0	2.022700000000000e+0	8.420000000000000e-2
1.135000000000000e+0	2.260500000000000e+0	8.910000000000000e-2
1.140000000000000e+0	2.073600000000000e+0	8.540000000000000e-2
1.146000000000000e+0	2.157200000000000e+0	8.710000000000000e-2
1.151000000000000e+0	2.008400000000000e+0	8.410000000000000e-2
1.157000000000000e+0	2.109700000000000e+0	8.630000000000000e-2
1.162000000000000e+0	2.038200000000000e+0	8.480000000000000e-2
1.167000000000000e+0	2.224800000000000e+0	8.870000000000000e-2
1.173000000000000e+0	1.908800000000000e+0	8.220000000000000e-2
1.178000000000000e+0	2.053100000000000e+0	8.530000000000000e-2
1.183000000000000e+0	1.974000000000000e+0	8.370000000000000e-2
1.188000000000000e+0	2.101000000000000e+0	8.640000000000000e-2
1.194000000000000e+0	2.032400000000000e+0	8.510000000000000e-2
1.199000000000000e+0	1.999400000000000e+0	8.440000000000000e-2
1.204000000000000e+0	1.941200000000000e+0	8.320000000000000e-2
1.209000000000000e+0	2.243800000000000e+0	8.950000000000000e-2
1.215000000000000e+0	2.200100000000000e+0	8.870000000000000e-2
1.220000000000000e+0	2.045200000000000e+0	8.560000000000000e-2
1.225000000000000e+0	1.929500000000000e+0	8.320000000000000e-2
1.230000000000000e+0	2.075500000000000e+0	8.630000000000000e-2
1.235000000000000e+0	1.988200000000000e+0	8.450000000000000e-2
1.240000000000000e+0	2.005100000000000e+0	8.500000000000000e-2
1.245000000000000e+0	1.787700000000000e+0	8.030000000000000e-2
1.250000000000000e+0	2.013700000000000e+0	8.520000000000000e-2
1.255000000000000e+0	2.045100000000000e+0	8.600000000000000e-2
1.260000000000000e+0	1.877600000000000e+0	8.240000000000000e-2
1.265000000000000e+0	2.075600000000000e+0	8.670000000000000e-2
1.270000000000000e+0	1.969300000000000e+0	8.450000000000000e-2
1.275000000000000e+0	2.135200000000000e+0	8.810000000000000e-2
1.280000000000000e+0	1.872400000000000e+0	8.250000000000000e-2
1.285000000000000e+0	1.834700000000000e+0	8.170000000000000e-2
1.290000000000000e+0	2.008200000000000e+0	8.560000000000000e-2
1.295000000000000e+0	1.992500000000000e+0	8.530000000000000e-2
1.300000000000000e+0	2.071600000000000e+0	8.700000000000000e-2
1.304000000000000e+0	1.880300000000000e+0	8.290000000000000e-2
1.309000000000000e+0	1.904600000000000e+0	8.350000000000000e-2
1.314000000000000e+0	1.976600000000000e+0	8.510000000000000e-2
1.319000000000000e+0	1.887200000000000e+0	8.320000000000000e-2
1.324000000000000e+0	1.918900000000000e+0	8.400000000000000e-2
1.328000000000000e+0	1.833000000000000e+0	8.210000000000000e-2
1.333000000000000e+0	1.886800000000000e+0	8.340000000000000e-2
1.338000000000000e+0	1.937000000000000e+0	8.450000000000000e-2
1.343000000000000e+0	2.017000000000000e+0	8.630000000000000e-2
1.347000000000000e+0	1.941800000000000e+0	8.470000000000000e-2
1.352000000000000e+0	1.884900000000000e+0	8.350000000000000e-2
1.357000000000000e+0	1.890900000000000e+0	8.370000000000000e-2
1.361000000000000e+0	2.026800000000000e+0	8.670000000000000e-2
1.366000000000000e+0	2.018100000000000e+0	8.660000000000000e-2
1.370000000000000e+0	1.905200000000000e+0	8.420000000000000e-2
1.375000000000000e+0	1.959600000000000e+0	8.540000000000000e-2
1.379000000000000e+0	1.883700000000000e+0	8.380000000000000e-2
1.384000000000000e+0	1.863500000000000e+0	8.340000000000000e-2
1.389000000000000e+0	1.899400000000000e+0	8.430000000000000e-2
1.393000000000000e+0	1.984000000000000e+0	8.620000000000000e-2
1.398000000000000e+0	1.802800000000000e+0	8.220000000000000e-2
1.402000000000000e+0	1.906200000000000e+0	8.460000000000000e-2
1.407000000000000e+0	1.912300000000000e+0	8.480000000000000e-2
1.411000000000000e+0	1.835600000000000e+0	8.310000000000000e-2
1.415000000000000e+0	1.830200000000000e+0	8.300000000000000e-2
1.420000000000000e+0	1.956800000000000e+0	8.590000000000000e-2
1.424000000000000e+0	1.989400000000000e+0	8.670000000000000e-2
1.429000000000000e+0	1.935000000000000e+0	8.550000000000000e-2
1.433000000000000e+0	1.782200000000000e+0	8.210000000000000e-2
1.437000000000000e+0	1.871500000000000e+0	8.420000000000000e-2
1.442000000000000e+0	1.949500000000000e+0	8.600000000000000e-2
1.446000000000000e+0	1.663200000000000e+0	7.950000000000000e-2
1.450000000000000e+0	1.889500000000000e+0	8.480000000000000e-2
1.455000000000000e+0	1.830800000000000e+0	8.350000000000000e-2
1.459000000000000e+0	1.714900000000000e+0	8.080000000000000e-2
1.463000000000000e+0	1.865700000000000e+0	8.440000000000000e-2
1.467000000000000e+0	1.837300000000000e+0	8.380000000000000e-2
1.472000000000000e+0	1.896800000000000e+0	8.520000000000000e-2
1.476000000000000e+0	1.811000000000000e+0	8.330000000000000e-2
1.480000000000000e+0	1.629100000000000e+0	7.900000000000000e-2
1.484000000000000e+0	1.765400000000000e+0	8.230000000000000e-2
1.488000000000000e+0	1.855800000000000e+0	8.440000000000000e-2
1.493000000000000e+0	1.865700000000000e+0	8.470000000000000e-2
1.497000000000000e+0	1.787000000000000e+0	8.300000000000000e-2
1.501000000000000e+0	1.781300000000000e+0	8.290000000000000e-2
1.505000000000000e+0	1.683000000000000e+0	8.060000000000000e-2
1.509000000000000e+0	1.692700000000000e+0	8.090000000000000e-2
1.513000000000000e+0	1.810800000000000e+0	8.370000000000000e-2
1.517000000000000e+0	1.816800000000000e+0	8.390000000000000e-2
1.521000000000000e+0	1.764600000000000e+0	8.270000000000000e-2
1.525000000000000e+0	1.654000000000000e+0	8.010000000000000e-2
1.529000000000000e+0	1.830800000000000e+0	8.440000000000000e-2
1.533000000000000e+0	1.642300000000000e+0	7.990000000000000e-2
1.537000000000000e+0	1.792200000000000e+0	8.360000000000000e-2
1.541000000000000e+0	1.934700000000000e+0	8.690000000000000e-2
1.545000000000000e+0	1.839300000000000e+0	8.480000000000000e-2
1.549000000000000e+0	1.763200000000000e+0	8.300000000000000e-2
1.553000000000000e+0	1.651700000000000e+0	8.040000000000000e-2
1.557000000000000e+0	1.728100000000000e+0	8.230000000000000e-2
1.561000000000000e+0	1.734000000000000e+0	8.250000000000000e-2
1.565000000000000e+0	1.794900000000000e+0	8.400000000000000e-2
1.569000000000000e+0	1.757600000000000e+0	8.310000000000000e-2
1.573000000000000e+0	1.724200000000000e+0	8.240000000000000e-2
1.577000000000000e+0	1.718300000000000e+0	8.230000000000000e-2
1.581000000000000e+0	1.696600000000000e+0	8.180000000000000e-2
1.584000000000000e+0	1.718200000000000e+0	8.240000000000000e-2
1.588000000000000e+0	1.613400000000000e+0	7.990000000000000e-2
1.592000000000000e+0	1.607300000000000e+0	7.980000000000000e-2
1.596000000000000e+0	1.613100000000000e+0	8.000000000000000e-2
1.600000000000000e+0	1.615000000000000e+0	8.000000000000000e-2
1.603000000000000e+0	1.739900000000000e+0	8.310000000000000e-2
1.607000000000000e+0	1.646400000000000e+0	8.090000000000000e-2
1.611000000000000e+0	1.624400000000000e+0	8.040000000000000e-2
1.615000000000000e+0	1.678100000000000e+0	8.180000000000000e-2
1.618000000000000e+0	1.763800000000000e+0	8.390000000000000e-2
1.622000000000000e+0	1.570000000000000e+0	7.920000000000000e-2
1.626000000000000e+0	1.767700000000000e+0	8.410000000000000e-2
1.630000000000000e+0	1.625600000000000e+0	8.070000000000000e-2
1.633000000000000e+0	1.807800000000000e+0	8.510000000000000e-2
1.637000000000000e+0	1.665300000000000e+0	8.170000000000000e-2
1.641000000000000e+0	1.723400000000000e+0	8.320000000000000e-2
1.644000000000000e+0	1.725400000000000e+0	8.330000000000000e-2
1.648000000000000e+0	1.634700000000000e+0	8.110000000000000e-2
1.651000000000000e+0	1.559900000000000e+0	7.930000000000000e-2
1.655000000000000e+0	1.755300000000000e+0	8.420000000000000e-2
1.659000000000000e+0	1.781500000000000e+0	8.480000000000000e-2
1.662000000000000e+0	1.739000000000000e+0	8.390000000000000e-2
1.666000000000000e+0	1.514200000000000e+0	7.830000000000000e-2
1.669000000000000e+0	1.759100000000000e+0	8.440000000000000e-2
1.673000000000000e+0	1.704200000000000e+0	8.320000000000000e-2
1.676000000000000e+0	1.592400000000000e+0	8.040000000000000e-2
1.680000000000000e+0	1.582000000000000e+0	8.020000000000000e-2
1.683000000000000e+0	1.661100000000000e+0	8.220000000000000e-2
1.687000000000000e+0	1.801500000000000e+0	8.570000000000000e-2
1.690000000000000e+0	1.668800000000000e+0	8.250000000000000e-2
1.694000000000000e+0	1.625700000000000e+0	8.150000000000000e-2
1.697000000000000e+0	1.484400000000000e+0	7.790000000000000e-2
1.701000000000000e+0	1.641600000000000e+0	8.200000000000000e-2
1.704000000000000e+0	1.659700000000000e+0	8.250000000000000e-2
1.708000000000000e+0	1.444100000000000e+0	7.700000000000000e-2
1.711000000000000e+0	1.671600000000000e+0	8.290000000000000e-2
1.715000000000000e+0	1.685800000000000e+0	8.330000000000000e-2
1.718000000000000e+0	1.687600000000000e+0	8.330000000000000e-2
1.721000000000000e+0	1.590600000000000e+0	8.100000000000000e-2
1.725000000000000e+0	1.662400000000000e+0	8.280000000000000e-2
1.728000000000000e+0	1.589900000000000e+0	8.100000000000000e-2
1.731000000000000e+0	1.546100000000000e+0	7.990000000000000e-2
1.735000000000000e+0	1.634700000000000e+0	8.220000000000000e-2
1.738000000000000e+0	1.557800000000000e+0	8.030000000000000e-2
1.741000000000000e+0	1.634100000000000e+0	8.230000000000000e-2
1.745000000000000e+0	1.793700000000000e+0	8.630000000000000e-2
1.748000000000000e+0	1.587800000000000e+0	8.120000000000000e-2
1.751000100000000e+0	1.651900000000000e+0	8.290000000000000e-2
1.755000100000000e+0	1.524600000000000e+0	7.970000000000000e-2
1.758000000000000e+0	1.676300000000000e+0	8.360000000000000e-2
1.761000100000000e+0	1.536200000000000e+0	8.010000000000000e-2
1.764000000000000e+0	1.583800000000000e+0	8.140000000000000e-2
1.768000000000000e+0	1.518600000000000e+0	7.970000000000000e-2
1.771000000000000e+0	1.490900000000000e+0	7.900000000000000e-2
1.774000000000000e+0	1.509300000000000e+0	7.960000000000000e-2
1.777000000000000e+0	1.712300000000000e+0	8.480000000000000e-2
1.780000000000000e+0	1.462100000000000e+0	7.840000000000000e-2
1.784000000000000e+0	1.602400000000000e+0	8.210000000000000e-2
1.787000000000000e+0	1.591500000000000e+0	8.190000000000000e-2
1.790000000000000e+0	1.778700000000000e+0	8.660000000000000e-2
1.793000000000000e+0	1.620200000000000e+0	8.270000000000000e-2
1.796000000000000e+0	1.448800000000000e+0	7.820000000000000e-2
1.799000000000000e+0	1.627900000000000e+0	8.300000000000000e-2
1.802000000000000e+0	1.621200000000000e+0	8.280000000000000e-2
1.806000000000000e+0	1.491500000000000e+0	7.950000000000000e-2
1.809000000000000e+0	1.539800000000000e+0	8.080000000000000e-2
1.812000000000000e+0	1.541400000000000e+0	8.090000000000000e-2
1.815000000000000e+0	1.594000000000000e+0	8.230000000000000e-2
1.818000000000000e+0	1.519100000000000e+0	8.040000000000000e-2
1.821000000000000e+0	1.614400000000000e+0	8.290000000000000e-2
1.824000000000000e+0	1.351800000000000e+0	7.590000000000000e-2
1.827000000000000e+0	1.506900000000000e+0	8.020000000000000e-2
1.830000000000000e+0	1.470000000000000e+0	7.930000000000000e-2
1.833000000000000e+0	1.531400000000000e+0	8.090000000000000e-2
1.836000000000000e+0	1.528700000000000e+0	8.090000000000000e-2
1.839000000000000e+0	1.560300000000000e+0	8.180000000000000e-2
1.842000000000000e+0	1.622100000000000e+0	8.340000000000000e-2
1.845000000000000e+0	1.409000000000000e+0	7.780000000000000e-2
1.848000000000000e+0	1.582500000000000e+0	8.250000000000000e-2
1.851000000000000e+0	1.523800000000000e+0	8.100000000000000e-2
1.854000000000000e+0	1.564200000000000e+0	8.210000000000000e-2
1.857000000000000e+0	1.466600000000000e+0	7.950000000000000e-2
1.860000000000000e+0	1.494100000000000e+0	8.030000000000000e-2
1.863000000000000e+0	1.543200000000000e+0	8.170000000000000e-2
1.866000000000000e+0	1.527500000000000e+0	8.130000000000000e-2
1.869000000000000e+0	1.689300000000000e+0	8.550000000000000e-2
1.872000000000000e+0	1.513300000000000e+0	8.100000000000000e-2
1.875000000000000e+0	1.653700000000000e+0	8.470000000000000e-2
1.877000000000000e+0	1.729300000000000e+0	8.670000000000000e-2
1.880000000000000e+0	1.578900000000000e+0	8.290000000000000e-2
1.883000000000000e+0	1.541300000000000e+0	8.190000000000000e-2
1.886000000000000e+0	1.386000000000000e+0	7.770000000000000e-2
1.889000000000000e+0	1.400500000000000e+0	7.820000000000000e-2
1.892000000000000e+0	1.489300000000000e+0	8.070000000000000e-2
1.895000000000000e+0	1.525800000000000e+0	8.170000000000000e-2
1.897000000000000e+0	1.549300000000000e+0	8.230000000000000e-2
1.900000000000000e+0	1.559600000000000e+0	8.270000000000000e-2
1.903000000000000e+0	1.534900000000000e+0	8.200000000000000e-2
1.906000000000000e+0	1.483800000000000e+0	8.070000000000000e-2
1.909000000000000e+0	1.489700000000000e+0	8.090000000000000e-2
1.911000000000000e+0	1.504400000000000e+0	8.130000000000000e-2
1.914000000000000e+0	1.479500000000000e+0	8.070000000000000e-2
1.917000000000000e+0	1.432600000000000e+0	7.950000000000000e-2
1.920000000000000e+0	1.557600000000000e+0	8.290000000000000e-2
1.922000000000000e+0	1.554700000000000e+0	8.290000000000000e-2
1.925000000000000e+0	1.507700000000000e+0	8.170000000000000e-2
1.928000000000000e+0	1.531300000000000e+0	8.230000000000000e-2
1.931000000000000e+0	1.714500000000000e+0	8.720000000000000e-2
1.933000000000000e+0	1.485700000000000e+0	8.120000000000000e-2
1.936000000000000e+0	1.571500000000000e+0	8.350000000000000e-2
1.939000000000000e+0	1.546400000000000e+0	8.290000000000000e-2
1.941000000000000e+0	1.467900000000000e+0	8.080000000000000e-2
1.944000000000000e+0	1.509500000000000e+0	8.200000000000000e-2
1.947000000000000e+0	1.600200000000000e+0	8.450000000000000e-2
1.949000000000000e+0	1.592900000000000e+0	8.430000000000000e-2
1.952000000000000e+0	1.514100000000000e+0	8.220000000000000e-2
1.955000000000000e+0	1.600500000000000e+0	8.460000000000000e-2
1.957000000000000e+0	1.709500000000000e+0	8.750000000000000e-2
1.960000000000000e+0	1.679900000000000e+0	8.680000000000000e-2
1.963000000000000e+0	1.632200000000000e+0	8.550000000000000e-2
1.965000000000000e+0	1.728200000000000e+0	8.810000000000000e-2
1.968000000000000e+0	1.653500000000000e+0	8.620000000000000e-2
1.971000000000000e+0	1.565200000000000e+0	8.390000000000000e-2
1.973000000000000e+0	1.710800000000000e+0	8.780000000000000e-2
1.976000000000000e+0	1.649400000000000e+0	8.620000000000000e-2
1.978000000000000e+0	1.741300000000000e+0	8.860000000000000e-2
1.981000000000000e+0	1.761100000000000e+0	8.920000000000000e-2
1.983000000000000e+0	1.790000000000000e+0	8.990000000000000e-2
1.986000000000000e+0	1.665100000000000e+0	8.680000000000000e-2
1.989000000000000e+0	1.689400000000000e+0	8.750000000000000e-2
1.991000000000000e+0	1.691000000000000e+0	8.760000000000000e-2
1.994000000000000e+0	1.833400000000000e+0	9.120000000000000e-2
1.996000000000000e+0	1.703500000000000e+0	8.800000000000000e-2
1.999000000000000e+0	1.700600100000000e+0	8.790000000000000e-2
2.001000000000000e+0	1.802400000000000e+0	9.060000000000000e-2
2.004000000000000e+0	1.776900000000000e+0	9.000000000000000e-2
2.006000000000000e+0	1.842500000000000e+0	9.170000000000000e-2
2.009000000000000e+0	1.807700000000000e+0	9.080000000000000e-2
2.011000000000000e+0	1.832400000000000e+0	9.150000000000000e-2
2.014000000000000e+0	1.715200000000000e+0	8.860000000000000e-2
2.016000000000000e+0	2.005400000000000e+0	9.580000000000000e-2
2.019000000000000e+0	1.929400000000000e+0	9.400000000000000e-2
2.021000000000000e+0	1.894600000000000e+0	9.320000000000000e-2
2.023000000000000e+0	2.052600000000000e+0	9.710000000000000e-2
2.026000000000000e+0	1.801800000000000e+0	9.100000000000000e-2
2.028000000000000e+0	1.872600000000000e+0	9.280000000000000e-2
2.031000000000000e+0	2.049400000000000e+0	9.710000000000000e-2
2.033000000000000e+0	1.899300000000000e+0	9.360000000000000e-2
2.036000000000000e+0	2.030300000000000e+0	9.680000000000000e-2
2.038000000000000e+0	2.069300000000000e+0	9.780000000000000e-2
2.040000000000000e+0	1.891000000000000e+0	9.350000000000000e-2
2.043000000000000e+0	2.008500000000000e+0	9.640000000000000e-2
2.045000000000000e+0	1.871500000000000e+0	9.310000000000000e-2
2.047000000000000e+0	1.984600000000000e+0	9.590000000000000e-2
2.050000000000000e+0	2.121100000000000e+0	9.920000000000000e-2
2.052000000000000e+0	2.007000000000000e+0	9.660000000000000e-2
2.055000000000000e+0	2.101900000000000e+0	9.890000000000000e-2
2.057000000000000e+0	2.136600000000000e+0	9.970000000000000e-2
2.059000000000000e+0	2.166600000000000e+0	1.005000000000000e-1
2.062000000000000e+0	2.136000000000000e+0	9.980000000000000e-2
2.064000000000000e+0	2.413500000000000e+0	1.061000000000000e-1
2.066000000000000e+0	2.313000000000000e+0	1.040000000000000e-1
2.069000000000000e+0	2.053300000000000e+0	9.800000000000000e-2
2.071000000000000e+0	2.242600000000000e+0	1.025000000000000e-1
2.073000000000000e+0	2.230600000000000e+0	1.022000000000000e-1
2.075000000000000e+0	2.303100000000000e+0	1.039000000000000e-1
2.078000000000000e+0	2.206700000000000e+0	1.018000000000000e-1
2.080000000000000e+0	2.316900000000000e+0	1.044000000000000e-1
2.082000000000000e+0	2.248600000000000e+0	1.028000000000000e-1
2.085000000000000e+0	2.453200000000000e+0	1.075000000000000e-1
2.087000000000000e+0	2.394300000000000e+0	1.062000000000000e-1
2.089000000000000e+0	2.401300000000000e+0	1.064000000000000e-1
2.091000000000000e+0	2.337500000000000e+0	1.051000000000000e-1
2.094000000000000e+0	2.405900000000000e+0	1.066000000000000e-1
2.096000000000000e+0	2.360800000000000e+0	1.057000000000000e-1
2.098000000000000e+0	2.367800000000000e+0	1.059000000000000e-1
2.100000000000000e+0	2.360600000000000e+0	1.058000000000000e-1
2.102000000000000e+0	2.471900000000000e+0	1.083000000000000e-1
2.105000000000000e+0	2.450500000000000e+0	1.079000000000000e-1
2.107000000000000e+0	2.419600000000000e+0	1.072000000000000e-1
2.109000000000000e+0	2.379000000000000e+0	1.064000000000000e-1
2.111000000000000e+0	2.614600000000000e+0	1.116000000000000e-1
2.113000000000000e+0	2.655200000000000e+0	1.125000000000000e-1
2.116000000000000e+0	2.600500000000000e+0	1.114000000000000e-1
2.118000000000000e+0	2.774900000000000e+0	1.151000000000000e-1
2.120000000000000e+0	2.739200000000000e+0	1.144000000000000e-1
2.122000000000000e+0	2.607800000000000e+0	1.117000000000000e-1
2.124000000000000e+0	2.327700000000000e+0	1.056000000000000e-1
2.126000000000000e+0	2.766100000000000e+0	1.151000000000000e-1
2.129000000000000e+0	2.562400000000000e+0	1.109000000000000e-1
2.131000000000000e+0	2.766500000000000e+0	1.153000000000000e-1
2.133000000000000e+0	2.687400000000000e+0	1.137000000000000e-1
2.135000000000000e+0	2.651400000000000e+0	1.130000000000000e-1
2.137000000000000e+0	2.677900000000000e+0	1.136000000000000e-1
2.139000000000000e+0	2.796100000000000e+0	1.161000000000000e-1
2.141000000000000e+0	2.557500000000000e+0	1.111000000000000e-1
2.143000000000000e+0	2.738500000000000e+0	1.150000000000000e-1
2.146000000000000e+0	2.760400000000000e+0	1.155000000000000e-1
2.148000000000000e+0	2.642000000000000e+0	1.131000000000000e-1
2.150000000000000e+0	2.775200000000000e+0	1.159000000000000e-1
2.152000000000000e+0	2.855400000000000e+0	1.177000000000000e-1
2.154000000000000e+0	2.571700000000000e+0	1.117000000000000e-1
2.156000000000000e+0	2.918900000000000e+0	1.191000000000000e-1
2.158000000000000e+0	2.527900000000000e+0	1.109000000000000e-1
2.160000000000000e+0	2.783200000000000e+0	1.164000000000000e-1
2.162000000000000e+0	2.839400000000000e+0	1.176000000000000e-1
2.164000000000000e+0	2.593400000000000e+0	1.124000000000000e-1
2.166000000000000e+0	2.683600000000000e+0	1.144000000000000e-1
2.168000000000000e+0	2.480900000000000e+0	1.101000000000000e-1
2.170000000000000e+0	2.620100000000000e+0	1.132000000000000e-1
2.172000000000000e+0	2.837800000000000e+0	1.178000000000000e-1
2.174000000000000e+0	2.713100000000000e+0	1.153000000000000e-1
2.176000000000000e+0	2.867500000000000e+0	1.185000000000000e-1
2.178000000000000e+0	2.654300000000000e+0	1.141000000000000e-1
2.180000000000000e+0	2.607600000000000e+0	1.132000000000000e-1
2.182000000000000e+0	2.747600000000000e+0	1.162000000000000e-1
2.184000000000000e+0	2.784500000000000e+0	1.170000000000000e-1
2.186000000000000e+0	2.929900000000000e+0	1.201000000000000e-1
2.188000000000000e+0	2.686100000000000e+0	1.151000000000000e-1
2.190000000000000e+0	2.787200000000000e+0	1.173000000000000e-1
2.192000000000000e+0	2.567600000000000e+0	1.126000000000000e-1
2.194000000000000e+0	2.886200000000000e+0	1.194000000000000e-1
2.196000000000000e+0	2.676100000000000e+0	1.150000000000000e-1
2.198000000000000e+0	2.921200000000000e+0	1.203000000000000e-1
2.200000000000000e+0	2.775100000000000e+0	1.173000000000000e-1
2.202000000000000e+0	2.638800000000000e+0	1.144000000000000e-1
2.204000000000000e+0	2.839700000000000e+0	1.187000000000000e-1
2.206000000000000e+0	2.733000000000000e+0	1.165000000000000e-1
2.208000000000000e+0	2.516600000000000e+0	1.119000000000000e-1
2.210000000000000e+0	2.668200000000000e+0	1.153000000000000e-1
2.212000000000000e+0	2.929700000000000e+0	1.208000000000000e-1
2.213000000000000e+0	2.568300000000000e+0	1.132000000000000e-1
2.215000000000000e+0	2.720400000000000e+0	1.165000000000000e-1
2.217000000000000e+0	2.807800000000000e+0	1.184000000000000e-1
2.219000000000000e+0	2.810300000000000e+0	1.185000000000000e-1
2.221000000000000e+0	2.777800000000000e+0	1.179000000000000e-1
2.223000000000000e+0	2.139000000000000e+0	1.035000000000000e-1
