-4.470490000000000e+2	1.304000000000000e-1	1.060000000000000e-2
-4.307840000000000e+2	1.196000000000000e-1	1.030000000000000e-2
-4.153850000000000e+2	1.343000000000000e-1	1.100000000000000e-2
-4.007910000000000e+2	1.495000000000000e-1	1.170000000000000e-2
-3.869460000000000e+2	1.354000000000000e-1	1.120000000000000e-2
-3.738020000000000e+2	1.538000000000000e-1	1.200000000000000e-2
-3.613100000000000e+2	1.440000000000000e-1	1.180000000000000e-2
-3.494290100000000e+2	1.600000000000000e-1	1.250000000000000e-2
-3.381200000000000e+2	1.418000000000000e-1	1.190000000000000e-2
-3.273460000000000e+2	1.603000000000000e-1	1.270000000000000e-2
-3.170740000000000e+2	1.536000000000000e-1	1.250000000000000e-2
-3.072730000000000e+2	1.601000000000000e-1	1.290000000000000e-2
-2.979150000000000e+2	1.668000000000000e-1	1.330000000000000e-2
-2.889740000000000e+2	1.694000000000000e-1	1.350000000000000e-2
-2.804260000000000e+2	1.676000000000000e-1	1.350000000000000e-2
-2.722460000000000e+2	1.667000000000000e-1	1.360000000000000e-2
-2.644160000000000e+2	1.568000000000000e-1	1.330000000000000e-2
-2.569150000000000e+2	1.613000000000000e-1	1.350000000000000e-2
-2.497250000000000e+2	1.774000000000000e-1	1.430000000000000e-2
-2.428280000000000e+2	1.577000000000000e-1	1.360000000000000e-2
-2.362100000000000e+2	2.025000000000000e-1	1.550000000000000e-2
-2.298560000000000e+2	1.548000000000000e-1	1.360000000000000e-2
-2.237500000000000e+2	1.715000000000000e-1	1.440000000000000e-2
-2.178820000000000e+2	1.873000000000000e-1	1.520000000000000e-2
-2.122380000000000e+2	1.848000000000000e-1	1.520000000000000e-2
-2.068080000000000e+2	2.010000000000000e-1	1.590000000000000e-2
-2.015800000000000e+2	1.933000000000000e-1	1.570000000000000e-2
-1.965450000000000e+2	2.061000000000000e-1	1.630000000000000e-2
-1.916940000000000e+2	1.719000000000000e-1	1.500000000000000e-2
-1.870170000000000e+2	1.807000000000000e-1	1.550000000000000e-2
-1.825060000000000e+2	1.963000000000000e-1	1.620000000000000e-2
-1.781540000000000e+2	2.041000000000000e-1	1.670000000000000e-2
-1.739530000000000e+2	1.803000000000000e-1	1.580000000000000e-2
-1.698960100000000e+2	2.284000000000000e-1	1.780000000000000e-2
-1.659770000000000e+2	2.028000000000000e-1	1.690000100000000e-2
-1.621890000000000e+2	1.852000000000000e-1	1.620000000000000e-2
-1.585270000000000e+2	1.844000000000000e-1	1.630000000000000e-2
-1.549860000000000e+2	1.734000000000000e-1	1.590000000000000e-2
-1.515590000000000e+2	2.121000000000000e-1	1.770000000000000e-2
-1.482430000000000e+2	1.727000000000000e-1	1.600000000000000e-2
-1.450320000000000e+2	2.182000000000000e-1	1.810000000000000e-2
-1.419220000000000e+2	2.449000000000000e-1	1.930000000000000e-2
-1.389080000000000e+2	1.829000000000000e-1	1.680000100000000e-2
-1.359880000000000e+2	2.500000000000000e-1	1.970000000000000e-2
-1.331570000000000e+2	2.259000000000000e-1	1.880000000000000e-2
-1.304110000000000e+2	2.298000000000000e-1	1.910000000000000e-2
-1.277470000000000e+2	2.257000000000000e-1	1.900000000000000e-2
-1.251620000000000e+2	2.054000000000000e-1	1.820000000000000e-2
-1.226530000000000e+2	2.107000000000000e-1	1.850000000000000e-2
-1.202160000000000e+2	2.243000000000000e-1	1.920000000000000e-2
-1.178500000000000e+2	2.281000000000000e-1	1.950000000000000e-2
-1.155510000000000e+2	2.169000000000000e-1	1.910000000000000e-2
-1.133170000000000e+2	2.563000000000000e-1	2.090000000000000e-2
-1.111450000000000e+2	1.919000000000000e-1	1.810000000000000e-2
-1.090340000000000e+2	2.283000000000000e-1	1.990000000000000e-2
-1.069800000000000e+2	2.321000000000000e-1	2.010000000000000e-2
-1.049820000000000e+2	2.290000000000000e-1	2.010000000000000e-2
-1.030380000000000e+2	2.524000000000000e-1	2.120000000000000e-2
-1.011460000000000e+2	2.242000000000000e-1	2.010000000000000e-2
-9.930400000000000e+1	2.714000000000000e-1	2.220000000000000e-2
-9.751000000000000e+1	2.391000000000000e-1	2.090000000000000e-2
-9.576300000000000e+1	2.283000000000000e-1	2.050000000000000e-2
-9.406100000000000e+1	2.545000000000000e-1	2.170000000000000e-2
-9.240200000000000e+1	2.417000000000000e-1	2.130000000000000e-2
-9.078600000000000e+1	2.948000000000000e-1	2.360000000000000e-2
-8.921000000000000e+1	2.839000000000000e-1	2.330000000000000e-2
-8.767300000000000e+1	2.710000000000000e-1	2.280000000000000e-2
-8.617500000000000e+1	2.655000000000000e-1	2.270000000000000e-2
-8.471300000000000e+1	2.735000000000000e-1	2.310000000000000e-2
-8.328600000000000e+1	2.639000000000000e-1	2.280000000000000e-2
-8.189500000000000e+1	2.224000000000000e-1	2.100000000000000e-2
-8.053600000000000e+1	2.522000000000000e-1	2.250000000000000e-2
-7.920900000000000e+1	2.583000000000000e-1	2.280000000000000e-2
-7.791400000000000e+1	2.766000000000000e-1	2.370000000000000e-2
-7.664900000000000e+1	2.460000000000000e-1	2.250000000000000e-2
-7.541400000000000e+1	3.016000000000000e-1	2.500000000000000e-2
-7.420700000000000e+1	2.727000000000000e-1	2.380000000000000e-2
-7.302700000000000e+1	2.832000000000000e-1	2.440000000000000e-2
-7.187400099999999e+1	2.981000000000000e-1	2.510000000000000e-2
-7.074800000000001e+1	2.726000000000000e-1	2.410000000000000e-2
-6.964600000000000e+1	3.026000000000000e-1	2.550000000000000e-2
-6.856800000000000e+1	2.357000000000000e-1	2.260000000000000e-2
-6.751500000000000e+1	2.810000000000000e-1	2.470000000000000e-2
-6.648399999999999e+1	2.809000000000000e-1	2.480000000000000e-2
-6.547600000000000e+1	2.409000000000000e-1	2.310000000000000e-2
-6.448900000000001e+1	2.493000000000000e-1	2.360000000000000e-2
-6.352400000000000e+1	2.556000000000000e-1	2.390000000000000e-2
-6.257900000000000e+1	3.026000000000000e-1	2.610000000000000e-2
-6.165400000000000e+1	2.729000000000000e-1	2.490000000000000e-2
-6.074800000000000e+1	2.611000000000000e-1	2.450000000000000e-2
-5.986100000000000e+1	2.814000000000000e-1	2.550000000000000e-2
-5.899300000000000e+1	3.182000000000000e-1	2.720000000000000e-2
-5.814200000000000e+1	3.250000000000000e-1	2.760000000000000e-2
-5.730800000000000e+1	3.014000000000000e-1	2.660000000000000e-2
-5.649200000000000e+1	3.034000000000000e-1	2.680000000000000e-2
-5.569200000000000e+1	3.031000000000000e-1	2.690000000000000e-2
-5.490700000000000e+1	3.580000000000000e-1	2.930000000000000e-2
-5.413900000000000e+1	3.314000000000000e-1	2.830000000000000e-2
-5.338500000000000e+1	2.849000000000000e-1	2.630000000000000e-2
-5.264600000000000e+1	3.652000000000000e-1	2.990000000000000e-2
-5.192200000000000e+1	2.787000000000000e-1	2.620000000000000e-2
-5.121100000000000e+1	3.203000000000000e-1	2.820000000000000e-2
-5.051400000000000e+1	3.248000000000000e-1	2.850000000000000e-2
-4.983100000000000e+1	3.445000100000000e-1	2.940000000000000e-2
-4.916000000000000e+1	3.948000000000000e-1	3.160000000000000e-2
-4.850200000000000e+1	3.260000000000000e-1	2.880000000000000e-2
-4.785700000000000e+1	2.973000000000000e-1	2.760000000000000e-2
-4.722300000000000e+1	3.378000000000000e-1	2.950000000000000e-2
-4.660100000000000e+1	3.581000100000000e-1	3.050000000000000e-2
-4.599000000000000e+1	3.159000000000000e-1	2.870000000000000e-2
-4.539100000000000e+1	2.995000000000000e-1	2.800000000000000e-2
-4.480200000000000e+1	3.647000000000000e-1	3.100000000000000e-2
-4.422400000000000e+1	3.244000000000000e-1	2.940000000000000e-2
-4.365700000000000e+1	3.424000000000000e-1	3.030000000000000e-2
-4.309900000000000e+1	3.499000000000000e-1	3.070000000000000e-2
-4.255200000000000e+1	3.492000000000000e-1	3.070000000000000e-2
-4.201400000000000e+1	3.595000000000000e-1	3.130000000000000e-2
-4.148500000000000e+1	3.780000000000000e-1	3.220000000000000e-2
-4.096600000000000e+1	3.334000000000000e-1	3.030000000000000e-2
-4.045600000000000e+1	3.741000000000000e-1	3.220000000000000e-2
-3.995400000000000e+1	3.373000000000000e-1	3.070000000000000e-2
-3.946100000000000e+1	4.009000000000000e-1	3.350000000000000e-2
-3.897700000000000e+1	3.524000000000000e-1	3.150000000000000e-2
-3.850000000000000e+1	3.346000000000000e-1	3.080000000000000e-2
-3.803200000000000e+1	3.564000000000000e-1	3.190000000000000e-2
-3.757100000000000e+1	3.613000000000000e-1	3.220000000000000e-2
-3.711800000000000e+1	3.460000100000000e-1	3.160000000000000e-2
-3.667300000000000e+1	3.711000000000000e-1	3.280000000000000e-2
-3.623500000000000e+1	3.528000000000000e-1	3.210000000000000e-2
-3.580400000000000e+1	3.635000000000000e-1	3.260000000000000e-2
-3.538000000000000e+1	3.832000000000000e-1	3.360000100000000e-2
-3.496300000000000e+1	3.379000100000000e-1	3.160000000000000e-2
-3.455300100000000e+1	2.890000000000000e-1	2.930000000000000e-2
-3.414900000000000e+1	3.565000000000000e-1	3.270000000000000e-2
-3.375200000000000e+1	3.192000000000000e-1	3.100000000000000e-2
-3.336100000000000e+1	3.209000000000000e-1	3.120000000000000e-2
-3.297600000000000e+1	3.500000100000000e-1	3.260000000000000e-2
-3.259700000000000e+1	3.366000000000000e-1	3.210000000000000e-2
-3.222400000000000e+1	3.845000000000000e-1	3.440000000000000e-2
-3.185700000000000e+1	3.679000000000000e-1	3.370000000000000e-2
-3.149500000000000e+1	3.605000000000000e-1	3.350000000000000e-2
-3.114000000000000e+1	3.718000000000000e-1	3.410000000000000e-2
-3.078900000000000e+1	4.270000000000000e-1	3.660000000000000e-2
-3.044400000000000e+1	3.693000000000000e-1	3.410000000000000e-2
-3.010400000000000e+1	3.236000000000000e-1	3.200000000000000e-2
-2.976900000000000e+1	3.220000000000000e-1	3.200000000000000e-2
-2.943900000000000e+1	3.973000000000000e-1	3.570000000000000e-2
-2.911400000000000e+1	3.413000000000000e-1	3.320000000000000e-2
-2.879400000000000e+1	3.786000000000000e-1	3.500000000000000e-2
-2.847900000000000e+1	4.065000000000000e-1	3.640000000000000e-2
-2.816800000000000e+1	3.660000000000000e-1	3.460000000000000e-2
-2.786200000000000e+1	3.449000000000000e-1	3.370000000000000e-2
-2.756000000000000e+1	4.125000000000000e-1	3.690000000000000e-2
-2.726300000000000e+1	3.880000000000000e-1	3.590000000000000e-2
-2.697000000000000e+1	3.466000000000000e-1	3.400000000000000e-2
-2.668100000000000e+1	3.583000000000000e-1	3.460000000000000e-2
-2.639600000000000e+1	3.432000000000000e-1	3.400000000000000e-2
-2.611600000000000e+1	4.158000000000000e-1	3.750000000000000e-2
-2.583900000000000e+1	3.838000000000000e-1	3.610000000000000e-2
-2.556600000000000e+1	3.788000000000000e-1	3.600000100000000e-2
-2.529700000000000e+1	4.354000000000000e-1	3.860000000000000e-2
-2.503200000000000e+1	4.478000000000000e-1	3.930000000000000e-2
-2.477000000000000e+1	4.603000000000000e-1	3.990000000000000e-2
-2.451200000000000e+1	3.998000000000000e-1	3.730000000000000e-2
-2.425700000000000e+1	4.226000000000000e-1	3.840000000000000e-2
-2.400600000000000e+1	4.632000000000000e-1	4.030000000000000e-2
-2.375900000000000e+1	4.053000000000000e-1	3.780000000000000e-2
-2.351500000000000e+1	3.647000000000000e-1	3.590000000000000e-2
-2.327400000000000e+1	3.521000000000000e-1	3.540000000000000e-2
-2.303600000000000e+1	4.966000000000000e-1	4.210000000000000e-2
-2.280200000000000e+1	3.661000000000000e-1	3.620000000000000e-2
-2.257000000000000e+1	3.785000000000000e-1	3.690000000000000e-2
-2.234200000000000e+1	3.585000000000000e-1	3.600000100000000e-2
-2.211700000000000e+1	4.728000000000000e-1	4.150000000000000e-2
-2.189400000000000e+1	3.763000000000000e-1	3.710000000000000e-2
-2.167500000000000e+1	3.853000000000000e-1	3.760000000000000e-2
-2.145800000000000e+1	4.459000000000000e-1	4.050000000000000e-2
-2.124400000000000e+1	4.034000000000000e-1	3.860000000000000e-2
-2.103300000000000e+1	5.167000000000001e-1	4.380000000000000e-2
-2.082500000000000e+1	4.443000000000000e-1	4.070000000000000e-2
-2.061900000000000e+1	3.974000000000000e-1	3.860000000000000e-2
-2.041600000000000e+1	3.841000000000000e-1	3.800000000000000e-2
-2.021600000000000e+1	3.781000000000000e-1	3.780000000000000e-2
-2.001800000000000e+1	4.823000000000000e-1	4.280000000000000e-2
-1.982300000000000e+1	4.042000000000000e-1	3.930000000000000e-2
-1.963000000000000e+1	3.676000000000000e-1	3.750000000000000e-2
-1.943900000000000e+1	4.499000000000000e-1	4.160000000000000e-2
-1.925100000000000e+1	4.479000000000000e-1	4.160000000000000e-2
-1.906500000000000e+1	4.498000000000000e-1	4.180000000000000e-2
-1.888100000000000e+1	5.139000000000000e-1	4.470000000000000e-2
-1.870000000000000e+1	4.457000000000000e-1	4.170000000000000e-2
-1.852100000000000e+1	3.965000000000000e-1	3.950000000000000e-2
-1.834400000000000e+1	3.981000000000000e-1	3.960000000000000e-2
-1.816900000000000e+1	4.314000000000000e-1	4.130000000000000e-2
-1.799700000000000e+1	4.768000000000000e-1	4.350000000000000e-2
-1.782600000000000e+1	4.229000000000000e-1	4.110000000000000e-2
-1.765800000000000e+1	3.645000000000000e-1	3.820000000000000e-2
-1.749100000000000e+1	4.585000000000000e-1	4.290000000000000e-2
-1.732700000000000e+1	3.957000000000000e-1	4.000000000000000e-2
-1.716400000000000e+1	4.702000000000000e-1	4.370000000000000e-2
-1.700300000000000e+1	4.721000000000000e-1	4.380000000000000e-2
-1.684400000000000e+1	4.617000000000000e-1	4.340000000000000e-2
-1.668800000000000e+1	5.250000000000000e-1	4.640000000000000e-2
-1.653200000000000e+1	4.489000000000000e-1	4.300000000000000e-2
-1.637900000000000e+1	4.217000000000000e-1	4.170000000000000e-2
-1.622800000000000e+1	3.943000000000000e-1	4.040000000000000e-2
-1.607800000000000e+1	4.583000000000000e-1	4.370000000000000e-2
-1.593000000000000e+1	4.935000000000000e-1	4.540000000000000e-2
-1.578300000000000e+1	4.618000000000000e-1	4.400000000000000e-2
-1.563900000000000e+1	4.551000000000000e-1	4.380000000000000e-2
-1.549600000000000e+1	4.822000000000000e-1	4.520000000000000e-2
-1.535400000000000e+1	5.053000000000000e-1	4.630000000000000e-2
-1.521400000000000e+1	5.157000000000001e-1	4.690000000000000e-2
-1.507600000000000e+1	4.706000000000000e-1	4.490000000000000e-2
-1.493900000000000e+1	4.509000000000000e-1	4.400000000000000e-2
-1.480400000000000e+1	4.052000000000000e-1	4.180000000000000e-2
-1.467000000000000e+1	5.104999999999999e-1	4.700000000000000e-2
-1.453800000000000e+1	4.646000000000000e-1	4.490000000000000e-2
-1.440700000000000e+1	4.140000000000000e-1	4.250000000000000e-2
-1.427800000000000e+1	4.987000000000000e-1	4.670000000000000e-2
-1.415000000000000e+1	4.654000000000000e-1	4.520000000000000e-2
-1.402300000000000e+1	5.332000000000000e-1	4.850000000000000e-2
-1.389800000000000e+1	4.865000000000000e-1	4.640000000000000e-2
-1.377500000000000e+1	4.971000000000000e-1	4.700000000000000e-2
-1.365200000000000e+1	4.054000000000000e-1	4.250000000000000e-2
-1.353100000000000e+1	4.292000000000000e-1	4.380000000000000e-2
-1.341100000000000e+1	4.846000000000000e-1	4.660000000000000e-2
-1.329200000000000e+1	4.233000000000000e-1	4.370000000000000e-2
-1.317500000000000e+1	4.293000000000000e-1	4.400000000000000e-2
-1.305900000000000e+1	5.170000000000000e-1	4.840000000000000e-2
-1.294400000000000e+1	4.323000000000000e-1	4.440000000000000e-2
-1.283000000000000e+1	4.475000000000000e-1	4.520000000000000e-2
-1.271800000000000e+1	6.462000000000000e-1	5.440000000000000e-2
-1.260700000000000e+1	5.104999999999999e-1	4.850000000000000e-2
-1.249700000000000e+1	3.923000000000000e-1	4.250000000000000e-2
-1.238800000000000e+1	3.983000000000000e-1	4.290000000000000e-2
-1.228000000000000e+1	5.205000000000000e-1	4.920000000000000e-2
-1.217300000000000e+1	5.269000000000000e-1	4.960000000000000e-2
-1.206700000000000e+1	4.726000000000000e-1	4.700000000000000e-2
-1.196300000000000e+1	4.507000000000000e-1	4.600000000000000e-2
-1.185900000000000e+1	5.842000000000001e-1	5.250000000000000e-2
-1.175700000000000e+1	5.578000000000000e-1	5.140000000000000e-2
-1.165500000000000e+1	5.074999999999999e-1	4.910000000000000e-2
-1.155500000000000e+1	4.426000000000000e-1	4.590000000000000e-2
-1.145600000000000e+1	4.966000000000000e-1	4.870000000000000e-2
-1.135700000000000e+1	4.743000000000000e-1	4.770000000000000e-2
-1.126000000000000e+1	4.855000000000000e-1	4.830000000000000e-2
-1.116300000000000e+1	5.064999999999999e-1	4.940000000000000e-2
-1.106800000000000e+1	4.985000000000000e-1	4.910000000000000e-2
-1.097300000000000e+1	5.098000000000000e-1	4.980000000000000e-2
-1.088000000000000e+1	5.018000000000000e-1	4.940000000000000e-2
-1.078700000000000e+1	4.985000000000000e-1	4.940000000000000e-2
-1.069500000000000e+1	4.904000000000000e-1	4.900000000000000e-2
-1.060400000000000e+1	5.215000000000000e-1	5.060000000000000e-2
-1.051400000000000e+1	4.590000000000000e-1	4.760000000000000e-2
-1.042500000000000e+1	4.754000000000000e-1	4.850000000000000e-2
-1.033700000000000e+1	4.868000000000000e-1	4.920000000000000e-2
-1.025000000000000e+1	5.083000000000000e-1	5.030000000000000e-2
-1.016300000000000e+1	5.800000000000000e-1	5.380000000000000e-2
-1.007700000000000e+1	4.564000000000000e-1	4.780000000000000e-2
-9.992000000000002e+0	5.535000000000000e-1	5.280000000000000e-2
-9.908000000000000e+0	5.149000000000000e-1	5.100000000000000e-2
-9.825000000000000e+0	4.912000000000000e-1	4.990000000000000e-2
-9.742000000000002e+0	5.486000000000000e-1	5.280000000000000e-2
-9.661000000000000e+0	4.841000000000000e-1	4.970000000000000e-2
-9.580000000000000e+0	5.265000000000000e-1	5.190000000000000e-2
-9.499000000000000e+0	5.024999999999999e-1	5.080000000000000e-2
-9.420000000000000e+0	5.093000000000000e-1	5.120000000000000e-2
-9.341000000000000e+0	5.417999999999999e-1	5.290000000000000e-2
-9.263000000000000e+0	5.900999999999999e-1	5.530000000000000e-2
-9.186000000000000e+0	4.673000000000000e-1	4.930000000000000e-2
-9.109000000000000e+0	4.427000000000000e-1	4.800000000000000e-2
-9.033000000000000e+0	5.799000000000000e-1	5.500000000000000e-2
-8.958000000000000e+0	4.769000000000000e-1	5.000000000000000e-2
-8.884000000000000e+0	4.573000000000000e-1	4.900000000000000e-2
-8.810000000000000e+0	5.641000000000001e-1	5.450000000000000e-2
-8.737000000000000e+0	4.759000000000000e-1	5.020000000000000e-2
-8.664000000000000e+0	4.933000000000000e-1	5.120000000000000e-2
-8.592000000000000e+0	6.118000000000000e-1	5.710000000000000e-2
-8.521000000000000e+0	6.670000000000000e-1	5.970000000000000e-2
-8.451000000000000e+0	5.566000000000000e-1	5.460000000000000e-2
-8.381000000000000e+0	5.368000000000001e-1	5.370000000000000e-2
-8.311000000000000e+0	5.061000000000000e-1	5.220000000000000e-2
-8.243000000000000e+0	5.184000000000000e-1	5.290000000000000e-2
-8.175000000000000e+0	4.550000000000000e-1	4.960000000000000e-2
-8.107000000000000e+0	5.433000000000000e-1	5.430000000000000e-2
-8.039999999999998e+0	4.522000000000000e-1	4.960000000000000e-2
-7.974000000000000e+0	5.847000000000000e-1	5.650000000000000e-2
-7.908000000000000e+0	5.535000000000000e-1	5.510000000000000e-2
-7.843000000000000e+0	5.662000000000000e-1	5.580000000000000e-2
-7.779000000000000e+0	4.961000000000000e-1	5.230000000000000e-2
-7.715000000000000e+0	4.810000000000000e-1	5.160000000000000e-2
-7.651000000000000e+0	5.711000000000001e-1	5.630000000000000e-2
-7.588000000000000e+0	5.394000000000000e-1	5.480000000000000e-2
-7.526000000000000e+0	4.852000000000000e-1	5.200000000000000e-2
-7.464000000000000e+0	4.866000000000000e-1	5.220000000000000e-2
-7.403000000000000e+0	6.058000000000000e-1	5.830000000000000e-2
-7.342000000000000e+0	4.444000000000000e-1	5.000000000000000e-2
-7.282000000000000e+0	4.569000000000000e-1	5.080000000000000e-2
-7.222000000000000e+0	5.374000000000000e-1	5.510000000000000e-2
-7.163000000000000e+0	4.936000000000000e-1	5.290000000000000e-2
-7.104000000000000e+0	5.177000000000001e-1	5.430000000000000e-2
-7.046000000000000e+0	5.705000000000000e-1	5.710000000000000e-2
-6.988000000000001e+0	5.149000000000000e-1	5.430000000000000e-2
-6.931000000000000e+0	6.139000000000000e-1	5.930000000000000e-2
-6.874000000000000e+0	5.926000000000000e-1	5.840000000000000e-2
-6.818000000000000e+0	4.731000000000000e-1	5.220000000000000e-2
-6.762000099999999e+0	5.959000000000000e-1	5.870000000000000e-2
-6.707000000000000e+0	6.264999999999999e-1	6.030000000000000e-2
-6.652000000000000e+0	4.828000000000000e-1	5.300000000000000e-2
-6.597000000000001e+0	5.717000000000000e-1	5.770000000000000e-2
-6.543000000000000e+0	5.790999999999999e-1	5.820000000000000e-2
-6.490000000000000e+0	4.810000000000000e-1	5.310000000000000e-2
-6.437000000000000e+0	5.764000000000000e-1	5.820000000000000e-2
-6.384000000000000e+0	5.544000000000000e-1	5.720000000000000e-2
-6.332000000000000e+0	4.849000000000000e-1	5.360000000000000e-2
-6.280000000000000e+0	6.463000000000000e-1	6.190000000000000e-2
-6.228000000000000e+0	6.421000000000000e-1	6.180000000000000e-2
-6.177000000000000e+0	6.081000000000000e-1	6.020000000000000e-2
-6.127000000000000e+0	5.738000000000000e-1	5.860000000000000e-2
-6.076000000000000e+0	5.634000000000000e-1	5.810000000000000e-2
-6.027000000000000e+0	6.430000000000000e-1	6.220000000000000e-2
-5.977000000000000e+0	4.278000000000000e-1	5.080000000000000e-2
-5.928000000000000e+0	5.195999999999999e-1	5.600000000000000e-2
-5.878999999999999e+0	5.149000000000000e-1	5.590000000000000e-2
-5.831000000000001e+0	5.891999999999999e-1	5.980000000000000e-2
-5.783000000000000e+0	5.420000000000000e-1	5.750000000000000e-2
-5.736000000000000e+0	5.556000000000000e-1	5.820000000000000e-2
-5.689000000000000e+0	6.243999999999999e-1	6.180000000000000e-2
-5.642000000000000e+0	5.830999999999999e-1	5.980000000000000e-2
-5.596000000000000e+0	5.723000000000000e-1	5.930000000000000e-2
-5.550000000000000e+0	5.860999999999999e-1	6.010000000000000e-2
-5.503999999999999e+0	5.939000000000000e-1	6.060000000000000e-2
-5.459000000000000e+0	6.202000000000000e-1	6.200000000000000e-2
-5.414000000000000e+0	5.161000000000000e-1	5.660000000000000e-2
-5.369000000000000e+0	5.112000000000000e-1	5.650000000000000e-2
-5.325000000000000e+0	5.000000000000000e-1	5.590000000000000e-2
-5.281000000000000e+0	5.890000000000000e-1	6.080000000000000e-2
-5.237000000000000e+0	6.785000000000000e-1	6.530000000000000e-2
-5.194000000000000e+0	5.857000000000000e-1	6.070000000000000e-2
-5.151000000000000e+0	6.125000000000001e-1	6.220000000000000e-2
-5.108000000000000e+0	5.064000000000000e-1	5.660000000000000e-2
-5.066000000000000e+0	6.219000000000000e-1	6.279999999999999e-2
-5.024000000000000e+0	6.553000000000000e-1	6.460000000000001e-2
-4.983000000000000e+0	5.294000000000000e-1	5.810000000000000e-2
-4.941000000000000e+0	5.114999999999999e-1	5.720000000000000e-2
-4.900000000000000e+0	4.936000000000000e-1	5.630000000000000e-2
-4.859000000000000e+0	6.298000000000000e-1	6.360000000000000e-2
-4.819000000000000e+0	5.218000000000001e-1	5.800000000000000e-2
-4.779000000000000e+0	6.781000000000000e-1	6.619999999999999e-2
-4.739000000000000e+0	6.344999999999999e-1	6.410000000000001e-2
-4.700000000000000e+0	6.166000000000000e-1	6.329999999999999e-2
-4.660000000000000e+0	6.572000000000000e-1	6.540000000000000e-2
-4.621000000000001e+0	6.653000000000000e-1	6.590000000000000e-2
-4.583000000000000e+0	5.885000000000000e-1	6.200000000000000e-2
-4.543999999999999e+0	5.506000000000000e-1	6.010000000000000e-2
-4.506000000000000e+0	6.308000000000000e-1	6.440000000000000e-2
-4.468000000000000e+0	6.257000000000000e-1	6.419999999999999e-2
-4.431000000000000e+0	5.810000000000000e-1	6.190000000000000e-2
-4.394000000000000e+0	6.089000000000000e-1	6.350000000000000e-2
-4.357000000000000e+0	6.635000000000000e-1	6.640000000000000e-2
-4.320000000000000e+0	5.386999999999999e-1	5.990000000000000e-2
-4.283000000000000e+0	6.467000000000001e-1	6.569999999999999e-2
-4.247000000000000e+0	7.351000000000000e-1	7.010000099999999e-2
-4.211000000000000e+0	6.297000000000000e-1	6.490000000000000e-2
-4.176000000000000e+0	4.633000000000000e-1	5.580000000000000e-2
-4.140000000000000e+0	6.193000000000000e-1	6.460000000000001e-2
-4.105000000000001e+0	6.950000099999999e-1	6.850000000000001e-2
-4.070000000000000e+0	7.101000099999999e-1	6.930000000000000e-2
-4.035000000000000e+0	7.932000000000000e-1	7.330000000000000e-2
-4.001000000000000e+0	6.591000000000000e-1	6.690000000000000e-2
-3.967000000000000e+0	7.288000000000000e-1	7.050000099999999e-2
-3.933000000000000e+0	7.442000000000000e-1	7.130000000000000e-2
-3.899000000000000e+0	7.254000000000000e-1	7.050000099999999e-2
-3.866000000000000e+0	6.791000000000000e-1	6.830000000000000e-2
-3.832000000000000e+0	7.769000000000000e-1	7.310000000000000e-2
-3.799000000000000e+0	7.167000000000000e-1	7.030000000000000e-2
-3.766000000000000e+0	8.772000000000000e-1	7.780000000000000e-2
-3.734000000000000e+0	8.031000000000000e-1	7.460000000000000e-2
-3.702000000000000e+0	6.939000000000000e-1	6.940000000000000e-2
-3.669000000000000e+0	6.747000000000000e-1	6.850000000000001e-2
-3.638000000000000e+0	8.505000000000000e-1	7.700000000000000e-2
-3.606000000000000e+0	8.106000000000000e-1	7.530000000000000e-2
-3.574000000000000e+0	8.404000000000000e-1	7.670000000000000e-2
-3.543000000000000e+0	7.722000000000000e-1	7.360000000000000e-2
-3.512000000000000e+0	9.076000000000000e-1	7.990000000000000e-2
-3.481000000000000e+0	9.872000000000000e-1	8.340000000000000e-2
-3.451000000000000e+0	9.824000000000000e-1	8.330000000000000e-2
-3.420000000000000e+0	9.351000000000000e-1	8.140000000000000e-2
-3.390000000000000e+0	9.869000000000000e-1	8.370000000000000e-2
-3.360000000000000e+0	1.024700000000000e+0	8.540000000000000e-2
-3.330000000000000e+0	1.055500000000000e+0	8.680000000000000e-2
-3.301000000000000e+0	1.172300000000000e+0	9.150000000000000e-2
-3.271000000000000e+0	9.528000000000000e-1	8.260000000000000e-2
-3.242000000000000e+0	1.084200000000000e+0	8.820000000000000e-2
-3.213000000000000e+0	9.859000000000000e-1	8.420000000000000e-2
-3.184000000000000e+0	1.053000000000000e+0	8.710000000000000e-2
-3.156000000000000e+0	1.330000000000000e+0	9.800000000000000e-2
-3.127000000000000e+0	1.195300000000000e+0	9.310000000000000e-2
-3.099000000000000e+0	1.256000000000000e+0	9.550000000000000e-2
-3.071000000000000e+0	1.106000000000000e+0	8.970000000000000e-2
-3.043000000000000e+0	1.319900000000000e+0	9.810000000000000e-2
-3.016000000000000e+0	1.235100000000000e+0	9.500000000000000e-2
-2.988000000000000e+0	1.164600000000000e+0	9.240000000000000e-2
-2.961000000000000e+0	1.335900000000000e+0	9.900000000000000e-2
-2.934000000000000e+0	1.353600000000000e+0	9.980000000000000e-2
-2.907000000000000e+0	1.253300000000000e+0	9.610000000000000e-2
-2.880000000000000e+0	1.374200000000000e+0	1.008000000000000e-1
-2.853000000000000e+0	1.155100000000000e+0	9.250000000000000e-2
-2.827000000000000e+0	1.216900000000000e+0	9.500000000000000e-2
-2.801000000000000e+0	1.427800000000000e+0	1.030000000000000e-1
-2.774000000000000e+0	1.289300000000000e+0	9.800000000000000e-2
-2.749000000000000e+0	1.299500000000000e+0	9.850000000000000e-2
-2.723000000000000e+0	1.377200000000000e+0	1.015000000000000e-1
-2.697000000000000e+0	1.492600000000000e+0	1.058000000000000e-1
-2.672000000000000e+0	1.247800000000000e+0	9.680000000000000e-2
-2.646000000000000e+0	1.363400000000000e+0	1.013000000000000e-1
-2.621000000000000e+0	1.449300000000000e+0	1.046000000000000e-1
-2.596000000000000e+0	1.331400000000000e+0	1.004000000000000e-1
-2.572000000000000e+0	1.326600000000000e+0	1.003000000000000e-1
-2.547000000000000e+0	1.405400000000000e+0	1.033000000000000e-1
-2.522000000000000e+0	1.431200000000000e+0	1.044000000000000e-1
-2.498000000000000e+0	1.319800000000000e+0	1.003000000000000e-1
-2.474000000000000e+0	1.498400000000000e+0	1.070000000000000e-1
-2.450000000000000e+0	1.424900000000000e+0	1.045000000000000e-1
-2.426000000000000e+0	1.328100000000000e+0	1.010000000000000e-1
-2.402000000000000e+0	1.300100000000000e+0	1.000000000000000e-1
-2.379000000000000e+0	1.225700000000000e+0	9.720000000000000e-2
-2.355000000000000e+0	1.151000000000000e+0	9.430000000000000e-2
-2.332000000000000e+0	1.370200000000000e+0	1.030000000000000e-1
-2.309000000000000e+0	1.310900000000000e+0	1.008000000000000e-1
-2.286000000000000e+0	1.344700000000000e+0	1.022000000000000e-1
-2.263000000000000e+0	1.269600000000000e+0	9.940000000000000e-2
-2.240000000000000e+0	1.404900000000000e+0	1.047000000000000e-1
-2.218000000000000e+0	1.345200000000000e+0	1.026000000000000e-1
-2.195000000000000e+0	1.199100000000000e+0	9.690000000000000e-2
-2.173000000000000e+0	1.178000000000000e+0	9.620000000000000e-2
-2.151000000000000e+0	1.550200000000000e+0	1.105000000000000e-1
-2.129000000000000e+0	1.379900000000000e+0	1.043000000000000e-1
-2.107000000000000e+0	1.295800000000000e+0	1.012000000000000e-1
-2.085000000000000e+0	1.266800000000000e+0	1.001000000000000e-1
-2.064000000000000e+0	1.388300000000000e+0	1.049000000000000e-1
-2.042000000000000e+0	1.120900000000000e+0	9.440000000000000e-2
-2.021000000000000e+0	1.250600000000000e+0	9.980000000000000e-2
-1.999000000000000e+0	1.484600000000000e+0	1.089000000000000e-1
-1.978000000000000e+0	1.255600000000000e+0	1.002000000000000e-1
-1.957000000000000e+0	1.546600000000000e+0	1.113000000000000e-1
-1.936000000000000e+0	1.437300000000000e+0	1.074000000000000e-1
-1.916000000000000e+0	1.456300000000000e+0	1.082000000000000e-1
-1.895000000000000e+0	1.467200000000000e+0	1.088000000000000e-1
-1.875000000000000e+0	1.454000000000000e+0	1.084000000000000e-1
-1.854000000000000e+0	1.562100000000000e+0	1.124000000000000e-1
-1.834000000000000e+0	1.719300000000000e+0	1.181000000000000e-1
-1.814000000000000e+0	1.527600000000000e+0	1.114000000000000e-1
-1.794000000000000e+0	1.481800000000000e+0	1.098000000000000e-1
-1.774000000000000e+0	1.721300000000000e+0	1.185000000000000e-1
-1.754000000000000e+0	1.839100000000000e+0	1.226000000000000e-1
-1.735000000000000e+0	1.818200000000000e+0	1.220000000000000e-1
-1.715000000000000e+0	1.797100000000000e+0	1.214000000000000e-1
-1.696000000000000e+0	1.751300000000000e+0	1.200000000000000e-1
-1.676000000000000e+0	1.820600000000000e+0	1.225000000000000e-1
-1.657000000000000e+0	1.914900000000000e+0	1.257000000000000e-1
-1.638000000000000e+0	1.869000000000000e+0	1.243000000000000e-1
-1.619000000000000e+0	1.748400000000000e+0	1.204000000000000e-1
-1.600000000000000e+0	2.000800000000000e+0	1.289000000000000e-1
-1.581000000000000e+0	1.979700000000000e+0	1.283000000000000e-1
-1.563000000000000e+0	2.075200000000000e+0	1.315000000000000e-1
-1.544000000000000e+0	2.020800000000000e+0	1.299000000000000e-1
-1.526000000000000e+0	1.999500000000000e+0	1.293000000000000e-1
-1.507000000000000e+0	2.321900000000000e+0	1.395000000000000e-1
-1.489000000000000e+0	1.973600000000000e+0	1.287000000000000e-1
-1.471000000000000e+0	2.238200000000000e+0	1.372000000000000e-1
-1.453000000000000e+0	2.073900000000000e+0	1.322000000000000e-1
-1.435000000000000e+0	2.044000000000000e+0	1.314000000000000e-1
-1.417000000000000e+0	2.183300000000000e+0	1.359000000000000e-1
-1.400000000000000e+0	1.933100000000000e+0	1.280000000000000e-1
-1.382000000000000e+0	2.030200000000000e+0	1.313000000000000e-1
-1.364000000000000e+0	1.948900000000000e+0	1.288000000000000e-1
-1.347000000000000e+0	2.012300000000000e+0	1.310000000000000e-1
-1.330000000000000e+0	1.999000000000000e+0	1.307000000000000e-1
-1.312000000000000e+0	1.925700000000000e+0	1.284000000000000e-1
-1.295000000000000e+0	2.178000000000000e+0	1.367000000000000e-1
-1.278000000000000e+0	1.881400000000000e+0	1.271000000000000e-1
-1.261000000000000e+0	2.057000000000000e+0	1.331000000000000e-1
-1.244000000000000e+0	1.664200000000000e+0	1.198000000000000e-1
-1.228000000000000e+0	2.099200000000000e+0	1.347000000000000e-1
-1.211000000000000e+0	2.007900000000000e+0	1.318000000000000e-1
-1.195000000000000e+0	2.011600000000000e+0	1.321000000000000e-1
-1.178000000000000e+0	1.954600000000000e+0	1.303000000000000e-1
-1.162000000000000e+0	1.888500000000000e+0	1.282000000000000e-1
-1.145000000000000e+0	2.118700000000000e+0	1.359000000000000e-1
-1.129000000000000e+0	2.454500000000000e+0	1.464000000000000e-1
-1.113000000000000e+0	2.082700000000000e+0	1.350000000000000e-1
-1.097000000000000e+0	1.981400000000000e+0	1.318000000000000e-1
-1.081000000000000e+0	2.195800000000000e+0	1.389000000000000e-1
-1.065000000000000e+0	2.199800000000000e+0	1.391000000000000e-1
-1.050000000000000e+0	2.591600000000000e+0	1.511000000000000e-1
-1.034000000000000e+0	2.243100000000000e+0	1.407000000000000e-1
-1.018000000000000e+0	2.335700000000000e+0	1.437000000000000e-1
-1.003000000000000e+0	2.384200000000000e+0	1.454000000000000e-1
-9.870000000000000e-1	2.060000000000000e+0	1.352000000000000e-1
-9.720000000000000e-1	2.321700000000000e+0	1.437000000000000e-1
-9.570000000000000e-1	2.352600000000000e+0	1.448000000000000e-1
-9.420000000000000e-1	1.964000000000000e+0	1.324000000000000e-1
-9.260000000000000e-1	2.361100000000000e+0	1.453000000000000e-1
-9.110000000000000e-1	2.383200000000000e+0	1.461000000000000e-1
-8.960000000000000e-1	2.593900000000000e+0	1.526000000000000e-1
-8.820000000000000e-1	2.310800000000000e+0	1.441000000000000e-1
-8.670000000000000e-1	2.666200000000000e+0	1.550000000000000e-1
-8.520000000000000e-1	2.553700000000000e+0	1.518000000000000e-1
-8.380000000000000e-1	2.513000000000000e+0	1.507000000000000e-1
-8.230000000000000e-1	2.599000000000000e+0	1.534000000000000e-1
-8.090000000000000e-1	2.658000000000000e+0	1.553000000000000e-1
-7.940000000000000e-1	2.771700000000000e+0	1.587000000000000e-1
-7.800000000000000e-1	2.712900000000000e+0	1.572000000000000e-1
-7.660000000000000e-1	2.781500000000000e+0	1.593000000000000e-1
-7.510000000000000e-1	2.649400000000000e+0	1.556000000000000e-1
-7.370000000000000e-1	2.837100000000000e+0	1.611000000000000e-1
-7.230000000000000e-1	3.080400000000000e+0	1.681000000000000e-1
-7.090000000000000e-1	2.966400000000000e+0	1.651000000000000e-1
-6.960000099999999e-1	3.072800000000000e+0	1.681000000000000e-1
-6.820000000000001e-1	3.253200000000000e+0	1.732000000000000e-1
-6.680000000000000e-1	3.166600000000000e+0	1.710000000000000e-1
-6.540000000000000e-1	3.024100000000000e+0	1.672000000000000e-1
-6.410000000000000e-1	3.455500100000000e+0	1.789000000000000e-1
-6.270000000000000e-1	3.099500000000000e+0	1.696000000000000e-1
-6.140000000000000e-1	3.755600000000000e+0	1.868000000000000e-1
-6.010000000000000e-1	3.799300000000000e+0	1.881000000000000e-1
-5.870000000000000e-1	3.638000000000000e+0	1.842000000000000e-1
-5.739999999999999e-1	3.924500000000000e+0	1.915000000000000e-1
-5.610000000000001e-1	3.482000000000000e+0	1.805000000000000e-1
-5.480000000000001e-1	3.928600000000000e+0	1.919000000000000e-1
-5.350000000000000e-1	4.057500000000000e+0	1.952000000000000e-1
-5.220000000000000e-1	4.158500000000000e+0	1.978000000000000e-1
-5.090000000000000e-1	4.156100000000000e+0	1.979000000000000e-1
-4.960000000000000e-1	4.370900000000000e+0	2.031000000000000e-1
-4.830000000000000e-1	4.255400000000000e+0	2.006000000000000e-1
-4.710000000000000e-1	4.973000000000000e+0	2.170000000000000e-1
-4.580000000000000e-1	5.009900000000000e+0	2.180000000000000e-1
-4.450000000000000e-1	4.913800000000000e+0	2.161000000000000e-1
-4.330000000000000e-1	5.179200000000000e+0	2.221000000000000e-1
-4.200000000000000e-1	5.636100000000000e+0	2.318000000000000e-1
-4.080000000000000e-1	6.037200000000000e+0	2.401000000000000e-1
-3.960000000000000e-1	6.076100000000000e+0	2.411000000000000e-1
-3.830000000000000e-1	6.469600000000000e+0	2.490000000000000e-1
-3.710000000000000e-1	6.989300000000000e+0	2.590000000000000e-1
-3.590000000000000e-1	7.212500000000000e+0	2.634000000000000e-1
-3.470000100000000e-1	7.205300000000000e+0	2.635000000000000e-1
-3.350000000000000e-1	8.153200000000000e+0	2.805000000000000e-1
-3.230000000000000e-1	8.601700000000000e+0	2.883000000000000e-1
-3.110000000000000e-1	8.945100000000000e+0	2.943000000000000e-1
-2.990000000000000e-1	9.570800000000000e+0	3.046000000000000e-1
-2.870000000000000e-1	9.994500000000000e+0	3.116000000000000e-1
-2.760000000000000e-1	1.080880000000000e+1	3.243000000000000e-1
-2.640000000000000e-1	1.082660000000000e+1	3.248000000000000e-1
-2.520000000000000e-1	1.150820000000000e+1	3.352000000000000e-1
-2.410000000000000e-1	1.161510000000000e+1	3.370000000000000e-1
-2.290000000000000e-1	1.197690000000000e+1	3.425000000000000e-1
-2.180000000000000e-1	1.165320000000000e+1	3.381000000000000e-1
-2.070000000000000e-1	1.165250000000000e+1	3.384000100000000e-1
-1.950000000000000e-1	1.211440000000000e+1	3.453000000000000e-1
-1.840000000000000e-1	1.266650000000000e+1	3.534000000000000e-1
-1.730000100000000e-1	1.279570000000000e+1	3.554000000000000e-1
-1.620000000000000e-1	1.273740000000000e+1	3.549000000000000e-1
-1.510000000000000e-1	1.432300000000000e+1	3.767000000000000e-1
-1.390000000000000e-1	1.782860000000000e+1	4.206000000000000e-1
-1.280000000000000e-1	2.866920000000000e+1	5.338000000000001e-1
-1.180000000000000e-1	5.577860000000000e+1	7.451000000000000e-1
-1.070000000000000e-1	1.097626000000000e+2	1.046100000000000e+0
-9.600000000000000e-2	2.002180000000000e+2	1.413900000000000e+0
-8.500000000000000e-2	3.295176000000000e+2	1.815400000000000e+0
-7.400000000000000e-2	5.011446000000000e+2	2.240600000000000e+0
-6.400000000000000e-2	6.954631000000001e+2	2.641600000000000e+0
-5.300000000000000e-2	8.877274000000000e+2	2.986800000000000e+0
-4.200000000000000e-2	1.066366600000000e+3	3.276200000000000e+0
-3.200000000000000e-2	1.190729500000000e+3	3.464800000000000e+0
-2.100000000000000e-2	1.241583400000000e+3	3.540800000000000e+0
-1.100000000000000e-2	1.219015500000000e+3	3.511200000000000e+0
-1.000000000000000e-3	1.117016500000000e+3	3.363800000000000e+0
1.000000000000000e-2	9.606897000000000e+2	3.122000000000000e+0
2.000000000000000e-2	7.824054000000000e+2	2.819700000000000e+0
3.000000000000000e-2	5.881552000000000e+2	2.446700000000000e+0
4.100000000000000e-2	4.103733000000000e+2	2.045300000000000e+0
5.100000000000000e-2	2.717459000000000e+2	1.665700000000000e+0
6.100000000000000e-2	1.685939000000000e+2	1.313000000000000e+0
7.100000099999999e-2	9.830200000000000e+1	1.003400000000000e+0
8.100000000000000e-2	5.785480000000000e+1	7.704000000000000e-1
9.100000000000000e-2	3.507540000000000e+1	6.002999999999999e-1
1.010000000000000e-1	2.369790000000000e+1	4.938000000000000e-1
1.100000000000000e-1	1.755120000000000e+1	4.253000000000000e-1
1.200000000000000e-1	1.531790000000000e+1	3.976000000000000e-1
1.300000000000000e-1	1.343950000000000e+1	3.727000000000000e-1
1.400000000000000e-1	1.350180000000000e+1	3.739000000000000e-1
1.490000000000000e-1	1.338790000000000e+1	3.726000000000000e-1
1.590000000000000e-1	1.242190000000000e+1	3.592000000000000e-1
1.690000000000000e-1	1.303400000000000e+1	3.682000000000000e-1
1.780000000000000e-1	1.230400000000000e+1	3.580000000000000e-1
1.880000000000000e-1	1.243770000000000e+1	3.602000000000000e-1
1.970000000000000e-1	1.234190000000000e+1	3.591000100000000e-1
2.070000000000000e-1	1.206770000000000e+1	3.554000000000000e-1
2.160000000000000e-1	1.192900000000000e+1	3.536000000000000e-1
2.250000000000000e-1	1.135930000000000e+1	3.453000000000000e-1
2.350000000000000e-1	1.089300000000000e+1	3.384000100000000e-1
2.440000000000000e-1	1.109910000000000e+1	3.419000000000000e-1
2.530000000000000e-1	1.018790000000000e+1	3.278000000000000e-1
2.620000000000000e-1	9.876000000000000e+0	3.230000000000000e-1
2.710000000000000e-1	1.013430000000000e+1	3.274000000000000e-1
2.800000000000000e-1	9.566900000000000e+0	3.184000000000000e-1
2.890000000000000e-1	9.401000000000000e+0	3.158000000000000e-1
2.980000000000000e-1	8.214400000000000e+0	2.955000000000000e-1
3.070000000000000e-1	7.939500000000000e+0	2.907000000000000e-1
3.160000000000000e-1	7.780900000000000e+0	2.880000000000000e-1
3.250000000000000e-1	7.386900000000000e+0	2.808000000000000e-1
3.340000000000000e-1	6.660400000000000e+0	2.668000000000000e-1
3.430000000000000e-1	7.002300000000000e+0	2.738000000000000e-1
3.520000100000000e-1	6.015500000000000e+0	2.540000000000000e-1
3.600000000000000e-1	6.271500000000000e+0	2.595000000000000e-1
3.690000000000000e-1	5.549500000000000e+0	2.443000000000000e-1
3.780000000000000e-1	5.644000000000000e+0	2.466000000000000e-1
3.860000000000000e-1	5.328800000000000e+0	2.397000000000000e-1
3.950000000000000e-1	5.768800000000000e+0	2.496000000000000e-1
4.030000000000000e-1	5.214800000000000e+0	2.375000000000000e-1
4.120000000000000e-1	5.385000000000000e+0	2.416000000000000e-1
4.200000000000000e-1	4.709399999999999e+0	2.261000000000000e-1
4.290000000000000e-1	5.281400000000000e+0	2.396000000000000e-1
4.370000000000000e-1	4.603600000000000e+0	2.238000000000000e-1
4.450000000000000e-1	4.697600000000001e+0	2.263000000000000e-1
4.540000000000000e-1	4.278800000000000e+0	2.161000000000000e-1
4.620000000000000e-1	4.175700000000000e+0	2.136000000000000e-1
4.700000000000000e-1	4.707300000000000e+0	2.270000000000000e-1
4.780000000000000e-1	4.231800000000000e+0	2.154000000000000e-1
4.860000000000000e-1	4.150200000000000e+0	2.135000000000000e-1
4.950000000000000e-1	4.112300000000000e+0	2.126000000000000e-1
5.030000000000000e-1	3.920100000000000e+0	2.078000000000000e-1
5.110000000000000e-1	3.628000000000000e+0	2.000000000000000e-1
5.190000000000000e-1	3.478700000000000e+0	1.960000000000000e-1
5.270000000000000e-1	4.025700000000000e+0	2.110000000000000e-1
5.350000000000000e-1	3.776800000000000e+0	2.045000000000000e-1
5.430000000000000e-1	3.571500000000000e+0	1.990000000000000e-1
5.500000000000001e-1	3.665500000000000e+0	2.018000000000000e-1
5.580000000000001e-1	3.281500000000000e+0	1.911000000000000e-1
5.659999999999999e-1	3.653800000000000e+0	2.017000000000000e-1
5.739999999999999e-1	3.447100000000000e+0	1.961000000000000e-1
5.820000000000000e-1	3.440900000000000e+0	1.961000000000000e-1
5.890000000000000e-1	3.580100000000000e+0	2.001000000000000e-1
5.970000000000000e-1	3.137100000000000e+0	1.875000000000000e-1
6.050000000000000e-1	3.579100000000000e+0	2.004000000000000e-1
6.120000000000000e-1	3.561800000000000e+0	2.000000000000000e-1
6.200000000000000e-1	3.026800000000000e+0	1.845000000000000e-1
6.270000000000000e-1	3.245200000000000e+0	1.912000000000000e-1
6.350000000000000e-1	3.238500000000000e+0	1.912000000000000e-1
6.420000000000000e-1	3.367400000000000e+0	1.951000000000000e-1
6.500000000000000e-1	2.987400000000000e+0	1.839000000000000e-1
6.570000000000000e-1	3.071000000000000e+0	1.865000000000000e-1
6.650000000000000e-1	2.984600000000000e+0	1.840000000000000e-1
6.720000000000001e-1	2.636500000000000e+0	1.731000000000000e-1
6.790000000000001e-1	3.095400000000000e+0	1.877000000000000e-1
6.860000000000001e-1	2.883200000000000e+0	1.813000000000000e-1
6.940000099999999e-1	2.716100000000000e+0	1.761000000000000e-1
7.010000099999999e-1	2.902800000000000e+0	1.821000000000000e-1
7.080000000000000e-1	2.849600000000000e+0	1.806000000000000e-1
7.150000000000000e-1	2.807800000000000e+0	1.794000000000000e-1
7.220000000000000e-1	2.937900000000000e+0	1.836000000000000e-1
7.300000000000000e-1	2.873100000000000e+0	1.817000000000000e-1
7.370000000000000e-1	2.842600000000000e+0	1.809000000000000e-1
7.440000000000000e-1	2.685200000000000e+0	1.759000000000000e-1
7.510000000000000e-1	2.781200000000000e+0	1.792000000000000e-1
7.580000000000000e-1	2.646400000000000e+0	1.749000000000000e-1
7.650000000000000e-1	2.881600000000000e+0	1.826000000000000e-1
7.720000000000000e-1	3.024600000000000e+0	1.872000000000000e-1
7.790000000000000e-1	2.761900000000000e+0	1.790000000000000e-1
7.850000000000000e-1	2.754100000000000e+0	1.789000000000000e-1
7.920000000000000e-1	2.583300000000000e+0	1.734000000000000e-1
7.990000000000000e-1	2.528600000000000e+0	1.717000000000000e-1
8.060000000000000e-1	2.567100000000000e+0	1.731000000000000e-1
8.130000000000000e-1	2.664100000000000e+0	1.764000000000000e-1
8.190000000000000e-1	2.656100000000000e+0	1.763000000000000e-1
8.260000000000000e-1	2.355100000000000e+0	1.661000000000000e-1
8.330000000000000e-1	2.499100000000000e+0	1.712000000000000e-1
8.390000000000000e-1	2.408500000000000e+0	1.682000100000000e-1
8.460000000000000e-1	2.670600000000000e+0	1.773000000000000e-1
8.530000000000000e-1	2.391500000000000e+0	1.679000000000000e-1
8.590000000000000e-1	1.958300000000000e+0	1.520000000000000e-1
8.660000000000000e-1	2.539800000000000e+0	1.732000000000000e-1
8.720000000000000e-1	2.519600000000000e+0	1.726000000000000e-1
8.790000000000000e-1	2.084700000000000e+0	1.571000000000000e-1
8.850000000000000e-1	2.277300000000000e+0	1.643000000000000e-1
8.920000000000000e-1	2.232900000000000e+0	1.628000000000000e-1
8.980000000000000e-1	1.748300000000000e+0	1.442000000000000e-1
9.040000000000000e-1	2.322300000000000e+0	1.663000000000000e-1
9.110000000000000e-1	2.444700000000000e+0	1.707000000000000e-1
9.170000000000000e-1	2.161400000000000e+0	1.606000000000000e-1
9.230000000000000e-1	2.307800000000000e+0	1.661000000000000e-1
9.300000000000000e-1	2.167200000000000e+0	1.611000000000000e-1
9.360000000000000e-1	2.457800000000000e+0	1.717000000000000e-1
9.420000000000000e-1	2.401100000000000e+0	1.698000000000000e-1
9.480000000000000e-1	2.548500000000000e+0	1.750000100000000e-1
9.550000000000000e-1	1.974100000000000e+0	1.541000000000000e-1
9.610000000000000e-1	2.362500000000000e+0	1.688000000000000e-1
9.670000000000000e-1	2.112200000000000e+0	1.597000000000000e-1
9.730000000000000e-1	2.356700000000000e+0	1.688000000000000e-1
9.790000000000000e-1	2.384000000000000e+0	1.699000000000000e-1
9.850000000000000e-1	1.866100000000000e+0	1.504000000000000e-1
9.910000000000000e-1	2.038400000000000e+0	1.573000000000000e-1
9.970000000000000e-1	1.846700000000000e+0	1.498000000000000e-1
1.003000000000000e+0	2.116800000000000e+0	1.605000000000000e-1
1.009000000000000e+0	1.888200000000000e+0	1.517000000000000e-1
1.015000000000000e+0	1.963800000000000e+0	1.548000000000000e-1
1.021000000000000e+0	2.247300000000000e+0	1.657000000000000e-1
1.027000000000000e+0	2.213600000000000e+0	1.645000000000000e-1
1.033000000000000e+0	1.873600000000000e+0	1.515000000000000e-1
1.039000000000000e+0	2.047700000000000e+0	1.585000000000000e-1
1.045000000000000e+0	2.075000000000000e+0	1.596000000000000e-1
1.050000000000000e+0	2.077700000000000e+0	1.598000000000000e-1
1.056000000000000e+0	1.784900000000000e+0	1.482000000000000e-1
1.062000000000000e+0	2.378900000000000e+0	1.712000000000000e-1
1.068000000000000e+0	2.332700000000000e+0	1.697000100000000e-1
1.073000000000000e+0	1.915500000000000e+0	1.539000000000000e-1
1.079000000000000e+0	2.091200000000000e+0	1.609000000000000e-1
1.085000000000000e+0	1.796600000000000e+0	1.492000000000000e-1
1.090000000000000e+0	1.997400000000000e+0	1.574000000000000e-1
1.096000000000000e+0	1.751500000000000e+0	1.475000000000000e-1
1.102000000000000e+0	2.052300000000000e+0	1.598000000000000e-1
1.107000000000000e+0	2.005100000000000e+0	1.580000000000000e-1
1.113000000000000e+0	2.032700000000000e+0	1.592000000000000e-1
1.118000000000000e+0	2.185100000000000e+0	1.652000000000000e-1
1.124000000000000e+0	2.037900000000000e+0	1.596000000000000e-1
1.129000000000000e+0	2.002900000000000e+0	1.583000000000000e-1
1.135000000000000e+0	1.880200000000000e+0	1.535000000000000e-1
1.140000000000000e+0	1.945300000000000e+0	1.562000000000000e-1
1.146000000000000e+0	2.098600000000000e+0	1.624000000000000e-1
1.151000000000000e+0	1.837000000000000e+0	1.520000000000000e-1
1.157000000000000e+0	2.179600000000000e+0	1.657000000000000e-1
1.162000000000000e+0	2.169700000000000e+0	1.654000000000000e-1
1.167000000000000e+0	1.604100000000000e+0	1.423000000000000e-1
1.173000000000000e+0	1.897000000000000e+0	1.549000000000000e-1
1.178000000000000e+0	2.038700000000000e+0	1.607000000000000e-1
1.183000000000000e+0	2.193400000000000e+0	1.668000000000000e-1
1.188000000000000e+0	2.069200000000000e+0	1.621000000000000e-1
1.194000000000000e+0	2.262500000000000e+0	1.696000000000000e-1
1.199000000000000e+0	1.870800000000000e+0	1.543000000000000e-1
1.204000000000000e+0	1.784000000000000e+0	1.508000000000000e-1
1.209000000000000e+0	1.760700000000000e+0	1.499000000000000e-1
1.215000000000000e+0	1.877900000000000e+0	1.549000000000000e-1
1.220000000000000e+0	1.752400000000000e+0	1.497000000000000e-1
1.225000000000000e+0	1.818600000000000e+0	1.526000000000000e-1
1.230000000000000e+0	1.705500000000000e+0	1.479000000000000e-1
1.235000000000000e+0	2.131300000000000e+0	1.654000000000000e-1
1.240000000000000e+0	2.031100000000000e+0	1.616000000000000e-1
1.245000000000000e+0	1.699000000000000e+0	1.479000000000000e-1
1.250000000000000e+0	1.933100000000000e+0	1.578000000000000e-1
1.255000000000000e+0	2.193500000000000e+0	1.682000100000000e-1
1.260000000000000e+0	2.054100000000000e+0	1.629000000000000e-1
1.265000000000000e+0	1.642800000000000e+0	1.458000000000000e-1
1.270000000000000e+0	2.020400000000000e+0	1.618000000000000e-1
1.275000000000000e+0	2.256300000000000e+0	1.710000000000000e-1
1.280000000000000e+0	1.934500000000000e+0	1.585000000000000e-1
1.285000000000000e+0	2.222900000000000e+0	1.700000000000000e-1
1.290000000000000e+0	2.368800000000000e+0	1.756000000000000e-1
1.295000000000000e+0	2.384700000000000e+0	1.763000000000000e-1
1.300000000000000e+0	2.244200000000000e+0	1.711000000000000e-1
1.304000000000000e+0	1.920300000000000e+0	1.584000000000000e-1
1.309000000000000e+0	2.014200000000000e+0	1.623000000000000e-1
1.314000000000000e+0	1.938100000000000e+0	1.593000000000000e-1
1.319000000000000e+0	2.071600000000000e+0	1.648000000000000e-1
1.324000000000000e+0	1.798500000000000e+0	1.537000000000000e-1
1.328000000000000e+0	2.142400000000000e+0	1.678000000000000e-1
1.333000000000000e+0	1.987100000000000e+0	1.617000000000000e-1
1.338000000000000e+0	2.121300000000000e+0	1.672000000000000e-1
1.343000000000000e+0	2.189800000000000e+0	1.700000000000000e-1
1.347000000000000e+0	1.862300000000000e+0	1.568000000000000e-1
1.352000000000000e+0	2.221600000000000e+0	1.714000000000000e-1
1.357000000000000e+0	1.986000000000000e+0	1.621000000000000e-1
1.361000000000000e+0	2.200500000000000e+0	1.708000000000000e-1
1.366000000000000e+0	1.951000000000000e+0	1.609000000000000e-1
1.370000000000000e+0	1.953300000000000e+0	1.611000000000000e-1
1.375000000000000e+0	1.862600000000000e+0	1.574000000000000e-1
1.379000000000000e+0	1.998000000000000e+0	1.631000000000000e-1
1.384000000000000e+0	2.400500000000000e+0	1.789000000000000e-1
1.389000000000000e+0	1.869300000000000e+0	1.580000000000000e-1
1.393000000000000e+0	2.072100000000000e+0	1.664000000000000e-1
1.398000000000000e+0	2.007600000000000e+0	1.639000000000000e-1
1.402000000000000e+0	1.795600000000000e+0	1.551000000000000e-1
1.407000000000000e+0	2.066100000000000e+0	1.665000000000000e-1
1.411000000000000e+0	1.988000000000000e+0	1.634000000000000e-1
1.415000000000000e+0	2.071000000000000e+0	1.669000000000000e-1
1.420000000000000e+0	2.033100000000000e+0	1.655000000000000e-1
1.424000000000000e+0	1.995100000000000e+0	1.640000000000000e-1
1.429000000000000e+0	1.997400000000000e+0	1.642000000000000e-1
1.433000000000000e+0	2.121400000000000e+0	1.693000000000000e-1
1.437000000000000e+0	1.934600000000000e+0	1.618000000000000e-1
1.442000000000000e+0	1.733700000000000e+0	1.532000000000000e-1
1.446000000000000e+0	2.278100000000000e+0	1.758000000000000e-1
1.450000000000000e+0	2.213000000000000e+0	1.733000000000000e-1
1.455000000000000e+0	2.256300000000000e+0	1.751000000000000e-1
1.459000000000000e+0	2.313400000000000e+0	1.774000000000000e-1
1.463000000000000e+0	2.193600000000000e+0	1.729000000000000e-1
1.467000000000000e+0	1.991500000000000e+0	1.648000000000000e-1
1.472000000000000e+0	2.116800000000000e+0	1.700000000000000e-1
1.476000000000000e+0	2.105600000000000e+0	1.697000100000000e-1
1.480000000000000e+0	1.971200000000000e+0	1.643000000000000e-1
1.484000000000000e+0	1.987200000000000e+0	1.650000000000000e-1
1.488000000000000e+0	2.030700000000000e+0	1.669000000000000e-1
1.493000000000000e+0	1.978100000000000e+0	1.648000000000000e-1
1.497000000000000e+0	2.007900000000000e+0	1.662000000000000e-1
1.501000000000000e+0	2.299400000000000e+0	1.779000000000000e-1
1.505000000000000e+0	1.916100000000000e+0	1.625000000000000e-1
1.509000000000000e+0	2.125300000000000e+0	1.713000000000000e-1
1.513000000000000e+0	2.141600000000000e+0	1.720000100000000e-1
1.517000000000000e+0	2.185600000000000e+0	1.739000000000000e-1
1.521000000000000e+0	2.202000000000000e+0	1.746000000000000e-1
1.525000000000000e+0	2.246100000000000e+0	1.765000000000000e-1
1.529000000000000e+0	1.832300000000000e+0	1.595000000000000e-1
1.533000000000000e+0	1.792700000000000e+0	1.578000000000000e-1
1.537000000000000e+0	2.393100000000000e+0	1.825000000000000e-1
1.541000000000000e+0	1.741100000000000e+0	1.557000000000000e-1
1.545000000000000e+0	2.022000000000000e+0	1.679000000000000e-1
1.549000000000000e+0	1.912700000000000e+0	1.634000000000000e-1
1.553000000000000e+0	1.649300000000000e+0	1.518000000000000e-1
1.557000000000000e+0	2.029000000000000e+0	1.685000000000000e-1
1.561000000000000e+0	2.059400000000000e+0	1.699000000000000e-1
1.565000000000000e+0	1.977600000000000e+0	1.665000000000000e-1
1.569000000000000e+0	1.769200000000000e+0	1.576000000000000e-1
1.573000000000000e+0	1.785300000000000e+0	1.584000000000000e-1
1.577000000000000e+0	1.914000000000000e+0	1.641000000000000e-1
1.581000000000000e+0	1.944300000000000e+0	1.655000000000000e-1
1.584000000000000e+0	1.890100000000000e+0	1.633000000000000e-1
1.588000000000000e+0	1.991100000000000e+0	1.677000000000000e-1
1.592000000000000e+0	1.682400100000000e+0	1.542000000000000e-1
1.596000000000000e+0	2.420300000000000e+0	1.851000000000000e-1
1.600000000000000e+0	2.040400000000000e+0	1.700000000000000e-1
1.603000000000000e+0	1.844100000000000e+0	1.617000000000000e-1
1.607000000000000e+0	1.604800000000000e+0	1.510000000000000e-1
1.611000000000000e+0	1.805600000000000e+0	1.602000000000000e-1
1.615000000000000e+0	1.594200000000000e+0	1.506000000000000e-1
1.618000000000000e+0	2.023500000000000e+0	1.698000000000000e-1
1.622000000000000e+0	1.940200000000000e+0	1.664000000000000e-1
1.626000000000000e+0	1.942300000000000e+0	1.666000000000000e-1
1.630000000000000e+0	1.772900000000000e+0	1.592000000000000e-1
1.633000000000000e+0	1.889400000000000e+0	1.645000000000000e-1
1.637000000000000e+0	1.762600000000000e+0	1.589000000000000e-1
1.641000000000000e+0	1.649800000000000e+0	1.538000000000000e-1
1.644000000000000e+0	1.938900000000000e+0	1.669000000000000e-1
1.648000000000000e+0	1.768500000000000e+0	1.595000000000000e-1
1.651000000000000e+0	1.813700000000000e+0	1.616000000000000e-1
1.655000000000000e+0	1.642700000000000e+0	1.539000000000000e-1
1.659000000000000e+0	1.803300000000000e+0	1.613000000000000e-1
1.662000000000000e+0	1.718600000000000e+0	1.575000000000000e-1
1.666000000000000e+0	2.024100000000000e+0	1.711000000000000e-1
1.669000000000000e+0	1.693500000000000e+0	1.566000000000000e-1
1.673000000000000e+0	1.883700000000000e+0	1.652000000000000e-1
1.676000000000000e+0	1.769800000000000e+0	1.602000000000000e-1
1.680000000000000e+0	2.033100000000000e+0	1.718000000000000e-1
1.683000000000000e+0	1.773700000000000e+0	1.606000000000000e-1
1.687000000000000e+0	1.571900000000000e+0	1.513000000000000e-1
1.690000000000000e+0	2.010700000000000e+0	1.712000000000000e-1
1.694000000000000e+0	1.735800000000000e+0	1.591000000000000e-1
1.697000000000000e+0	1.737700000000000e+0	1.593000000000000e-1
1.701000000000000e+0	1.768800000000000e+0	1.608000000000000e-1
1.704000000000000e+0	1.829300000000000e+0	1.636000000000000e-1
1.708000000000000e+0	1.377100000000000e+0	1.420000000000000e-1
1.711000000000000e+0	1.716000000000000e+0	1.586000000000000e-1
1.715000000000000e+0	1.850000000000000e+0	1.648000000000000e-1
1.718000000000000e+0	1.866700000000000e+0	1.657000000000000e-1
1.721000000000000e+0	1.868800000000000e+0	1.658000000000000e-1
1.725000000000000e+0	1.620400000000000e+0	1.545000000000000e-1
1.728000000000000e+0	1.902300000000000e+0	1.675000000000000e-1
1.731000000000000e+0	1.638700000000000e+0	1.555000000000000e-1
1.735000000000000e+0	1.817800000000000e+0	1.639000000000000e-1
1.738000000000000e+0	1.568300000000000e+0	1.523000000000000e-1
1.741000000000000e+0	1.806900000000000e+0	1.636000000000000e-1
1.745000000000000e+0	1.897800000000000e+0	1.677000000000000e-1
1.748000000000000e+0	1.721800000000000e+0	1.599000000000000e-1
1.751000100000000e+0	1.768200000000000e+0	1.621000000000000e-1
1.755000100000000e+0	1.785000000000000e+0	1.629000000000000e-1
1.758000000000000e+0	1.697600000000000e+0	1.590000000000000e-1
1.761000100000000e+0	1.908100000000000e+0	1.686000000000000e-1
1.764000000000000e+0	1.596800000000000e+0	1.544000000000000e-1
1.768000000000000e+0	1.688100000000000e+0	1.588000000000000e-1
1.771000000000000e+0	1.465600000000000e+0	1.481000000000000e-1
1.774000000000000e+0	1.691700000000000e+0	1.591000000000000e-1
1.777000000000000e+0	1.573700000000000e+0	1.536000000000000e-1
1.780000000000000e+0	1.680400100000000e+0	1.588000000000000e-1
1.784000000000000e+0	1.697200000000000e+0	1.597000000000000e-1
1.787000000000000e+0	1.684000000000000e+0	1.591000000000000e-1
1.790000000000000e+0	1.761000100000000e+0	1.628000000000000e-1
1.793000000000000e+0	1.446500000000000e+0	1.476000000000000e-1
1.796000000000000e+0	1.734600000000000e+0	1.618000000000000e-1
1.799000000000000e+0	1.645800000000000e+0	1.576000000000000e-1
1.802000000000000e+0	1.708000000000000e+0	1.607000000000000e-1
1.806000000000000e+0	1.573700000000000e+0	1.543000000000000e-1
1.809000000000000e+0	1.787400000000000e+0	1.646000000000000e-1
1.812000000000000e+0	1.789300100000000e+0	1.647000000000000e-1
1.815000000000000e+0	1.927800000000000e+0	1.711000000000000e-1
1.818000000000000e+0	1.565200000000000e+0	1.542000000000000e-1
1.821000000000000e+0	1.688500100000000e+0	1.603000000000000e-1
1.824000000000000e+0	1.507500000000000e+0	1.515000000000000e-1
1.827000000000000e+0	1.478600000000000e+0	1.501000000000000e-1
1.830000000000000e+0	1.541200000000000e+0	1.534000000000000e-1
1.833000000000000e+0	1.588700000000000e+0	1.558000000000000e-1
1.836000000000000e+0	1.697400000000000e+0	1.611000000000000e-1
1.839000000000000e+0	1.561400000000000e+0	1.546000000000000e-1
1.842000000000000e+0	1.792900000000000e+0	1.658000000000000e-1
1.845000000000000e+0	1.395900000000000e+0	1.463000000000000e-1
1.848000000000000e+0	1.873400000000000e+0	1.696000000000000e-1
1.851000000000000e+0	1.752400000000000e+0	1.641000000000000e-1
1.854000000000000e+0	1.862000000000000e+0	1.693000000000000e-1
1.857000000000000e+0	1.617400000000000e+0	1.578000000000000e-1
1.860000000000000e+0	1.696200000000000e+0	1.617000000000000e-1
1.863000000000000e+0	1.528200000000000e+0	1.536000000000000e-1
1.866000000000000e+0	1.637900000000000e+0	1.591000000000000e-1
1.869000000000000e+0	1.500400000000000e+0	1.523000000000000e-1
1.872000000000000e+0	1.579400000000000e+0	1.564000000000000e-1
1.875000000000000e+0	1.441500000000000e+0	1.495000000000000e-1
1.877000000000000e+0	1.551600000000000e+0	1.552000000000000e-1
1.880000000000000e+0	1.662000000000000e+0	1.607000000000000e-1
1.883000000000000e+0	1.352700000000000e+0	1.450000000000000e-1
1.886000000000000e+0	1.634300000000000e+0	1.595000000000000e-1
1.889000000000000e+0	1.511300000000000e+0	1.534000000000000e-1
1.892000000000000e+0	1.606400000000000e+0	1.583000000000000e-1
1.895000000000000e+0	1.389500000000000e+0	1.473000000000000e-1
1.897000000000000e+0	1.734800100000000e+0	1.647000000000000e-1
1.900000000000000e+0	1.658300000000000e+0	1.611000000000000e-1
1.903000000000000e+0	1.503400000000000e+0	1.534000000000000e-1
1.906000000000000e+0	1.489300000000000e+0	1.528000000000000e-1
1.909000000000000e+0	1.632000000000000e+0	1.600000000000000e-1
1.911000000000000e+0	1.775100000000000e+0	1.670000000000000e-1
1.914000000000000e+0	1.525300000000000e+0	1.549000000000000e-1
1.917000000000000e+0	1.621300000000000e+0	1.597000000000000e-1
1.920000000000000e+0	1.591400000000000e+0	1.584000000000000e-1
1.922000000000000e+0	1.356500000000000e+0	1.463000000000000e-1
1.925000000000000e+0	1.657800000000000e+0	1.618000000000000e-1
1.928000000000000e+0	1.517300000000000e+0	1.549000000000000e-1
1.931000000000000e+0	1.819400000000000e+0	1.697000100000000e-1
1.933000000000000e+0	1.235300000000000e+0	1.399000000000000e-1
1.936000000000000e+0	1.474300000000000e+0	1.529000000000000e-1
1.939000000000000e+0	1.285400000000000e+0	1.428000000000000e-1
1.941000000000000e+0	1.652000000000000e+0	1.620000000000000e-1
1.944000000000000e+0	1.796800000000000e+0	1.690000000000000e-1
1.947000000000000e+0	1.416600000000000e+0	1.502000000000000e-1
1.949000000000000e+0	1.434000000000000e+0	1.512000000000000e-1
1.952000000000000e+0	1.547100000000000e+0	1.571000000000000e-1
1.955000000000000e+0	1.692300000000000e+0	1.644000000000000e-1
1.957000000000000e+0	1.757900000000000e+0	1.676000000000000e-1
1.960000000000000e+0	1.887700000000000e+0	1.738000000000000e-1
1.963000000000000e+0	1.425200000000000e+0	1.511000000000000e-1
1.965000000000000e+0	1.570900000000000e+0	1.587000000000000e-1
1.968000000000000e+0	1.748900100000000e+0	1.675000000000000e-1
1.971000000000000e+0	1.718600000000000e+0	1.661000000000000e-1
1.973000000000000e+0	1.607700000000000e+0	1.608000000000000e-1
1.976000000000000e+0	1.722000000000000e+0	1.665000000000000e-1
1.978000000000000e+0	1.643200000000000e+0	1.627000000000000e-1
1.981000000000000e+0	1.902800000000000e+0	1.752000000000000e-1
1.983000000000000e+0	1.614200000000000e+0	1.614000000000000e-1
1.986000000000000e+0	1.809600000000000e+0	1.710000000000000e-1
1.989000000000000e+0	1.924700000000000e+0	1.764000000000000e-1
1.991000000000000e+0	1.764700000000000e+0	1.690000000000000e-1
1.994000000000000e+0	1.863600000000000e+0	1.738000000000000e-1
1.996000000000000e+0	1.751900000000000e+0	1.686000000000000e-1
1.999000000000000e+0	1.688700000000000e+0	1.656000000000000e-1
2.001000000000000e+0	2.048000000000000e+0	1.825000000000000e-1
2.004000000000000e+0	1.936100000000000e+0	1.775000000000000e-1
2.006000000000000e+0	1.758900000000000e+0	1.692000100000000e-1
2.009000000000000e+0	1.646500000000000e+0	1.638000000000000e-1
2.011000000000000e+0	1.664400000000000e+0	1.648000000000000e-1
2.014000000000000e+0	2.041700000000000e+0	1.826000000000000e-1
2.016000000000000e+0	1.945600000000000e+0	1.784000000000000e-1
2.019000000000000e+0	1.849300000000000e+0	1.740000100000000e-1
2.021000000000000e+0	1.867500000000000e+0	1.749000000000000e-1
2.023000000000000e+0	1.869400000000000e+0	1.751000000000000e-1
2.026000000000000e+0	1.756300000000000e+0	1.698000000000000e-1
2.028000000000000e+0	2.168800000000000e+0	1.888000000000000e-1
2.031000000000000e+0	1.825500000000000e+0	1.733000000000000e-1
2.033000000000000e+0	2.024800000000000e+0	1.826000000000000e-1
2.036000000000000e+0	1.993900000000000e+0	1.813000000000000e-1
2.038000000000000e+0	2.045300000000000e+0	1.837000000000000e-1
2.040000000000000e+0	2.344400000000000e+0	1.967000000000000e-1
2.043000000000000e+0	1.933600000000000e+0	1.788000100000000e-1
2.045000000000000e+0	2.018200000000000e+0	1.827000000000000e-1
2.047000000000000e+0	2.185700000000000e+0	1.902000000000000e-1
2.050000000000000e+0	2.138100000000000e+0	1.882000000000000e-1
2.052000000000000e+0	2.256300000000000e+0	1.935000000000000e-1
2.055000000000000e+0	2.291700000000000e+0	1.951000000000000e-1
2.057000000000000e+0	2.127700000000000e+0	1.881000000000000e-1
2.059000000000000e+0	1.846900000000000e+0	1.753000000000000e-1
2.062000000000000e+0	2.098500000000000e+0	1.870000000000000e-1
2.064000000000000e+0	2.117200000000000e+0	1.879000000000000e-1
2.066000000000000e+0	2.185900000000000e+0	1.910000000000000e-1
2.069000000000000e+0	2.388500000000000e+0	1.997000000000000e-1
2.071000000000000e+0	2.006200000000000e+0	1.831000000000000e-1
2.073000000000000e+0	2.075100000000000e+0	1.864000000000000e-1
2.075000000000000e+0	2.361800000000000e+0	1.989000000000000e-1
2.078000000000000e+0	2.129400000000000e+0	1.890000000000000e-1
2.080000000000000e+0	2.567800000000000e+0	2.076000000000000e-1
2.082000000000000e+0	2.620600000000000e+0	2.098000000000000e-1
2.085000000000000e+0	2.320400000000000e+0	1.975000000000000e-1
2.087000000000000e+0	2.373100000000000e+0	1.998000000000000e-1
2.089000000000000e+0	2.156400000000000e+0	1.906000000000000e-1
2.091000000000000e+0	2.259600000000000e+0	1.952000000000000e-1
2.094000000000000e+0	2.481200000000000e+0	2.047000000000000e-1
2.096000000000000e+0	2.466700000000000e+0	2.041000000000000e-1
2.098000000000000e+0	2.807200000000000e+0	2.179000000000000e-1
2.100000000000000e+0	2.115900000000000e+0	1.892000000000000e-1
2.102000000000000e+0	2.609200000000000e+0	2.103000000000000e-1
2.105000000000000e+0	2.543900000000000e+0	2.077000000000000e-1
2.107000000000000e+0	2.563200000000000e+0	2.086000000000000e-1
2.109000000000000e+0	2.463700000000000e+0	2.046000000000000e-1
2.111000000000000e+0	2.551100000000000e+0	2.083000000000000e-1
2.113000000000000e+0	2.672600000000000e+0	2.133000000000000e-1
2.116000000000000e+0	2.385500000000000e+0	2.016000000000000e-1
2.118000000000000e+0	2.694700000000000e+0	2.144000000000000e-1
2.120000000000000e+0	2.611900000000000e+0	2.112000000000000e-1
2.122000000000000e+0	2.768100000000000e+0	2.175000000000000e-1
2.124000000000000e+0	2.343200000000000e+0	2.002000000000000e-1
2.126000000000000e+0	2.756200000000000e+0	2.172000000000000e-1
2.129000000000000e+0	2.673100000000000e+0	2.140000000000000e-1
2.131000000000000e+0	2.795700000000000e+0	2.190000000000000e-1
2.133000000000000e+0	3.244700000000000e+0	2.360000000000000e-1
2.135000000000000e+0	2.508800000000000e+0	2.076000000000000e-1
2.137000000000000e+0	2.906700000000000e+0	2.236000000000000e-1
2.139000000000000e+0	2.530700000000000e+0	2.087000000000000e-1
2.141000000000000e+0	2.791500000000000e+0	2.193000000000000e-1
2.143000000000000e+0	2.794100000000000e+0	2.195000000000000e-1
2.146000000000000e+0	2.900300000000000e+0	2.238000000000000e-1
2.148000000000000e+0	2.557400000000000e+0	2.102000000000000e-1
2.150000000000000e+0	2.732700000000000e+0	2.174000000000000e-1
2.152000000000000e+0	2.821800000000000e+0	2.210000000000000e-1
2.154000000000000e+0	2.911100000000000e+0	2.246000000000000e-1
2.156000000000000e+0	2.566900000000000e+0	2.110000000000000e-1
2.158000000000000e+0	2.708100000000000e+0	2.168000000000000e-1
2.160000000000000e+0	2.867000000000000e+0	2.232000000000000e-1
2.162000000000000e+0	2.695800000000000e+0	2.165000000000000e-1
2.164000000000000e+0	2.941900000000000e+0	2.263000000000000e-1
2.166000000000000e+0	2.631000000000000e+0	2.141000000000000e-1
2.168000000000000e+0	2.738100000000000e+0	2.185000000000000e-1
2.170000000000000e+0	2.339100000000000e+0	2.021000000000000e-1
2.172000000000000e+0	2.358700000000000e+0	2.030000000000000e-1
2.174000000000000e+0	3.008000000000000e+0	2.294000000000000e-1
2.176000000000000e+0	3.028200000000000e+0	2.302000000000000e-1
2.178000000000000e+0	2.925900000000000e+0	2.264000000000000e-1
2.180000000000000e+0	2.788300000000000e+0	2.211000000000000e-1
2.182000000000000e+0	3.159400000000000e+0	2.355000000000000e-1
2.184000000000000e+0	3.302800000000000e+0	2.409000000000000e-1
2.186000000000000e+0	2.919000000000000e+0	2.266000000000000e-1
2.188000000000000e+0	2.886500000000000e+0	2.254000000000000e-1
2.190000000000000e+0	2.748200000000000e+0	2.200000000000000e-1
2.192000000000000e+0	2.715400000000000e+0	2.188000000000000e-1
2.194000000000000e+0	2.064900000000000e+0	1.909000000000000e-1
2.196000000000000e+0	2.967600000000000e+0	2.290000000000000e-1
2.198000000000000e+0	2.493000000000000e+0	2.099000000000000e-1
2.200000000000000e+0	2.689900000000000e+0	2.182000000000000e-1
2.202000000000000e+0	2.710000000000000e+0	2.191000000000000e-1
2.204000000000000e+0	2.996100000000000e+0	2.305000000000000e-1
2.206000000000000e+0	2.608500000000000e+0	2.151000000000000e-1
2.208000000000000e+0	2.610800000000000e+0	2.153000000000000e-1
2.210000000000000e+0	2.577600000000000e+0	2.141000000000000e-1
2.212000000000000e+0	2.259700000000000e+0	2.005000000000000e-1
2.213000000000000e+0	2.600100000000000e+0	2.152000000000000e-1
2.215000000000000e+0	3.012400000000000e+0	2.317000000000000e-1
2.217000000000000e+0	2.676100000000000e+0	2.185000000000000e-1
2.219000000000000e+0	2.839200000000000e+0	2.252000000000000e-1
2.221000000000000e+0	2.788200000000000e+0	2.232000000000000e-1
2.223000000000000e+0	2.146700000000000e+0	1.960000000000000e-1
