-4.470490000000000e+2	1.182000000000000e-1	7.000000000000000e-3
-4.307840000000000e+2	1.170000000000000e-1	7.000000000000000e-3
-4.153850000000000e+2	1.187000000000000e-1	7.100000000000001e-3
-4.007910000000000e+2	1.200000000000000e-1	7.200000000000000e-3
-3.869460000000000e+2	1.323000000000000e-1	7.700000000000000e-3
-3.738020000000000e+2	1.405000000000000e-1	8.000000000000000e-3
-3.613100000000000e+2	1.337000000000000e-1	7.800000000000000e-3
-3.494290100000000e+2	1.396000000000000e-1	8.100000000000000e-3
-3.381200000000000e+2	1.229000000000000e-1	7.600000000000000e-3
-3.273460000000000e+2	1.259000000000000e-1	7.800000000000000e-3
-3.170740000000000e+2	1.382000000000000e-1	8.200000000000000e-3
-3.072730000000000e+2	1.274000000000000e-1	8.000000000000000e-3
-2.979150000000000e+2	1.380000000000000e-1	8.400000000000000e-3
-2.889740000000000e+2	1.370000000000000e-1	8.400000000000000e-3
-2.804260000000000e+2	1.427000000000000e-1	8.600000000000000e-3
-2.722460000000000e+2	1.585000000000000e-1	9.200000000000000e-3
-2.644160000000000e+2	1.485000000000000e-1	8.900000000000000e-3
-2.569150000000000e+2	1.571000000000000e-1	9.200000000000000e-3
-2.497250000000000e+2	1.660000000000000e-1	9.599999999999998e-3
-2.428280000000000e+2	1.532000000000000e-1	9.300000000000000e-3
-2.362100000000000e+2	1.451000000000000e-1	9.100000000000000e-3
-2.298560000000000e+2	1.660000000000000e-1	9.800000000000000e-3
-2.237500000000000e+2	1.589000000000000e-1	9.599999999999998e-3
-2.178820000000000e+2	1.498000000000000e-1	9.400000000000000e-3
-2.122380000000000e+2	1.804000000000000e-1	1.040000000000000e-2
-2.068080000000000e+2	1.464000000000000e-1	9.400000000000000e-3
-2.015800000000000e+2	1.728000000000000e-1	1.030000000000000e-2
-1.965450000000000e+2	1.638000000000000e-1	1.010000000000000e-2
-1.916940000000000e+2	1.834000000000000e-1	1.070000000000000e-2
-1.870170000000000e+2	1.793000100000000e-1	1.070000000000000e-2
-1.825060000000000e+2	1.789000000000000e-1	1.070000000000000e-2
-1.781540000000000e+2	1.745000100000000e-1	1.070000000000000e-2
-1.739530000000000e+2	1.911000000000000e-1	1.120000000000000e-2
-1.698960100000000e+2	1.840000000000000e-1	1.110000000000000e-2
-1.659770000000000e+2	1.625000000000000e-1	1.050000000000000e-2
-1.621890000000000e+2	1.861000000000000e-1	1.130000000000000e-2
-1.585270000000000e+2	1.751000000000000e-1	1.100000000000000e-2
-1.549860000000000e+2	2.071000000000000e-1	1.200000000000000e-2
-1.515590000000000e+2	1.967000000000000e-1	1.180000000000000e-2
-1.482430000000000e+2	1.888000000000000e-1	1.160000000000000e-2
-1.450320000000000e+2	1.678000000000000e-1	1.100000000000000e-2
-1.419220000000000e+2	2.060000000000000e-1	1.220000000000000e-2
-1.389080000000000e+2	1.802000000000000e-1	1.150000000000000e-2
-1.359880000000000e+2	1.851000000000000e-1	1.170000000000000e-2
-1.331570000000000e+2	1.990000000000000e-1	1.220000000000000e-2
-1.304110000000000e+2	2.048000000000000e-1	1.250000000000000e-2
-1.277470000000000e+2	2.314000000000000e-1	1.330000000000000e-2
-1.251620000000000e+2	2.074000000000000e-1	1.270000000000000e-2
-1.226530000000000e+2	1.970000000000000e-1	1.240000000000000e-2
-1.202160000000000e+2	1.997000000000000e-1	1.260000000000000e-2
-1.178500000000000e+2	2.160000000000000e-1	1.310000000000000e-2
-1.155510000000000e+2	1.907000000000000e-1	1.240000000000000e-2
-1.133170000000000e+2	2.031000000000000e-1	1.280000000000000e-2
-1.111450000000000e+2	2.296000000000000e-1	1.370000000000000e-2
-1.090340000000000e+2	1.920000000000000e-1	1.260000000000000e-2
-1.069800000000000e+2	2.088000000000000e-1	1.320000000000000e-2
-1.049820000000000e+2	2.141000000000000e-1	1.340000000000000e-2
-1.030380000000000e+2	2.390000000000000e-1	1.430000000000000e-2
-1.011460000000000e+2	2.137000000000000e-1	1.350000000000000e-2
-9.930400000000000e+1	2.078000000000000e-1	1.340000000000000e-2
-9.751000000000000e+1	2.175000000000000e-1	1.380000000000000e-2
-9.576300000000000e+1	2.300000000000000e-1	1.420000000000000e-2
-9.406100000000000e+1	2.143000000000000e-1	1.380000000000000e-2
-9.240200000000000e+1	2.448000000000000e-1	1.480000000000000e-2
-9.078600000000000e+1	2.044000000000000e-1	1.360000000000000e-2
-8.921000000000000e+1	2.234000000000000e-1	1.430000000000000e-2
-8.767300000000000e+1	2.336000000000000e-1	1.470000000000000e-2
-8.617500000000000e+1	2.495000000000000e-1	1.520000000000000e-2
-8.471300000000000e+1	2.160000000000000e-1	1.420000000000000e-2
-8.328600000000000e+1	2.121000000000000e-1	1.410000000000000e-2
-8.189500000000000e+1	2.319000000000000e-1	1.480000000000000e-2
-8.053600000000000e+1	2.338000000000000e-1	1.500000000000000e-2
-7.920900000000000e+1	2.414000000000000e-1	1.530000000000000e-2
-7.791400000000000e+1	2.560000000000000e-1	1.580000000000000e-2
-7.664900000000000e+1	2.384000000000000e-1	1.530000000000000e-2
-7.541400000000000e+1	2.709000000000000e-1	1.640000000000000e-2
-7.420700000000000e+1	2.312000000000000e-1	1.520000000000000e-2
-7.302700000000000e+1	2.249000000000000e-1	1.500000000000000e-2
-7.187400099999999e+1	2.155000000000000e-1	1.480000000000000e-2
-7.074800000000001e+1	2.620000000000000e-1	1.630000000000000e-2
-6.964600000000000e+1	2.742000000000000e-1	1.680000100000000e-2
-6.856800000000000e+1	2.411000000000000e-1	1.580000000000000e-2
-6.751500000000000e+1	2.544000000000000e-1	1.630000000000000e-2
-6.648399999999999e+1	2.468000000000000e-1	1.610000000000000e-2
-6.547600000000000e+1	2.708000000000000e-1	1.690000100000000e-2
-6.448900000000001e+1	2.472000000000000e-1	1.620000000000000e-2
-6.352400000000000e+1	2.876000000000000e-1	1.760000000000000e-2
-6.257900000000000e+1	2.691000000000000e-1	1.710000000000000e-2
-6.165400000000000e+1	2.689000000000000e-1	1.710000000000000e-2
-6.074800000000000e+1	2.883000000000000e-1	1.780000000000000e-2
-5.986100000000000e+1	2.572000000000000e-1	1.680000100000000e-2
-5.899300000000000e+1	2.090000000000000e-1	1.520000000000000e-2
-5.814200000000000e+1	2.641000000000000e-1	1.720000000000000e-2
-5.730800000000000e+1	2.828000000000000e-1	1.790000000000000e-2
-5.649200000000000e+1	2.700000000000000e-1	1.750000000000000e-2
-5.569200000000000e+1	2.696000000000000e-1	1.750000000000000e-2
-5.490700000000000e+1	2.587000000000000e-1	1.720000000000000e-2
-5.413900000000000e+1	3.079000000000000e-1	1.890000000000000e-2
-5.338500000000000e+1	3.321000000000000e-1	1.970000000000000e-2
-5.264600000000000e+1	2.686000000000000e-1	1.770000000000000e-2
-5.192200000000000e+1	3.093000000000000e-1	1.910000000000000e-2
-5.121100000000000e+1	2.685000000000000e-1	1.790000000000000e-2
-5.051400000000000e+1	2.810000000000000e-1	1.830000000000000e-2
-4.983100000000000e+1	2.576000000000000e-1	1.760000000000000e-2
-4.916000000000000e+1	2.931000000000000e-1	1.880000000000000e-2
-4.850200000000000e+1	2.706000000000000e-1	1.820000000000000e-2
-4.785700000000000e+1	2.772000000000000e-1	1.840000000000000e-2
-4.722300000000000e+1	2.506000000000000e-1	1.760000000000000e-2
-4.660100000000000e+1	3.130000000000000e-1	1.970000000000000e-2
-4.599000000000000e+1	2.862000000000000e-1	1.890000000000000e-2
-4.539100000000000e+1	2.942000000000000e-1	1.920000000000000e-2
-4.480200000000000e+1	3.289000000000000e-1	2.040000000000000e-2
-4.422400000000000e+1	3.207000000000000e-1	2.020000000000000e-2
-4.365700000000000e+1	3.406000000000000e-1	2.090000000000000e-2
-4.309900000000000e+1	2.975000000000000e-1	1.960000000000000e-2
-4.255200000000000e+1	2.954000000000000e-1	1.960000000000000e-2
-4.201400000000000e+1	2.985000000000000e-1	1.970000000000000e-2
-4.148500000000000e+1	2.871000000000000e-1	1.940000000000000e-2
-4.096600000000000e+1	3.046000000000000e-1	2.000000000000000e-2
-4.045600000000000e+1	3.143000000000000e-1	2.040000000000000e-2
-3.995400000000000e+1	3.122000000000000e-1	2.040000000000000e-2
-3.946100000000000e+1	3.274000000000000e-1	2.100000000000000e-2
-3.897700000000000e+1	3.333000000000000e-1	2.120000000000000e-2
-3.850000000000000e+1	2.972000000000000e-1	2.010000000000000e-2
-3.803200000000000e+1	2.961000000000000e-1	2.010000000000000e-2
-3.757100000000000e+1	3.088000000000000e-1	2.060000000000000e-2
-3.711800000000000e+1	3.119000000000000e-1	2.070000000000000e-2
-3.667300000000000e+1	3.469000000000000e-1	2.190000000000000e-2
-3.623500000000000e+1	3.405000000000000e-1	2.180000000000000e-2
-3.580400000000000e+1	3.494000000000000e-1	2.210000000000000e-2
-3.538000000000000e+1	3.160000000000000e-1	2.110000000000000e-2
-3.496300000000000e+1	3.603000000000000e-1	2.260000000000000e-2
-3.455300100000000e+1	3.266000000000000e-1	2.160000000000000e-2
-3.414900000000000e+1	3.369000100000000e-1	2.200000000000000e-2
-3.375200000000000e+1	3.157000000000000e-1	2.130000000000000e-2
-3.336100000000000e+1	2.956000000000000e-1	2.070000000000000e-2
-3.297600000000000e+1	3.365000000000000e-1	2.210000000000000e-2
-3.259700000000000e+1	3.632000000000000e-1	2.310000000000000e-2
-3.222400000000000e+1	3.518000000000000e-1	2.280000000000000e-2
-3.185700000000000e+1	3.433000000000000e-1	2.250000000000000e-2
-3.149500000000000e+1	3.079000000000000e-1	2.140000000000000e-2
-3.114000000000000e+1	3.185000000000000e-1	2.180000000000000e-2
-3.078900000000000e+1	3.682000000000000e-1	2.350000000000000e-2
-3.044400000000000e+1	3.414000000000000e-1	2.270000000000000e-2
-3.010400000000000e+1	3.310000000000000e-1	2.240000000000000e-2
-2.976900000000000e+1	3.128000000000000e-1	2.180000000000000e-2
-2.943900000000000e+1	3.389000100000000e-1	2.280000000000000e-2
-2.911400000000000e+1	3.252000000000000e-1	2.240000000000000e-2
-2.879400000000000e+1	3.299000000000000e-1	2.260000000000000e-2
-2.847900000000000e+1	3.253000000000000e-1	2.250000000000000e-2
-2.816800000000000e+1	3.692000000000000e-1	2.400000000000000e-2
-2.786200000000000e+1	3.380000000000000e-1	2.300000000000000e-2
-2.756000000000000e+1	3.443000000000000e-1	2.330000000000000e-2
-2.726300000000000e+1	3.254000000000000e-1	2.270000000000000e-2
-2.697000000000000e+1	3.652000000000000e-1	2.410000000000000e-2
-2.668100000000000e+1	3.574000000000000e-1	2.390000000000000e-2
-2.639600000000000e+1	3.623000000000000e-1	2.420000000000000e-2
-2.611600000000000e+1	3.381000000000000e-1	2.340000000000000e-2
-2.583900000000000e+1	3.609000000000000e-1	2.420000000000000e-2
-2.556600000000000e+1	3.299000000000000e-1	2.320000000000000e-2
-2.529700000000000e+1	3.725000000000000e-1	2.470000000000000e-2
-2.503200000000000e+1	3.264000000000000e-1	2.320000000000000e-2
-2.477000000000000e+1	3.793000000000000e-1	2.510000000000000e-2
-2.451200000000000e+1	3.661000000000000e-1	2.470000000000000e-2
-2.425700000000000e+1	3.561000000000000e-1	2.440000000000000e-2
-2.400600000000000e+1	3.778000000000000e-1	2.520000000000000e-2
-2.375900000000000e+1	3.745000000000000e-1	2.510000000000000e-2
-2.351500000000000e+1	3.728000000000000e-1	2.510000000000000e-2
-2.327400000000000e+1	3.575000000000000e-1	2.470000000000000e-2
-2.303600000000000e+1	3.847000000000000e-1	2.570000000000000e-2
-2.280200000000000e+1	3.710000000000000e-1	2.520000000000000e-2
-2.257000000000000e+1	4.106000000000000e-1	2.660000000000000e-2
-2.234200000000000e+1	3.587000000000000e-1	2.490000000000000e-2
-2.211700000000000e+1	3.185000000000000e-1	2.350000000000000e-2
-2.189400000000000e+1	4.091000000000000e-1	2.670000000000000e-2
-2.167500000000000e+1	3.775000000000000e-1	2.570000000000000e-2
-2.145800000000000e+1	3.651000000000000e-1	2.540000000000000e-2
-2.124400000000000e+1	3.950000000000000e-1	2.650000000000000e-2
-2.103300000000000e+1	3.861000000000000e-1	2.620000000000000e-2
-2.082500000000000e+1	3.806000000000000e-1	2.610000000000000e-2
-2.061900000000000e+1	3.876000000000000e-1	2.640000000000000e-2
-2.041600000000000e+1	3.730000000000000e-1	2.590000000000000e-2
-2.021600000000000e+1	4.199000000000000e-1	2.760000000000000e-2
-2.001800000000000e+1	4.089000000000000e-1	2.730000000000000e-2
-1.982300000000000e+1	4.125000000000000e-1	2.740000000000000e-2
-1.963000000000000e+1	3.830000000000000e-1	2.650000000000000e-2
-1.943900000000000e+1	3.681000000000000e-1	2.600000000000000e-2
-1.925100000000000e+1	3.752000000000000e-1	2.630000000000000e-2
-1.906500000000000e+1	3.545000000000000e-1	2.560000000000000e-2
-1.888100000000000e+1	3.839000000000000e-1	2.670000000000000e-2
-1.870000000000000e+1	4.416000000000000e-1	2.870000000000000e-2
-1.852100000000000e+1	4.321000000000000e-1	2.850000000000000e-2
-1.834400000000000e+1	3.886000000000000e-1	2.710000000000000e-2
-1.816900000000000e+1	3.902000000000000e-1	2.720000000000000e-2
-1.799700000000000e+1	3.670000000000000e-1	2.640000000000000e-2
-1.782600000000000e+1	4.335000000000000e-1	2.880000000000000e-2
-1.765800000000000e+1	4.256000000000000e-1	2.860000000000000e-2
-1.749100000000000e+1	3.811000000000000e-1	2.710000000000000e-2
-1.732700000000000e+1	3.363000000000000e-1	2.550000000000000e-2
-1.716400000000000e+1	3.900000000000000e-1	2.750000000000000e-2
-1.700300000000000e+1	4.168000000000000e-1	2.850000000000000e-2
-1.684400000000000e+1	3.872000000000000e-1	2.750000000000000e-2
-1.668800000000000e+1	3.887000000000000e-1	2.760000000000000e-2
-1.653200000000000e+1	4.336000000000000e-1	2.920000000000000e-2
-1.637900000000000e+1	4.155000000000000e-1	2.870000000000000e-2
-1.622800000000000e+1	4.429000000000000e-1	2.970000000000000e-2
-1.607800000000000e+1	4.087000000000000e-1	2.850000000000000e-2
-1.593000000000000e+1	4.303000000000000e-1	2.930000000000000e-2
-1.578300000000000e+1	4.320000000000000e-1	2.950000000000000e-2
-1.563900000000000e+1	3.933000000000000e-1	2.820000000000000e-2
-1.549600000000000e+1	4.434000000000000e-1	3.000000000000000e-2
-1.535400000000000e+1	4.308000000000000e-1	2.960000000000000e-2
-1.521400000000000e+1	4.304000000000000e-1	2.960000000000000e-2
-1.507600000000000e+1	4.136000000000000e-1	2.910000000000000e-2
-1.493900000000000e+1	3.843000000000000e-1	2.810000000000000e-2
-1.480400000000000e+1	4.394000000000000e-1	3.010000000000000e-2
-1.467000000000000e+1	3.831000000000000e-1	2.820000000000000e-2
-1.453800000000000e+1	4.094000000000000e-1	2.920000000000000e-2
-1.440700000000000e+1	4.172000000000000e-1	2.950000000000000e-2
-1.427800000000000e+1	4.250000000000000e-1	2.980000000000000e-2
-1.415000000000000e+1	4.140000000000000e-1	2.950000000000000e-2
-1.402300000000000e+1	4.682000000000000e-1	3.140000000000000e-2
-1.389800000000000e+1	5.016000000000001e-1	3.260000000000000e-2
-1.377500000000000e+1	3.866000000000000e-1	2.870000000000000e-2
-1.365200000000000e+1	4.051000000000000e-1	2.940000000000000e-2
-1.353100000000000e+1	4.023000000000000e-1	2.930000000000000e-2
-1.341100000000000e+1	3.779000000000000e-1	2.850000000000000e-2
-1.329200000000000e+1	4.547000000000000e-1	3.130000000000000e-2
-1.317500000000000e+1	4.369000000000000e-1	3.070000000000000e-2
-1.305900000000000e+1	5.079000000000000e-1	3.320000000000000e-2
-1.294400000000000e+1	4.400000000000000e-1	3.100000000000000e-2
-1.283000000000000e+1	4.874000000000000e-1	3.260000000000000e-2
-1.271800000000000e+1	4.409000000000000e-1	3.110000000000000e-2
-1.260700000000000e+1	3.764000000000000e-1	2.880000000000000e-2
-1.249700000000000e+1	3.689000000000000e-1	2.850000000000000e-2
-1.238800000000000e+1	4.433000000000000e-1	3.130000000000000e-2
-1.228000000000000e+1	4.026000000000000e-1	2.990000000000000e-2
-1.217300000000000e+1	4.508000000000000e-1	3.170000000000000e-2
-1.206700000000000e+1	4.636000000000000e-1	3.220000000000000e-2
-1.196300000000000e+1	4.292000000000000e-1	3.110000000000000e-2
-1.185900000000000e+1	4.803000000000000e-1	3.290000000000000e-2
-1.175700000000000e+1	4.412000000000000e-1	3.160000000000000e-2
-1.165500000000000e+1	4.586000000000000e-1	3.230000000000000e-2
-1.155500000000000e+1	3.485000100000000e-1	2.820000000000000e-2
-1.145600000000000e+1	4.959000000000000e-1	3.370000000000000e-2
-1.135700000000000e+1	4.540000000000000e-1	3.230000000000000e-2
-1.126000000000000e+1	4.625000000000000e-1	3.260000000000000e-2
-1.116300000000000e+1	4.109000000000000e-1	3.080000000000000e-2
-1.106800000000000e+1	4.192000000000000e-1	3.120000000000000e-2
-1.097300000000000e+1	4.671000000000000e-1	3.290000000000000e-2
-1.088000000000000e+1	4.453000000000000e-1	3.220000000000000e-2
-1.078700000000000e+1	3.883000000000000e-1	3.010000000000000e-2
-1.069500000000000e+1	4.248000000000000e-1	3.160000000000000e-2
-1.060400000000000e+1	4.803000000000000e-1	3.360000100000000e-2
-1.051400000000000e+1	4.937000000000000e-1	3.410000000000000e-2
-1.042500000000000e+1	4.834000000000000e-1	3.380000100000000e-2
-1.033700000000000e+1	4.612000000000000e-1	3.310000000000000e-2
-1.025000000000000e+1	4.508000000000000e-1	3.280000000000000e-2
-1.016300000000000e+1	4.546000000000000e-1	3.300000000000000e-2
-1.007700000000000e+1	4.417000000000000e-1	3.260000000000000e-2
-9.992000000000002e+0	4.383000000000000e-1	3.250000000000000e-2
-9.908000000000000e+0	4.469000000000000e-1	3.290000000000000e-2
-9.825000000000000e+0	5.308000000000001e-1	3.590000000000000e-2
-9.742000000000002e+0	4.789000000000000e-1	3.410000000000000e-2
-9.661000000000000e+0	4.634000000000000e-1	3.360000100000000e-2
-9.580000000000000e+0	4.453000000000000e-1	3.300000000000000e-2
-9.499000000000000e+0	4.810000000000000e-1	3.440000000000000e-2
-9.420000000000000e+0	4.234000000000000e-1	3.230000000000000e-2
-9.341000000000000e+0	5.112000000000000e-1	3.550000100000000e-2
-9.263000000000000e+0	4.955000000000000e-1	3.500000000000000e-2
-9.186000000000000e+0	4.299000000000000e-1	3.270000000000000e-2
-9.109000000000000e+0	4.387000000000000e-1	3.310000000000000e-2
-9.033000000000000e+0	4.400000000000000e-1	3.320000000000000e-2
-8.958000000000000e+0	4.966000000000000e-1	3.530000000000000e-2
-8.884000000000000e+0	4.528000000000000e-1	3.380000100000000e-2
-8.810000000000000e+0	4.819000000000000e-1	3.490000000000000e-2
-8.737000000000000e+0	5.214000000000000e-1	3.630000000000000e-2
-8.664000000000000e+0	4.493000000000000e-1	3.380000100000000e-2
-8.592000000000000e+0	4.303000000000000e-1	3.310000000000000e-2
-8.521000000000000e+0	4.929000000000000e-1	3.550000100000000e-2
-8.451000000000000e+0	5.225999999999999e-1	3.660000000000000e-2
-8.381000000000000e+0	5.062000000000000e-1	3.610000000000000e-2
-8.311000000000000e+0	5.412000000000000e-1	3.730000000000000e-2
-8.243000000000000e+0	4.575000000000000e-1	3.440000000000000e-2
-8.175000000000000e+0	4.874000000000000e-1	3.550000100000000e-2
-8.107000000000000e+0	5.382000000000000e-1	3.740000000000000e-2
-8.039999999999998e+0	5.527999999999999e-1	3.800000000000000e-2
-7.974000000000000e+0	4.394000000000000e-1	3.390000000000000e-2
-7.908000000000000e+0	4.826000000000000e-1	3.560000000000000e-2
-7.843000000000000e+0	4.762000000000000e-1	3.540000000000000e-2
-7.779000000000000e+0	4.986000000000000e-1	3.630000000000000e-2
-7.715000000000000e+0	5.080000000000000e-1	3.670000000000000e-2
-7.651000000000000e+0	4.564000000000000e-1	3.480000100000000e-2
-7.588000000000000e+0	4.604000000000000e-1	3.500000000000000e-2
-7.526000000000000e+0	4.698000000000000e-1	3.540000000000000e-2
-7.464000000000000e+0	4.417000000000000e-1	3.440000000000000e-2
-7.403000000000000e+0	5.074000000000000e-1	3.690000000000000e-2
-7.342000000000000e+0	4.684000000000000e-1	3.550000100000000e-2
-7.282000000000000e+0	5.777000000000000e-1	3.950000000000000e-2
-7.222000000000000e+0	4.657000000000000e-1	3.550000100000000e-2
-7.163000000000000e+0	4.860000000000000e-1	3.630000000000000e-2
-7.104000000000000e+0	5.145999999999999e-1	3.740000000000000e-2
-7.046000000000000e+0	4.751000000000000e-1	3.600000100000000e-2
-6.988000000000001e+0	5.504000000000000e-1	3.880000000000000e-2
-6.931000000000000e+0	4.860000000000000e-1	3.650000000000000e-2
-6.874000000000000e+0	4.874000000000000e-1	3.660000000000000e-2
-6.818000000000000e+0	4.749000000000000e-1	3.620000000000000e-2
-6.762000099999999e+0	5.316000000000000e-1	3.840000000000000e-2
-6.707000000000000e+0	5.220000000000000e-1	3.810000000000000e-2
-6.652000000000000e+0	5.123000000000000e-1	3.780000000000000e-2
-6.597000000000001e+0	4.662000000000000e-1	3.610000000000000e-2
-6.543000000000000e+0	5.179000000000000e-1	3.810000000000000e-2
-6.490000000000000e+0	5.024999999999999e-1	3.760000000000000e-2
-6.437000000000000e+0	5.179000000000000e-1	3.820000000000000e-2
-6.384000000000000e+0	5.052000000000000e-1	3.780000000000000e-2
-6.332000000000000e+0	5.094000000000000e-1	3.800000000000000e-2
-6.280000000000000e+0	5.420000000000000e-1	3.920000000000000e-2
-6.228000000000000e+0	5.377999999999999e-1	3.910000000000000e-2
-6.177000000000000e+0	5.278000000000001e-1	3.880000000000000e-2
-6.127000000000000e+0	5.550000000000001e-1	3.980000000000000e-2
-6.076000000000000e+0	5.278000000000001e-1	3.890000000000000e-2
-6.027000000000000e+0	5.004999999999999e-1	3.790000000000000e-2
-5.977000000000000e+0	5.335000000000000e-1	3.920000000000000e-2
-5.928000000000000e+0	5.320000000000000e-1	3.920000000000000e-2
-5.878999999999999e+0	5.074000000000000e-1	3.840000000000000e-2
-5.831000000000001e+0	5.494000000000000e-1	4.000000000000000e-2
-5.783000000000000e+0	4.663000000000000e-1	3.690000000000000e-2
-5.736000000000000e+0	5.406000000000000e-1	3.970000000000000e-2
-5.689000000000000e+0	6.124000000000001e-1	4.240000000000000e-2
-5.642000000000000e+0	5.846000000000000e-1	4.140000000000000e-2
-5.596000000000000e+0	5.272000000000000e-1	3.940000000000000e-2
-5.550000000000000e+0	4.341000000000000e-1	3.580000000000000e-2
-5.503999999999999e+0	4.737000000000000e-1	3.740000000000000e-2
-5.459000000000000e+0	5.134999999999999e-1	3.900000000000000e-2
-5.414000000000000e+0	5.446000000000000e-1	4.030000000000000e-2
-5.369000000000000e+0	4.744000000000000e-1	3.760000000000000e-2
-5.325000000000000e+0	5.474000000000000e-1	4.050000000000000e-2
-5.281000000000000e+0	5.397999999999999e-1	4.020000000000000e-2
-5.237000000000000e+0	5.262000000000000e-1	3.980000000000000e-2
-5.194000000000000e+0	5.245000000000000e-1	3.980000000000000e-2
-5.151000000000000e+0	4.986000000000000e-1	3.880000000000000e-2
-5.108000000000000e+0	5.484000000000000e-1	4.080000000000000e-2
-5.066000000000000e+0	5.163000000000000e-1	3.960000000000000e-2
-5.024000000000000e+0	4.994000000000000e-1	3.900000000000000e-2
-4.983000000000000e+0	5.190000000000000e-1	3.980000000000000e-2
-4.941000000000000e+0	4.958000000000000e-1	3.900000000000000e-2
-4.900000000000000e+0	5.124000000000000e-1	3.970000000000000e-2
-4.859000000000000e+0	4.921000000000000e-1	3.890000000000000e-2
-4.819000000000000e+0	5.242000000000000e-1	4.020000000000000e-2
-4.779000000000000e+0	4.667000000000000e-1	3.800000000000000e-2
-4.739000000000000e+0	5.082000000000000e-1	3.970000000000000e-2
-4.700000000000000e+0	4.597000000000000e-1	3.780000000000000e-2
-4.660000000000000e+0	6.041000000000000e-1	4.340000000000000e-2
-4.621000000000001e+0	5.775000000000000e-1	4.250000000000000e-2
-4.583000000000000e+0	5.038000000000000e-1	3.970000000000000e-2
-4.543999999999999e+0	5.208000000000001e-1	4.040000000000000e-2
-4.506000000000000e+0	5.440000000000000e-1	4.140000000000000e-2
-4.468000000000000e+0	6.368000000000000e-1	4.480000000000000e-2
-4.431000000000000e+0	5.499000000000001e-1	4.170000000000000e-2
-4.394000000000000e+0	5.955000000000000e-1	4.340000000000000e-2
-4.357000000000000e+0	5.779000000000000e-1	4.280000000000000e-2
-4.320000000000000e+0	6.239000000000000e-1	4.460000000000000e-2
-4.283000000000000e+0	6.158000000000000e-1	4.430000000000000e-2
-4.247000000000000e+0	6.685000000000000e-1	4.620000000000000e-2
-4.211000000000000e+0	5.611000000000001e-1	4.240000000000000e-2
-4.176000000000000e+0	5.946000000000000e-1	4.370000000000000e-2
-4.140000000000000e+0	5.508999999999999e-1	4.210000000000000e-2
-4.105000000000001e+0	5.845000000000000e-1	4.340000000000000e-2
-4.070000000000000e+0	5.826000000000000e-1	4.340000000000000e-2
-4.035000000000000e+0	6.327000000000001e-1	4.530000000000000e-2
-4.001000000000000e+0	6.309000000000000e-1	4.530000000000000e-2
-3.967000000000000e+0	6.161000000000000e-1	4.480000000000000e-2
-3.933000000000000e+0	6.176000000000000e-1	4.490000000000000e-2
-3.899000000000000e+0	5.535000000000000e-1	4.260000000000000e-2
-3.866000000000000e+0	5.647000000000000e-1	4.310000000000000e-2
-3.832000000000000e+0	6.515000000000000e-1	4.630000000000000e-2
-3.799000000000000e+0	6.563000000000000e-1	4.650000000000000e-2
-3.766000000000000e+0	5.752000000000001e-1	4.360000000000000e-2
-3.734000000000000e+0	6.031000000000000e-1	4.470000000000000e-2
-3.702000000000000e+0	7.373000000000000e-1	4.950000000000000e-2
-3.669000000000000e+0	5.859000000000000e-1	4.420000000000000e-2
-3.638000000000000e+0	6.940000099999999e-1	4.810000000000000e-2
-3.606000000000000e+0	5.719000000000000e-1	4.370000000000000e-2
-3.574000000000000e+0	6.000000000000000e-1	4.480000000000000e-2
-3.543000000000000e+0	6.282000000000000e-1	4.590000000000000e-2
-3.512000000000000e+0	6.735000000000000e-1	4.760000000000000e-2
-3.481000000000000e+0	5.872000000000001e-1	4.450000000000000e-2
-3.451000000000000e+0	6.664000000000000e-1	4.750000000000000e-2
-3.420000000000000e+0	6.374000000000000e-1	4.650000000000000e-2
-3.390000000000000e+0	6.388000000000000e-1	4.660000000000000e-2
-3.360000000000000e+0	6.709000000000001e-1	4.780000000000000e-2
-3.330000000000000e+0	6.349000000000000e-1	4.650000000000000e-2
-3.301000000000000e+0	6.739000000000001e-1	4.800000000000000e-2
-3.271000000000000e+0	6.549000000000000e-1	4.740000000000000e-2
-3.242000000000000e+0	7.354000000000000e-1	5.030000000000000e-2
-3.213000000000000e+0	7.680000000000000e-1	5.140000000000000e-2
-3.184000000000000e+0	7.041000099999999e-1	4.930000000000000e-2
-3.156000000000000e+0	7.645000000000000e-1	5.140000000000000e-2
-3.127000000000000e+0	8.009000000000000e-1	5.270000000000000e-2
-3.099000000000000e+0	6.845000000000000e-1	4.880000000000000e-2
-3.071000000000000e+0	6.477000000000001e-1	4.750000000000000e-2
-3.043000000000000e+0	7.294000000000000e-1	5.050000000000000e-2
-3.016000000000000e+0	6.401000000000000e-1	4.730000000000000e-2
-2.988000000000000e+0	6.765000000000000e-1	4.870000000000000e-2
-2.961000000000000e+0	6.675000000000000e-1	4.840000000000000e-2
-2.934000000000000e+0	6.619000000000001e-1	4.830000000000000e-2
-2.907000000000000e+0	6.845000000000000e-1	4.910000000000000e-2
-2.880000000000000e+0	7.001000099999999e-1	4.980000000000000e-2
-2.853000000000000e+0	6.379000000000000e-1	4.750000000000000e-2
-2.827000000000000e+0	7.493000000000000e-1	5.160000000000000e-2
-2.801000000000000e+0	7.367000000000000e-1	5.120000000000000e-2
-2.774000000000000e+0	7.062000000000001e-1	5.020000000000000e-2
-2.749000000000000e+0	7.328000000000000e-1	5.120000000000000e-2
-2.723000000000000e+0	7.845000000000000e-1	5.300000000000000e-2
-2.697000000000000e+0	6.856000000000000e-1	4.960000000000000e-2
-2.672000000000000e+0	7.123000000000001e-1	5.060000000000000e-2
-2.646000000000000e+0	6.596999999999999e-1	4.880000000000000e-2
-2.621000000000000e+0	6.900000099999999e-1	4.990000000000000e-2
-2.596000000000000e+0	7.277000000000000e-1	5.130000000000000e-2
-2.572000000000000e+0	7.583000000000000e-1	5.240000000000000e-2
-2.547000000000000e+0	6.143999999999999e-1	4.730000000000000e-2
-2.522000000000000e+0	7.141000099999999e-1	5.100000000000000e-2
-2.498000000000000e+0	6.901000000000001e-1	5.020000000000000e-2
-2.474000000000000e+0	6.623000000000000e-1	4.920000000000000e-2
-2.450000000000000e+0	6.490000000000000e-1	4.880000000000000e-2
-2.426000000000000e+0	7.348000000000000e-1	5.200000000000000e-2
-2.402000000000000e+0	7.548000000000000e-1	5.270000000000000e-2
-2.379000000000000e+0	7.268000000000000e-1	5.180000000000000e-2
-2.355000000000000e+0	6.877000000000000e-1	5.040000000000000e-2
-2.332000000000000e+0	7.262000000000000e-1	5.190000000000000e-2
-2.309000000000000e+0	7.574000000000000e-1	5.300000000000000e-2
-2.286000000000000e+0	8.073000000000000e-1	5.480000000000000e-2
-2.263000000000000e+0	7.158000000000000e-1	5.170000000000000e-2
-2.240000000000000e+0	7.359000000000000e-1	5.240000000000000e-2
-2.218000000000000e+0	7.224000000000000e-1	5.200000000000000e-2
-2.195000000000000e+0	6.114000000000001e-1	4.790000000000000e-2
-2.173000000000000e+0	7.066000000000000e-1	5.150000000000000e-2
-2.151000000000000e+0	7.156000000000000e-1	5.190000000000000e-2
-2.129000000000000e+0	7.133000000000001e-1	5.190000000000000e-2
-2.107000000000000e+0	6.314999999999999e-1	4.890000000000000e-2
-2.085000000000000e+0	7.579000000000000e-1	5.360000000000000e-2
-2.064000000000000e+0	7.062000000000001e-1	5.180000000000000e-2
-2.042000000000000e+0	7.457000000000000e-1	5.330000000000000e-2
-2.021000000000000e+0	7.472000000000000e-1	5.340000000000000e-2
-1.999000000000000e+0	7.220000000000000e-1	5.250000000000000e-2
-1.978000000000000e+0	7.119000000000000e-1	5.220000000000000e-2
-1.957000000000000e+0	6.635000000000000e-1	5.040000000000000e-2
-1.936000000000000e+0	7.648000000000000e-1	5.420000000000000e-2
-1.916000000000000e+0	6.545999999999999e-1	5.020000000000000e-2
-1.895000000000000e+0	6.058000000000000e-1	4.830000000000000e-2
-1.875000000000000e+0	6.031000000000000e-1	4.830000000000000e-2
-1.854000000000000e+0	6.663000000000000e-1	5.080000000000000e-2
-1.834000000000000e+0	6.715000000000000e-1	5.100000000000000e-2
-1.814000000000000e+0	6.961000000000001e-1	5.200000000000000e-2
-1.794000000000000e+0	8.183000000000000e-1	5.650000000000000e-2
-1.774000000000000e+0	7.848000000000000e-1	5.540000000000000e-2
-1.754000000000000e+0	7.511000000000000e-1	5.420000000000000e-2
-1.735000000000000e+0	7.722000000000000e-1	5.500000000000000e-2
-1.715000000000000e+0	6.598000000000001e-1	5.090000000000000e-2
-1.696000000000000e+0	8.146000000000000e-1	5.660000000000000e-2
-1.676000000000000e+0	8.989000000000000e-1	5.950000000000000e-2
-1.657000000000000e+0	8.809000000000000e-1	5.900000000000000e-2
-1.638000000000000e+0	8.233000000000000e-1	5.710000000000000e-2
-1.619000000000000e+0	9.002000000000000e-1	5.970000000000000e-2
-1.600000000000000e+0	9.417000000000000e-1	6.120000000000000e-2
-1.581000000000000e+0	9.714000000000000e-1	6.220000000000000e-2
-1.563000000000000e+0	1.033100000000000e+0	6.419999999999999e-2
-1.544000000000000e+0	1.131000000000000e+0	6.720000099999999e-2
-1.526000000000000e+0	1.065100000000000e+0	6.530000000000000e-2
-1.507000000000000e+0	1.151400000000000e+0	6.800000000000001e-2
-1.489000000000000e+0	1.338500000000000e+0	7.340000000000000e-2
-1.471000000000000e+0	1.365200000000000e+0	7.410000000000000e-2
-1.453000000000000e+0	1.505000000000000e+0	7.790000000000000e-2
-1.435000000000000e+0	1.560400000000000e+0	7.940000000000000e-2
-1.417000000000000e+0	1.563400000000000e+0	7.960000000000000e-2
-1.400000000000000e+0	1.736700000000000e+0	8.400000000000000e-2
-1.382000000000000e+0	1.768500000000000e+0	8.480000000000000e-2
-1.364000000000000e+0	1.621100000000000e+0	8.130000000000000e-2
-1.347000000000000e+0	1.669100000000000e+0	8.250000000000000e-2
-1.330000000000000e+0	1.680400100000000e+0	8.290000000000000e-2
-1.312000000000000e+0	1.515600000000000e+0	7.880000000000000e-2
-1.295000000000000e+0	1.567700000000000e+0	8.020000000000000e-2
-1.278000000000000e+0	1.336200000000000e+0	7.410000000000000e-2
-1.261000000000000e+0	1.417000000000000e+0	7.640000000000000e-2
-1.244000000000000e+0	1.403100000000000e+0	7.610000000000000e-2
-1.228000000000000e+0	1.476000000000000e+0	7.810000000000000e-2
-1.211000000000000e+0	1.379400000000000e+0	7.560000000000000e-2
-1.195000000000000e+0	1.336300000000000e+0	7.450000000000000e-2
-1.178000000000000e+0	1.226500000000000e+0	7.140000000000001e-2
-1.162000000000000e+0	1.249600000000000e+0	7.210000000000000e-2
-1.145000000000000e+0	1.389600000000000e+0	7.620000000000000e-2
-1.129000000000000e+0	1.559300000000000e+0	8.070000000000000e-2
-1.113000000000000e+0	1.520300000000000e+0	7.980000000000000e-2
-1.097000000000000e+0	1.607000000000000e+0	8.210000000000000e-2
-1.081000000000000e+0	1.752900000000000e+0	8.580000000000000e-2
-1.065000000000000e+0	1.852900000000000e+0	8.830000000000000e-2
-1.050000000000000e+0	1.923800000000000e+0	9.010000000000000e-2
-1.034000000000000e+0	1.766700000000000e+0	8.640000000000000e-2
-1.018000000000000e+0	1.935100000000000e+0	9.050000000000000e-2
-1.003000000000000e+0	2.227000000000000e+0	9.720000000000000e-2
-9.870000000000000e-1	2.396800000000000e+0	1.009000000000000e-1
-9.720000000000000e-1	2.388300000000000e+0	1.008000000000000e-1
-9.570000000000000e-1	2.469400000000000e+0	1.026000000000000e-1
-9.420000000000000e-1	2.798600000000000e+0	1.094000000000000e-1
-9.260000000000000e-1	2.765100000000000e+0	1.088000000000000e-1
-9.110000000000000e-1	2.872900000000000e+0	1.110000000000000e-1
-8.960000000000000e-1	2.925300000000000e+0	1.121000000000000e-1
-8.820000000000000e-1	3.016600000000000e+0	1.139000000000000e-1
-8.670000000000000e-1	2.987500000000000e+0	1.135000000000000e-1
-8.520000000000000e-1	2.884900000000000e+0	1.116000000000000e-1
-8.380000000000000e-1	3.158200000000000e+0	1.169000000000000e-1
-8.230000000000000e-1	3.259200000000000e+0	1.189000000000000e-1
-8.090000000000000e-1	3.438600000000000e+0	1.222000000000000e-1
-7.940000000000000e-1	3.496900000000000e+0	1.233000000000000e-1
-7.800000000000000e-1	3.529200000000000e+0	1.240000000000000e-1
-7.660000000000000e-1	3.631400000000000e+0	1.259000000000000e-1
-7.510000000000000e-1	3.957000000000000e+0	1.315000000000000e-1
-7.370000000000000e-1	3.771200000000000e+0	1.285000000000000e-1
-7.230000000000000e-1	4.133200000000001e+0	1.347000000000000e-1
-7.090000000000000e-1	4.540400000000000e+0	1.413000000000000e-1
-6.960000099999999e-1	4.491100000000000e+0	1.406000000000000e-1
-6.820000000000001e-1	4.715100000000000e+0	1.442000000000000e-1
-6.680000000000000e-1	4.714400000000000e+0	1.443000000000000e-1
-6.540000000000000e-1	4.784600000000000e+0	1.455000000000000e-1
-6.410000000000000e-1	4.637700000000000e+0	1.434000000000000e-1
-6.270000000000000e-1	4.636900000000000e+0	1.435000000000000e-1
-6.140000000000000e-1	4.373500000000000e+0	1.395000000000000e-1
-6.010000000000000e-1	4.621700000000000e+0	1.435000000000000e-1
-5.870000000000000e-1	4.102800000000000e+0	1.353000000000000e-1
-5.739999999999999e-1	4.378200000000000e+0	1.399000000000000e-1
-5.610000000000001e-1	4.336400000000000e+0	1.394000000000000e-1
-5.480000000000001e-1	4.545800000000000e+0	1.428000000000000e-1
-5.350000000000000e-1	4.171500000000000e+0	1.369000000000000e-1
-5.220000000000000e-1	4.439800000000000e+0	1.414000000000000e-1
-5.090000000000000e-1	4.375200000000001e+0	1.405000000000000e-1
-4.960000000000000e-1	4.509100000000000e+0	1.427000000000000e-1
-4.830000000000000e-1	4.489600000000000e+0	1.425000000000000e-1
-4.710000000000000e-1	4.501800000000000e+0	1.429000000000000e-1
-4.580000000000000e-1	4.391300000000000e+0	1.412000000000000e-1
-4.450000000000000e-1	4.153100000000000e+0	1.374000000000000e-1
-4.330000000000000e-1	4.214800000000000e+0	1.386000000000000e-1
-4.200000000000000e-1	3.843000000000000e+0	1.324000000000000e-1
-4.080000000000000e-1	3.767200000000000e+0	1.312000000000000e-1
-3.960000000000000e-1	3.681900000000000e+0	1.299000000000000e-1
-3.830000000000000e-1	3.449600000000000e+0	1.258000000000000e-1
-3.710000000000000e-1	3.570200000000000e+0	1.281000000000000e-1
-3.590000000000000e-1	3.175800000000000e+0	1.209000000000000e-1
-3.470000100000000e-1	3.102700000000000e+0	1.196000000000000e-1
-3.350000000000000e-1	3.366500000000000e+0	1.247000000000000e-1
-3.230000000000000e-1	3.210100000000000e+0	1.219000000000000e-1
-3.110000000000000e-1	3.433200000000000e+0	1.261000000000000e-1
-2.990000000000000e-1	3.336800000000000e+0	1.244000000000000e-1
-2.870000000000000e-1	3.477100000000000e+0	1.271000000000000e-1
-2.760000000000000e-1	3.604000000000000e+0	1.295000000000000e-1
-2.640000000000000e-1	3.693800000000000e+0	1.313000000000000e-1
-2.520000000000000e-1	3.784000000000000e+0	1.330000000000000e-1
-2.410000000000000e-1	3.949300000000000e+0	1.359000000000000e-1
-2.290000000000000e-1	3.998000000000000e+0	1.369000000000000e-1
-2.180000000000000e-1	4.450500000000000e+0	1.445000000000000e-1
-2.070000000000000e-1	4.707000000000000e+0	1.488000000000000e-1
-1.950000000000000e-1	4.719400000000000e+0	1.491000000000000e-1
-1.840000000000000e-1	5.076200000000000e+0	1.547000000000000e-1
-1.730000100000000e-1	5.585300000000000e+0	1.625000000000000e-1
-1.620000000000000e-1	6.115000000000000e+0	1.701000000000000e-1
-1.510000000000000e-1	8.182400000000000e+0	1.970000000000000e-1
-1.390000000000000e-1	1.420710000000000e+1	2.597000000000000e-1
-1.280000000000000e-1	3.003420000000000e+1	3.779000000000000e-1
-1.180000000000000e-1	6.650090000000000e+1	5.628000000000000e-1
-1.070000000000000e-1	1.312168000000000e+2	7.912000000000000e-1
-9.600000000000000e-2	2.341193000000000e+2	1.057800000000000e+0
-8.500000000000000e-2	3.757222000000000e+2	1.341100000000000e+0
-7.400000000000000e-2	5.463236000000001e+2	1.618400000000000e+0
-6.400000000000000e-2	7.377808000000000e+2	1.882200000000000e+0
-5.300000000000000e-2	9.130423000000000e+2	2.095600000000000e+0
-4.200000000000000e-2	1.057076600000000e+3	2.256600000000000e+0
-3.200000000000000e-2	1.145986700000000e+3	2.351500000000000e+0
-2.100000000000000e-2	1.156092000000000e+3	2.363700000000000e+0
-1.100000000000000e-2	1.096809500000000e+3	2.304100000000000e+0
-1.000000000000000e-3	9.747984000000000e+2	2.173900000000000e+0
1.000000000000000e-2	8.134644000000000e+2	1.987500000000000e+0
2.000000000000000e-2	6.351971000000000e+2	1.757600000000000e+0
3.000000000000000e-2	4.673043000000000e+2	1.508700000000000e+0
4.100000000000000e-2	3.210086000000000e+2	1.251400000000000e+0
5.100000000000000e-2	2.043997000000000e+2	9.994000000000000e-1
6.100000000000000e-2	1.222649000000000e+2	7.736000000000000e-1
7.100000099999999e-2	6.887010099999999e+1	5.810000000000000e-1
8.100000000000000e-2	3.893200000000000e+1	4.372000000000000e-1
9.100000000000000e-2	2.181730000000000e+1	3.275000000000000e-1
1.010000000000000e-1	1.388300000000000e+1	2.615000000000000e-1
1.100000000000000e-1	1.035820000000000e+1	2.260000000000000e-1
1.200000000000000e-1	8.264900000000002e+0	2.021000000000000e-1
1.300000000000000e-1	7.030900000000000e+0	1.865000000000000e-1
1.400000000000000e-1	6.749400000000000e+0	1.829000000000000e-1
1.490000000000000e-1	5.782100000000000e+0	1.694000000000000e-1
1.590000000000000e-1	5.179600000000000e+0	1.605000000000000e-1
1.690000000000000e-1	5.182600000000000e+0	1.606000000000000e-1
1.780000000000000e-1	4.811700000000000e+0	1.549000000000000e-1
1.880000000000000e-1	4.459500000000000e+0	1.492000000000000e-1
1.970000000000000e-1	4.526400000000000e+0	1.505000000000000e-1
2.070000000000000e-1	4.232800000000000e+0	1.456000000000000e-1
2.160000000000000e-1	4.229200000000000e+0	1.457000000000000e-1
2.250000000000000e-1	3.984500000000000e+0	1.415000000000000e-1
2.350000000000000e-1	4.025800000000000e+0	1.423000000000000e-1
2.440000000000000e-1	3.774900000000000e+0	1.379000000000000e-1
2.530000000000000e-1	3.528200000000000e+0	1.335000000000000e-1
2.620000000000000e-1	3.806600000000000e+0	1.387000000000000e-1
2.710000000000000e-1	3.523800000000000e+0	1.336000000000000e-1
2.800000000000000e-1	3.559600000000000e+0	1.343000000000000e-1
2.890000000000000e-1	3.361800000000000e+0	1.307000000000000e-1
2.980000000000000e-1	3.707600000000000e+0	1.373000000000000e-1
3.070000000000000e-1	3.524800000000000e+0	1.340000000000000e-1
3.160000000000000e-1	3.723900000000000e+0	1.378000000000000e-1
3.250000000000000e-1	3.269700000000000e+0	1.292000000000000e-1
3.340000000000000e-1	3.770900000000000e+0	1.389000000000000e-1
3.430000000000000e-1	3.556300100000000e+0	1.350000000000000e-1
3.520000100000000e-1	3.849000000000000e+0	1.405000000000000e-1
3.600000000000000e-1	3.901000000000000e+0	1.416000000000000e-1
3.690000000000000e-1	4.071500000000000e+0	1.448000000000000e-1
3.780000000000000e-1	3.995100000000000e+0	1.435000000000000e-1
3.860000000000000e-1	4.052700000000000e+0	1.446000000000000e-1
3.950000000000000e-1	4.343100000000000e+0	1.498000000000000e-1
4.030000000000000e-1	4.406500000000000e+0	1.511000000000000e-1
4.120000000000000e-1	4.138200000000000e+0	1.465000000000000e-1
4.200000000000000e-1	4.320900000000000e+0	1.498000000000000e-1
4.290000000000000e-1	4.472900000000000e+0	1.525000000000000e-1
4.370000000000000e-1	4.114899999999999e+0	1.464000000000000e-1
4.450000000000000e-1	4.194000000000000e+0	1.479000000000000e-1
4.540000000000000e-1	4.043400000000000e+0	1.453000000000000e-1
4.620000000000000e-1	4.378900000000000e+0	1.514000000000000e-1
4.700000000000000e-1	4.165300000000000e+0	1.477000000000000e-1
4.780000000000000e-1	4.234400000000000e+0	1.491000000000000e-1
4.860000000000000e-1	4.230100000000000e+0	1.491000000000000e-1
4.950000000000000e-1	4.252000000000000e+0	1.496000000000000e-1
5.030000000000000e-1	4.221300000000000e+0	1.492000000000000e-1
5.110000000000000e-1	4.026900000000000e+0	1.458000000000000e-1
5.190000000000000e-1	3.995800000000000e+0	1.453000000000000e-1
5.270000000000000e-1	4.176200000000000e+0	1.487000000000000e-1
5.350000000000000e-1	4.336000000000000e+0	1.516000000000000e-1
5.430000000000000e-1	4.199000000000000e+0	1.493000000000000e-1
5.500000000000001e-1	4.162500000000000e+0	1.488000000000000e-1
5.580000000000001e-1	4.338900000000000e+0	1.520000000000000e-1
5.659999999999999e-1	4.217200000000000e+0	1.499000000000000e-1
5.739999999999999e-1	4.928000000000000e+0	1.622000000000000e-1
5.820000000000000e-1	4.363000000000001e+0	1.527000000000000e-1
5.890000000000000e-1	4.503100000000000e+0	1.553000000000000e-1
5.970000000000000e-1	4.552500000000000e+0	1.562000000000000e-1
6.050000000000000e-1	4.660999999999999e+0	1.582000000000000e-1
6.120000000000000e-1	4.361100000000001e+0	1.531000000000000e-1
6.200000000000000e-1	4.480500000000000e+0	1.553000000000000e-1
6.270000000000000e-1	4.540800000000000e+0	1.565000000000000e-1
6.350000000000000e-1	4.406800000000000e+0	1.543000000000000e-1
6.420000000000000e-1	4.521200000000000e+0	1.564000000000000e-1
6.500000000000000e-1	4.256900000000000e+0	1.518000000000000e-1
6.570000000000000e-1	4.224900000000000e+0	1.514000000000000e-1
6.650000000000000e-1	3.791000000000000e+0	1.435000000000000e-1
6.720000000000001e-1	3.856200000000000e+0	1.448000000000000e-1
6.790000000000001e-1	3.910600000000000e+0	1.459000000000000e-1
6.860000000000001e-1	3.730700000000000e+0	1.426000000000000e-1
6.940000099999999e-1	3.506500000000000e+0	1.384000000000000e-1
7.010000099999999e-1	3.500500000000000e+0	1.384000000000000e-1
7.080000000000000e-1	3.708100000000000e+0	1.425000000000000e-1
7.150000000000000e-1	3.680400000000000e+0	1.421000000000000e-1
7.220000000000000e-1	3.586700000000000e+0	1.404000000000000e-1
7.300000000000000e-1	3.322100000000000e+0	1.352000000000000e-1
7.370000000000000e-1	3.436900000000000e+0	1.376000000000000e-1
7.440000000000000e-1	3.287300000000000e+0	1.347000000000000e-1
7.510000000000000e-1	3.258700000000000e+0	1.342000000000000e-1
7.580000000000000e-1	3.031000000000000e+0	1.295000000000000e-1
7.650000000000000e-1	3.112700000000000e+0	1.313000000000000e-1
7.720000000000000e-1	2.795300000000000e+0	1.245000000000000e-1
7.790000000000000e-1	3.054700000000000e+0	1.303000000000000e-1
7.850000000000000e-1	3.108900000000000e+0	1.315000000000000e-1
7.920000000000000e-1	3.074300000000000e+0	1.308000000000000e-1
7.990000000000000e-1	2.994800000000000e+0	1.292000000000000e-1
8.060000000000000e-1	2.842600000000000e+0	1.260000000000000e-1
8.130000000000000e-1	2.779400000000000e+0	1.247000000000000e-1
8.190000000000000e-1	3.018400000000000e+0	1.300000000000000e-1
8.260000000000000e-1	3.011300000000000e+0	1.300000000000000e-1
8.330000000000000e-1	2.970500000000000e+0	1.292000000000000e-1
8.390000000000000e-1	2.873400000000000e+0	1.271000000000000e-1
8.460000000000000e-1	2.708400000000000e+0	1.235000000000000e-1
8.530000000000000e-1	2.706400000000000e+0	1.235000000000000e-1
8.590000000000000e-1	2.952900000000000e+0	1.291000000000000e-1
8.660000000000000e-1	2.685500000000000e+0	1.232000000000000e-1
8.720000000000000e-1	2.649500000000000e+0	1.225000000000000e-1
8.790000000000000e-1	2.709800000000000e+0	1.239000000000000e-1
8.850000000000000e-1	2.401300000000000e+0	1.168000000000000e-1
8.920000000000000e-1	2.398800000000000e+0	1.168000000000000e-1
8.980000000000000e-1	2.498800000000000e+0	1.193000000000000e-1
9.040000000000000e-1	2.359700000000000e+0	1.160000000000000e-1
9.110000000000000e-1	2.362900000000000e+0	1.161000000000000e-1
9.170000000000000e-1	2.291700000000000e+0	1.144000000000000e-1
9.230000000000000e-1	2.146000000000000e+0	1.108000000000000e-1
9.300000000000000e-1	2.429700000000000e+0	1.180000000000000e-1
9.360000000000000e-1	2.301000000000000e+0	1.149000000000000e-1
9.420000000000000e-1	2.189100000000000e+0	1.122000000000000e-1
9.480000000000000e-1	2.249600000000000e+0	1.138000000000000e-1
9.550000000000000e-1	1.889600000000000e+0	1.043000000000000e-1
9.610000000000000e-1	2.197900000000000e+0	1.126000000000000e-1
9.670000000000000e-1	2.114200000000000e+0	1.105000000000000e-1
9.730000000000000e-1	2.053400000000000e+0	1.090000000000000e-1
9.790000000000000e-1	2.004000000000000e+0	1.077000000000000e-1
9.850000000000000e-1	1.861600000000000e+0	1.039000000000000e-1
9.910000000000000e-1	1.881500000000000e+0	1.045000000000000e-1
9.970000000000000e-1	1.761900000000000e+0	1.012000000000000e-1
1.003000000000000e+0	1.863200000000000e+0	1.042000000000000e-1
1.009000000000000e+0	1.754900000000000e+0	1.012000000000000e-1
1.015000000000000e+0	1.739700000000000e+0	1.008000000000000e-1
1.021000000000000e+0	1.666000000000000e+0	9.870000000000000e-2
1.027000000000000e+0	1.638900000000000e+0	9.790000000000000e-2
1.033000000000000e+0	1.717200000000000e+0	1.003000000000000e-1
1.039000000000000e+0	1.496500000000000e+0	9.370000000000000e-2
1.045000000000000e+0	1.516100000000000e+0	9.440000000000000e-2
1.050000000000000e+0	1.406300000000000e+0	9.100000000000000e-2
1.056000000000000e+0	1.561300000000000e+0	9.590000000000000e-2
1.062000000000000e+0	1.392200000000000e+0	9.060000000000000e-2
1.068000000000000e+0	1.648000000000000e+0	9.870000000000000e-2
1.073000000000000e+0	1.614700000000000e+0	9.770000000000000e-2
1.079000000000000e+0	1.397600000000000e+0	9.100000000000000e-2
1.085000000000000e+0	1.393500000000000e+0	9.090000000000000e-2
1.090000000000000e+0	1.460700000000000e+0	9.310000000000000e-2
1.096000000000000e+0	1.432800000000000e+0	9.230000000000000e-2
1.102000000000000e+0	1.488200000000000e+0	9.410000000000000e-2
1.107000000000000e+0	1.514000000000000e+0	9.500000000000000e-2
1.113000000000000e+0	1.420500000000000e+0	9.210000000000000e-2
1.118000000000000e+0	1.541800000000000e+0	9.600000000000000e-2
1.124000000000000e+0	1.412100000000000e+0	9.190000000000000e-2
1.129000000000000e+0	1.473900000000000e+0	9.400000000000000e-2
1.135000000000000e+0	1.307800000000000e+0	8.860000000000000e-2
1.140000000000000e+0	1.483600000000000e+0	9.440000000000000e-2
1.146000000000000e+0	1.299100000000000e+0	8.840000000000000e-2
1.151000000000000e+0	1.252600000000000e+0	8.690000000000000e-2
1.157000000000000e+0	1.254200000000000e+0	8.700000000000000e-2
1.162000000000000e+0	1.352400000000000e+0	9.040000000000000e-2
1.167000000000000e+0	1.366200000000000e+0	9.090000000000000e-2
1.173000000000000e+0	1.337600000000000e+0	9.000000000000000e-2
1.178000000000000e+0	1.309000000000000e+0	8.910000000000000e-2
1.183000000000000e+0	1.316800000000000e+0	8.940000000000000e-2
1.188000000000000e+0	1.354900000000000e+0	9.070000000000000e-2
1.194000000000000e+0	1.484300000000000e+0	9.500000000000000e-2
1.199000000000000e+0	1.212100000000000e+0	8.590000000000000e-2
1.204000000000000e+0	1.408800000000000e+0	9.270000000000000e-2
1.209000000000000e+0	1.312900000000000e+0	8.950000000000000e-2
1.215000000000000e+0	1.497900000000000e+0	9.570000000000000e-2
1.220000000000000e+0	1.505900000000000e+0	9.600000000000000e-2
1.225000000000000e+0	1.661100000000000e+0	1.009000000000000e-1
1.230000000000000e+0	1.503600000000000e+0	9.610000000000000e-2
1.235000000000000e+0	1.358000000000000e+0	9.140000000000000e-2
1.240000000000000e+0	1.550400000000000e+0	9.770000000000000e-2
1.245000000000000e+0	1.718700100000000e+0	1.029000000000000e-1
1.250000000000000e+0	1.622100000000000e+0	1.000000000000000e-1
1.255000000000000e+0	1.599400000000000e+0	9.940000000000000e-2
1.260000000000000e+0	1.576700000000000e+0	9.870000000000000e-2
1.265000000000000e+0	1.547700000000000e+0	9.790000000000000e-2
1.270000000000000e+0	1.624000000000000e+0	1.003000000000000e-1
1.275000000000000e+0	1.688100000000000e+0	1.023000000000000e-1
1.280000000000000e+0	1.596900000000000e+0	9.960000000000000e-2
1.285000000000000e+0	1.835300000000000e+0	1.069000000000000e-1
1.290000000000000e+0	1.993300000000000e+0	1.114000000000000e-1
1.295000000000000e+0	1.727600000000000e+0	1.038000000000000e-1
1.300000000000000e+0	1.860900000000000e+0	1.078000000000000e-1
1.304000000000000e+0	1.600600000000000e+0	1.000000000000000e-1
1.309000000000000e+0	1.640100000000000e+0	1.013000000000000e-1
1.314000000000000e+0	1.842600000000000e+0	1.075000000000000e-1
1.319000000000000e+0	1.637800000000000e+0	1.014000000000000e-1
1.324000000000000e+0	1.740400000000000e+0	1.046000000000000e-1
1.328000000000000e+0	1.654400000000000e+0	1.020000000000000e-1
1.333000000000000e+0	1.870600000000000e+0	1.085000000000000e-1
1.338000000000000e+0	1.753000100000000e+0	1.051000000000000e-1
1.343000000000000e+0	2.033000000000000e+0	1.133000000000000e-1
1.347000000000000e+0	1.656200000000000e+0	1.023000000000000e-1
1.352000000000000e+0	1.575900000000000e+0	9.990000000000000e-2
1.357000000000000e+0	1.577800000000000e+0	1.000000000000000e-1
1.361000000000000e+0	1.776400000000000e+0	1.062000000000000e-1
1.366000000000000e+0	1.543500000000000e+0	9.900000000000000e-2
1.370000000000000e+0	1.634400000000000e+0	1.020000000000000e-1
1.375000000000000e+0	1.846500000000000e+0	1.084000000000000e-1
1.379000000000000e+0	1.536400000000000e+0	9.900000000000000e-2
1.384000000000000e+0	1.538200000000000e+0	9.910000000000000e-2
1.389000000000000e+0	1.348300000000000e+0	9.280000000000000e-2
1.393000000000000e+0	1.554700000000000e+0	9.970000000000000e-2
1.398000000000000e+0	1.473300000000000e+0	9.710000000000000e-2
1.402000000000000e+0	1.577700000000000e+0	1.006000000000000e-1
1.407000000000000e+0	1.444700000000000e+0	9.630000000000000e-2
1.411000000000000e+0	1.620000000000000e+0	1.021000000000000e-1
1.415000000000000e+0	1.461000000000000e+0	9.700000000000000e-2
1.420000000000000e+0	1.379000000000000e+0	9.430000000000000e-2
1.424000000000000e+0	1.509700000000000e+0	9.870000000000000e-2
1.429000000000000e+0	1.543800000000000e+0	9.990000000000000e-2
1.433000000000000e+0	1.371000000000000e+0	9.420000000000000e-2
1.437000000000000e+0	1.430900000000000e+0	9.630000000000000e-2
1.442000000000000e+0	1.555800000000000e+0	1.004000000000000e-1
1.446000000000000e+0	1.408300000000000e+0	9.560000000000000e-2
1.450000000000000e+0	1.572400000000000e+0	1.011000000000000e-1
1.455000000000000e+0	1.307600000000000e+0	9.220000000000000e-2
1.459000000000000e+0	1.309100000000000e+0	9.230000000000000e-2
1.463000000000000e+0	1.382400000000000e+0	9.490000000000000e-2
1.467000000000000e+0	1.305700000000000e+0	9.230000000000000e-2
1.472000000000000e+0	1.209200000000000e+0	8.890000000000000e-2
1.476000000000000e+0	1.223700000000000e+0	8.950000000000000e-2
1.480000000000000e+0	1.506800000000000e+0	9.940000000000000e-2
1.484000000000000e+0	1.233100000000000e+0	8.990000000000000e-2
1.488000000000000e+0	1.247700000000000e+0	9.050000000000000e-2
1.493000000000000e+0	1.124200000000000e+0	8.600000000000000e-2
1.497000000000000e+0	1.303300000000000e+0	9.260000000000000e-2
1.501000000000000e+0	1.324500000000000e+0	9.340000000000000e-2
1.505000000000000e+0	1.233700000000000e+0	9.020000000000000e-2
1.509000000000000e+0	1.169100000000000e+0	8.790000000000000e-2
1.513000000000000e+0	1.296100000000000e+0	9.260000000000000e-2
1.517000000000000e+0	1.059300000000000e+0	8.370000000000000e-2
1.521000000000000e+0	1.246100000000000e+0	9.090000000000000e-2
1.525000000000000e+0	1.154600000000000e+0	8.750000000000000e-2
1.529000000000000e+0	1.043000000000000e+0	8.320000000000000e-2
1.533000000000000e+0	1.011000000000000e+0	8.200000000000000e-2
1.537000000000000e+0	1.358400000000000e+0	9.510000000000000e-2
1.541000000000000e+0	1.066600000000000e+0	8.430000000000000e-2
1.545000000000000e+0	1.168000000000000e+0	8.830000000000000e-2
1.549000000000000e+0	1.042400000000000e+0	8.350000000000000e-2
1.553000000000000e+0	1.090400000000000e+0	8.540000000000000e-2
1.557000000000000e+0	9.711000000000000e-1	8.060000000000000e-2
1.561000000000000e+0	1.072800000000000e+0	8.480000000000000e-2
1.565000000000000e+0	1.047100000000000e+0	8.380000000000000e-2
1.569000000000000e+0	1.135700000000000e+0	8.740000000000000e-2
1.573000000000000e+0	1.116800000000000e+0	8.670000000000000e-2
1.577000000000000e+0	1.172000000000000e+0	8.890000000000000e-2
1.581000000000000e+0	1.159800000000000e+0	8.840000000000000e-2
1.584000000000000e+0	1.086900000000000e+0	8.570000000000000e-2
1.588000000000000e+0	1.209800000000000e+0	9.040000000000000e-2
1.592000000000000e+0	1.265300000000000e+0	9.250000000000000e-2
1.596000000000000e+0	1.131200000000000e+0	8.750000000000000e-2
1.600000000000000e+0	1.274900000000000e+0	9.300000000000000e-2
1.603000000000000e+0	9.505000000000000e-1	8.030000000000000e-2
1.607000000000000e+0	1.033100000000000e+0	8.380000000000000e-2
1.611000000000000e+0	9.867000000000000e-1	8.190000000000000e-2
1.615000000000000e+0	1.226200000000000e+0	9.140000000000000e-2
1.618000000000000e+0	1.227600000000000e+0	9.150000000000000e-2
1.622000000000000e+0	1.133400000000000e+0	8.800000000000000e-2
1.626000000000000e+0	1.045800000000000e+0	8.450000000000000e-2
1.630000000000000e+0	1.156500000000000e+0	8.900000000000000e-2
1.633000000000000e+0	1.171500000000000e+0	8.960000000000000e-2
1.637000000000000e+0	1.097300000000000e+0	8.680000000000000e-2
1.641000000000000e+0	1.153500000000000e+0	8.900000000000000e-2
1.644000000000000e+0	1.134200000000000e+0	8.830000000000000e-2
1.648000000000000e+0	1.018400000000000e+0	8.370000000000000e-2
1.651000000000000e+0	1.178000000000000e+0	9.010000000000000e-2
1.655000000000000e+0	1.041400000000000e+0	8.470000000000000e-2
1.659000000000000e+0	9.597000000000000e-1	8.140000000000000e-2
1.662000000000000e+0	1.036800000000000e+0	8.470000000000000e-2
1.666000000000000e+0	1.100200000000000e+0	8.730000000000000e-2
1.669000000000000e+0	1.219200000000000e+0	9.190000000000000e-2
1.673000000000000e+0	1.102700000000000e+0	8.750000000000000e-2
1.676000000000000e+0	1.152500000000000e+0	8.950000000000000e-2
1.680000000000000e+0	1.146800000000000e+0	8.930000000000000e-2
1.683000000000000e+0	1.113300000000000e+0	8.800000000000000e-2
1.687000000000000e+0	1.065800000000000e+0	8.620000000000000e-2
1.690000000000000e+0	1.171500000000000e+0	9.040000000000000e-2
1.694000000000000e+0	1.228700000000000e+0	9.260000000000000e-2
1.697000000000000e+0	1.111200000000000e+0	8.810000000000000e-2
1.701000000000000e+0	1.098400000000000e+0	8.770000000000000e-2
1.704000000000000e+0	9.876000000000000e-1	8.320000000000000e-2
1.708000000000000e+0	1.072800000000000e+0	8.670000000000000e-2
1.711000000000000e+0	1.207300000000000e+0	9.210000000000000e-2
1.715000000000000e+0	1.286000000000000e+0	9.510000000000000e-2
1.718000000000000e+0	1.188900000000000e+0	9.150000000000000e-2
1.721000000000000e+0	9.226000000000000e-1	8.060000000000000e-2
1.725000000000000e+0	1.346600000000000e+0	9.740000000000000e-2
1.728000000000000e+0	1.199800000000000e+0	9.200000000000000e-2
1.731000000000000e+0	9.044000000000000e-1	7.990000000000000e-2
1.735000000000000e+0	1.103400000000000e+0	8.830000000000000e-2
1.738000000000000e+0	1.140000000000000e+0	8.980000000000000e-2
1.741000000000000e+0	1.162500000000000e+0	9.080000000000000e-2
1.745000000000000e+0	1.014700000000000e+0	8.490000000000000e-2
1.748000000000000e+0	1.143700000000000e+0	9.010000000000000e-2
1.751000100000000e+0	1.031200000000000e+0	8.560000000000000e-2
1.755000100000000e+0	1.139100000000000e+0	9.010000000000000e-2
1.758000000000000e+0	9.978000000000000e-1	8.430000000000000e-2
1.761000100000000e+0	1.141500000000000e+0	9.020000000000000e-2
1.764000000000000e+0	1.128500000000000e+0	8.980000000000000e-2
1.768000000000000e+0	1.058200000000000e+0	8.700000000000000e-2
1.771000000000000e+0	1.202500000000000e+0	9.280000000000000e-2
1.774000000000000e+0	1.117800000000000e+0	8.950000000000000e-2
1.777000000000000e+0	1.219400000000000e+0	9.350000000000000e-2
1.780000000000000e+0	1.177600000000000e+0	9.200000000000000e-2
1.784000000000000e+0	1.092600000000000e+0	8.860000000000000e-2
1.787000000000000e+0	1.079400000000000e+0	8.810000000000000e-2
1.790000000000000e+0	1.145400000000000e+0	9.080000000000000e-2
1.793000000000000e+0	1.211500000000000e+0	9.350000000000000e-2
1.796000000000000e+0	1.097300000000000e+0	8.900000000000000e-2
1.799000000000000e+0	1.235700000000000e+0	9.450000000000000e-2
1.802000000000000e+0	1.092400000000000e+0	8.890000000000000e-2
1.806000000000000e+0	1.108000000000000e+0	8.960000000000000e-2
1.809000000000000e+0	1.145400000000000e+0	9.110000000000000e-2
1.812000000000000e+0	9.434000000000000e-1	8.270000000000000e-2
1.815000000000000e+0	1.053400000000000e+0	8.750000000000000e-2
1.818000000000000e+0	9.236000000000000e-1	8.200000000000000e-2
1.821000000000000e+0	1.172100000000000e+0	9.240000000000000e-2
1.824000000000000e+0	9.766000000000000e-1	8.440000000000000e-2
1.827000000000000e+0	1.036000000000000e+0	8.690000000000000e-2
1.830000000000000e+0	9.713000000000000e-1	8.420000000000000e-2
1.833000000000000e+0	1.162400000000000e+0	9.220000000000000e-2
1.836000000000000e+0	1.083200000000000e+0	8.900000000000000e-2
1.839000000000000e+0	9.964000000000000e-1	8.540000000000000e-2
1.842000000000000e+0	1.122100000000000e+0	9.070000000000000e-2
1.845000000000000e+0	1.064500000000000e+0	8.840000000000000e-2
1.848000000000000e+0	9.554000000000000e-1	8.380000000000000e-2
1.851000000000000e+0	1.110900000000000e+0	9.040000000000000e-2
1.854000000000000e+0	1.090000000000000e+0	8.960000000000000e-2
1.857000000000000e+0	9.658000000000000e-1	8.440000000000000e-2
1.860000000000000e+0	1.276800000000000e+0	9.710000000000000e-2
1.863000000000000e+0	1.182000000000000e+0	9.340000000000000e-2
1.866000000000000e+0	1.146300000000000e+0	9.210000000000000e-2
1.869000000000000e+0	1.191900000000000e+0	9.390000000000000e-2
1.872000000000000e+0	1.126400000000000e+0	9.140000000000000e-2
1.875000000000000e+0	1.164700000000000e+0	9.300000000000000e-2
1.877000000000000e+0	1.091600000000000e+0	9.000000000000000e-2
1.880000000000000e+0	1.100200000000000e+0	9.040000000000000e-2
1.883000000000000e+0	1.041800000000000e+0	8.810000000000000e-2
1.886000000000000e+0	1.072700000000000e+0	8.940000000000000e-2
1.889000000000000e+0	1.163200000000000e+0	9.310000000000000e-2
1.892000000000000e+0	1.201800000000000e+0	9.470000000000000e-2
1.895000000000000e+0	1.270300000000000e+0	9.740000000000000e-2
1.897000000000000e+0	1.189300000000000e+0	9.430000000000000e-2
1.900000000000000e+0	1.160600000000000e+0	9.320000000000000e-2
1.903000000000000e+0	1.161800000000000e+0	9.330000000000000e-2
1.906000000000000e+0	1.238000000000000e+0	9.640000000000000e-2
1.909000000000000e+0	1.329400000000000e+0	9.990000000000000e-2
1.911000000000000e+0	1.067600000000000e+0	8.960000000000000e-2
1.914000000000000e+0	9.784000000000000e-1	8.580000000000000e-2
1.917000000000000e+0	9.793000000000000e-1	8.590000000000000e-2
1.920000000000000e+0	1.138700000000000e+0	9.270000000000000e-2
1.922000000000000e+0	1.253100000000000e+0	9.730000000000000e-2
1.925000000000000e+0	9.143000000000000e-1	8.310000000000000e-2
1.928000000000000e+0	1.233000000000000e+0	9.660000000000000e-2
1.931000000000000e+0	1.173600000000000e+0	9.430000000000000e-2
1.933000000000000e+0	1.030800000000000e+0	8.840000000000000e-2
1.936000000000000e+0	1.267100000000000e+0	9.810000000000000e-2
1.939000000000000e+0	1.086100000000000e+0	9.080000000000000e-2
1.941000000000000e+0	1.208800000000000e+0	9.590000000000000e-2
1.944000000000000e+0	1.286100000000000e+0	9.890000000000000e-2
1.947000000000000e+0	1.287400000000000e+0	9.900000000000000e-2
1.949000000000000e+0	1.182000000000000e+0	9.490000000000000e-2
1.952000000000000e+0	1.206100000000000e+0	9.590000000000000e-2
1.955000000000000e+0	1.482300000000000e+0	1.064000000000000e-1
1.957000000000000e+0	1.384400000000000e+0	1.029000000000000e-1
1.960000000000000e+0	1.194400000000000e+0	9.560000000000000e-2
1.963000000000000e+0	1.410200000000000e+0	1.040000000000000e-1
1.965000000000000e+0	1.388600000000000e+0	1.032000000000000e-1
1.968000000000000e+0	1.443700000000000e+0	1.053000000000000e-1
1.971000000000000e+0	1.368300000000000e+0	1.026000000000000e-1
1.973000000000000e+0	1.354200000000000e+0	1.021000000000000e-1
1.976000000000000e+0	1.340200000000000e+0	1.016000000000000e-1
1.978000000000000e+0	1.542000000000000e+0	1.090000000000000e-1
1.981000000000000e+0	1.265700000000000e+0	9.880000000000000e-2
1.983000000000000e+0	1.475500000000000e+0	1.068000000000000e-1
1.986000000000000e+0	1.376500000000000e+0	1.032000000000000e-1
1.989000000000000e+0	1.354600000000000e+0	1.024000000000000e-1
1.991000000000000e+0	1.565200000000000e+0	1.101000000000000e-1
1.994000000000000e+0	1.357300000000000e+0	1.026000000000000e-1
1.996000000000000e+0	1.420700000000000e+0	1.050000000000000e-1
1.999000000000000e+0	1.499900000000000e+0	1.080000000000000e-1
2.001000000000000e+0	1.571400000000000e+0	1.106000000000000e-1
2.004000000000000e+0	1.759800000000000e+0	1.171000000000000e-1
2.006000000000000e+0	1.668000000000000e+0	1.140000000000000e-1
2.009000000000000e+0	1.420000000000000e+0	1.053000000000000e-1
2.011000000000000e+0	1.437000000000000e+0	1.059000000000000e-1
2.014000000000000e+0	1.665100000000000e+0	1.141000000000000e-1
2.016000000000000e+0	1.385000000000000e+0	1.041000000000000e-1
2.019000000000000e+0	1.699700000000000e+0	1.154000000000000e-1
2.021000000000000e+0	1.560200000000000e+0	1.106000000000000e-1
2.023000000000000e+0	1.726600000000000e+0	1.164000000000000e-1
2.026000000000000e+0	1.696800000000000e+0	1.155000000000000e-1
2.028000000000000e+0	1.470500000000000e+0	1.075000000000000e-1
2.031000000000000e+0	1.645100000000000e+0	1.138000000000000e-1
2.033000000000000e+0	1.457600000000000e+0	1.072000000000000e-1
2.036000000000000e+0	1.782300000000000e+0	1.186000000000000e-1
2.038000000000000e+0	1.720900000000000e+0	1.166000000000000e-1
2.040000000000000e+0	1.517100000000000e+0	1.095000000000000e-1
2.043000000000000e+0	1.479100000000000e+0	1.082000000000000e-1
2.045000000000000e+0	1.733900000000000e+0	1.172000000000000e-1
2.047000000000000e+0	1.600800000000000e+0	1.126000000000000e-1
2.050000000000000e+0	2.046600000000000e+0	1.274000000000000e-1
2.052000000000000e+0	1.659500000000000e+0	1.148000000000000e-1
2.055000000000000e+0	2.042600000000000e+0	1.274000000000000e-1
2.057000000000000e+0	1.909300000000000e+0	1.232000000000000e-1
2.059000000000000e+0	1.799700000000000e+0	1.197000000000000e-1
2.062000000000000e+0	1.849200000000000e+0	1.214000000000000e-1
2.064000000000000e+0	2.066400000000000e+0	1.284000000000000e-1
2.066000000000000e+0	1.565300000000000e+0	1.118000000000000e-1
2.069000000000000e+0	1.974500000000000e+0	1.256000000000000e-1
2.071000000000000e+0	1.856400000000000e+0	1.219000000000000e-1
2.073000000000000e+0	2.250600000000000e+0	1.343000000000000e-1
2.075000000000000e+0	2.196600000000000e+0	1.327000000000000e-1
2.078000000000000e+0	2.327100000000000e+0	1.367000000000000e-1
2.080000000000000e+0	1.895600000000000e+0	1.234000000000000e-1
2.082000000000000e+0	1.905500000000000e+0	1.238000000000000e-1
2.085000000000000e+0	2.044100000000000e+0	1.283000000000000e-1
2.087000000000000e+0	2.021900000000000e+0	1.276000000000000e-1
2.089000000000000e+0	2.015700000000000e+0	1.275000000000000e-1
2.091000000000000e+0	1.961100000000000e+0	1.258000000000000e-1
2.094000000000000e+0	1.987300000000000e+0	1.267000000000000e-1
2.096000000000000e+0	1.884000000000000e+0	1.234000000000000e-1
2.098000000000000e+0	2.420000000000000e+0	1.400000000000000e-1
2.100000000000000e+0	2.203500000000000e+0	1.336000000000000e-1
2.102000000000000e+0	2.262400000000000e+0	1.355000000000000e-1
2.105000000000000e+0	2.077800000000000e+0	1.299000000000000e-1
2.107000000000000e+0	2.161100000000000e+0	1.325000000000000e-1
2.109000000000000e+0	2.415200000000000e+0	1.401000000000000e-1
2.111000000000000e+0	2.173300000000000e+0	1.330000000000000e-1
2.113000000000000e+0	2.061300000000000e+0	1.296000000000000e-1
2.116000000000000e+0	2.210000000000000e+0	1.343000000000000e-1
2.118000000000000e+0	2.334500000000000e+0	1.381000000000000e-1
2.120000000000000e+0	2.157000000000000e+0	1.328000000000000e-1
2.122000000000000e+0	2.347100000000000e+0	1.385000000000000e-1
2.124000000000000e+0	2.373800000000000e+0	1.394000000000000e-1
2.126000000000000e+0	2.122100000000000e+0	1.319000000000000e-1
2.129000000000000e+0	2.255300000000000e+0	1.360000000000000e-1
2.131000000000000e+0	2.232800000000000e+0	1.354000000000000e-1
2.133000000000000e+0	2.333400000000000e+0	1.385000000000000e-1
2.135000000000000e+0	2.327400000000000e+0	1.383000000000000e-1
2.137000000000000e+0	2.255500000000000e+0	1.363000000000000e-1
2.139000000000000e+0	2.397700000000000e+0	1.406000000000000e-1
2.141000000000000e+0	2.465900000000000e+0	1.426000000000000e-1
2.143000000000000e+0	2.484700000000000e+0	1.432000000000000e-1
2.146000000000000e+0	2.701800000000000e+0	1.494000000000000e-1
2.148000000000000e+0	2.216400000000000e+0	1.354000000000000e-1
2.150000000000000e+0	2.549500000000000e+0	1.453000000000000e-1
2.152000000000000e+0	2.684500000000000e+0	1.491000000000000e-1
2.154000000000000e+0	2.156200000000000e+0	1.337000000000000e-1
2.156000000000000e+0	2.481900000000000e+0	1.435000000000000e-1
2.158000000000000e+0	2.326400000000000e+0	1.390000000000000e-1
2.160000000000000e+0	2.602900000000000e+0	1.471000000000000e-1
2.162000000000000e+0	2.413900000000000e+0	1.418000000000000e-1
2.164000000000000e+0	2.366100000000000e+0	1.404000000000000e-1
2.166000000000000e+0	2.485100000000000e+0	1.440000000000000e-1
2.168000000000000e+0	2.337100000000000e+0	1.397000000000000e-1
2.170000000000000e+0	2.489600000000000e+0	1.442000000000000e-1
2.172000000000000e+0	2.441700000000000e+0	1.429000000000000e-1
2.174000000000000e+0	2.377000000000000e+0	1.411000000000000e-1
2.176000000000000e+0	2.546800000000000e+0	1.461000000000000e-1
2.178000000000000e+0	2.658100000000000e+0	1.493000000000000e-1
2.180000000000000e+0	2.383600000000000e+0	1.414000000000000e-1
2.182000000000000e+0	2.688200000000000e+0	1.503000000000000e-1
2.184000000000000e+0	2.472000000000000e+0	1.442000000000000e-1
2.186000000000000e+0	2.415400000000000e+0	1.426000000000000e-1
2.188000000000000e+0	2.358600000000000e+0	1.410000000000000e-1
2.190000000000000e+0	2.369200000000000e+0	1.413000000000000e-1
2.192000000000000e+0	2.447300000000000e+0	1.437000000000000e-1
2.194000000000000e+0	2.221400000000000e+0	1.370000000000000e-1
2.196000000000000e+0	2.536300000000000e+0	1.464000000000000e-1
2.198000000000000e+0	2.767000000000000e+0	1.530000000000000e-1
2.200000000000000e+0	2.329100000000000e+0	1.404000000000000e-1
2.202000000000000e+0	2.526200000000000e+0	1.463000000000000e-1
2.204000000000000e+0	2.630300000000000e+0	1.494000000000000e-1
2.206000000000000e+0	2.641200000000000e+0	1.498000000000000e-1
2.208000000000000e+0	2.303600000000000e+0	1.399000000000000e-1
2.210000000000000e+0	2.475800000000000e+0	1.451000000000000e-1
2.212000000000000e+0	2.469500000000000e+0	1.450000000000000e-1
2.213000000000000e+0	2.522900000000000e+0	1.466000000000000e-1
2.215000000000000e+0	2.533700000000000e+0	1.470000000000000e-1
2.217000000000000e+0	2.595700000000000e+0	1.489000000000000e-1
2.219000000000000e+0	2.606600000000000e+0	1.493000000000000e-1
2.221000000000000e+0	2.506300000000000e+0	1.464000000000000e-1
2.223000000000000e+0	2.097600000000000e+0	1.340000000000000e-1
