-4.470490000000000e+2	1.157000000000000e-1	6.900000000000000e-3
-4.307840000000000e+2	1.162000000000000e-1	7.000000000000000e-3
-4.153850000000000e+2	1.187000000000000e-1	7.100000000000001e-3
-4.007910000000000e+2	1.287000000000000e-1	7.500000000000000e-3
-3.869460000000000e+2	1.385000000000000e-1	7.800000000000000e-3
-3.738020000000000e+2	1.256000000000000e-1	7.500000000000000e-3
-3.613100000000000e+2	1.328000000000000e-1	7.800000000000000e-3
-3.494290100000000e+2	1.284000000000000e-1	7.700000000000000e-3
-3.381200000000000e+2	1.377000000000000e-1	8.100000000000000e-3
-3.273460000000000e+2	1.394000000000000e-1	8.200000000000000e-3
-3.170740000000000e+2	1.460000000000000e-1	8.500000000000000e-3
-3.072730000000000e+2	1.523000000000000e-1	8.700000000000000e-3
-2.979150000000000e+2	1.491000000000000e-1	8.700000000000000e-3
-2.889740000000000e+2	1.632000000000000e-1	9.100000000000000e-3
-2.804260000000000e+2	1.437000000000000e-1	8.700000000000000e-3
-2.722460000000000e+2	1.453000000000000e-1	8.800000000000000e-3
-2.644160000000000e+2	1.378000000000000e-1	8.600000000000000e-3
-2.569150000000000e+2	1.452000000000000e-1	8.900000000000000e-3
-2.497250000000000e+2	1.390000000000000e-1	8.800000000000000e-3
-2.428280000000000e+2	1.767000000000000e-1	9.900000000000002e-3
-2.362100000000000e+2	1.661000000000000e-1	9.700000000000000e-3
-2.298560000000000e+2	1.591000000000000e-1	9.599999999999998e-3
-2.237500000000000e+2	1.764000000000000e-1	1.010000000000000e-2
-2.178820000000000e+2	1.746000000000000e-1	1.010000000000000e-2
-2.122380000000000e+2	1.703000000000000e-1	1.010000000000000e-2
-2.068080000000000e+2	1.628000000000000e-1	9.900000000000002e-3
-2.015800000000000e+2	1.881000000000000e-1	1.070000000000000e-2
-1.965450000000000e+2	1.502000000000000e-1	9.700000000000000e-3
-1.916940000000000e+2	1.759000000000000e-1	1.050000000000000e-2
-1.870170000000000e+2	1.755000100000000e-1	1.060000000000000e-2
-1.825060000000000e+2	1.860000000000000e-1	1.090000000000000e-2
-1.781540000000000e+2	1.719000000000000e-1	1.060000000000000e-2
-1.739530000000000e+2	1.851000000000000e-1	1.100000000000000e-2
-1.698960100000000e+2	1.900000000000000e-1	1.130000000000000e-2
-1.659770000000000e+2	1.706000000000000e-1	1.070000000000000e-2
-1.621890000000000e+2	1.691000000000000e-1	1.070000000000000e-2
-1.585270000000000e+2	1.827000000000000e-1	1.120000000000000e-2
-1.549860000000000e+2	1.736000000000000e-1	1.100000000000000e-2
-1.515590000000000e+2	1.699000000000000e-1	1.090000000000000e-2
-1.482430000000000e+2	1.967000000000000e-1	1.180000000000000e-2
-1.450320000000000e+2	2.045000000000000e-1	1.210000000000000e-2
-1.419220000000000e+2	1.820000000000000e-1	1.150000000000000e-2
-1.389080000000000e+2	1.905000000000000e-1	1.180000000000000e-2
-1.359880000000000e+2	2.029000000000000e-1	1.230000000000000e-2
-1.331570000000000e+2	1.952000000000000e-1	1.210000000000000e-2
-1.304110000000000e+2	1.874000000000000e-1	1.190000000000000e-2
-1.277470000000000e+2	2.107000000000000e-1	1.270000000000000e-2
-1.251620000000000e+2	1.857000000000000e-1	1.200000000000000e-2
-1.226530000000000e+2	2.071000000000000e-1	1.270000000000000e-2
-1.202160000000000e+2	2.092000000000000e-1	1.280000000000000e-2
-1.178500000000000e+2	2.208000000000000e-1	1.330000000000000e-2
-1.155510000000000e+2	2.108000000000000e-1	1.300000000000000e-2
-1.133170000000000e+2	2.274000000000000e-1	1.360000000000000e-2
-1.111450000000000e+2	2.337000000000000e-1	1.380000000000000e-2
-1.090340000000000e+2	2.028000000000000e-1	1.300000000000000e-2
-1.069800000000000e+2	2.264000000000000e-1	1.380000000000000e-2
-1.049820000000000e+2	2.048000000000000e-1	1.310000000000000e-2
-1.030380000000000e+2	2.144000000000000e-1	1.350000000000000e-2
-1.011460000000000e+2	2.395000000000000e-1	1.430000000000000e-2
-9.930400000000000e+1	2.260000000000000e-1	1.400000000000000e-2
-9.751000000000000e+1	2.289000000000000e-1	1.410000000000000e-2
-9.576300000000000e+1	2.283000000000000e-1	1.420000000000000e-2
-9.406100000000000e+1	2.569000000000000e-1	1.510000000000000e-2
-9.240200000000000e+1	2.242000000000000e-1	1.420000000000000e-2
-9.078600000000000e+1	2.424000000000000e-1	1.480000000000000e-2
-8.921000000000000e+1	2.353000000000000e-1	1.460000000000000e-2
-8.767300000000000e+1	2.299000000000000e-1	1.450000000000000e-2
-8.617500000000000e+1	2.356000000000000e-1	1.480000000000000e-2
-8.471300000000000e+1	2.497000000000000e-1	1.530000000000000e-2
-8.328600000000000e+1	2.611000000000000e-1	1.570000000000000e-2
-8.189500000000000e+1	2.519000000000000e-1	1.550000000000000e-2
-8.053600000000000e+1	2.491000000000000e-1	1.540000000000000e-2
-7.920900000000000e+1	2.231000000000000e-1	1.470000000000000e-2
-7.791400000000000e+1	2.132000000000000e-1	1.440000000000000e-2
-7.664900000000000e+1	2.256000000000000e-1	1.490000000000000e-2
-7.541400000000000e+1	2.442000000000000e-1	1.550000000000000e-2
-7.420700000000000e+1	2.551000000000000e-1	1.590000000000000e-2
-7.302700000000000e+1	2.500000000000000e-1	1.580000000000000e-2
-7.187400099999999e+1	2.509000000000000e-1	1.590000000000000e-2
-7.074800000000001e+1	2.742000000000000e-1	1.670000000000000e-2
-6.964600000000000e+1	2.496000000000000e-1	1.600000000000000e-2
-6.856800000000000e+1	2.597000000000000e-1	1.640000000000000e-2
-6.751500000000000e+1	2.523000000000000e-1	1.620000000000000e-2
-6.648399999999999e+1	2.489000000000000e-1	1.620000000000000e-2
-6.547600000000000e+1	2.581000000000000e-1	1.650000000000000e-2
-6.448900000000001e+1	2.642000000000000e-1	1.680000100000000e-2
-6.352400000000000e+1	2.554000000000000e-1	1.660000000000000e-2
-6.257900000000000e+1	2.432000000000000e-1	1.620000000000000e-2
-6.165400000000000e+1	2.841000000000000e-1	1.760000000000000e-2
-6.074800000000000e+1	2.653000000000000e-1	1.710000000000000e-2
-5.986100000000000e+1	2.506000000000000e-1	1.660000000000000e-2
-5.899300000000000e+1	2.556000000000000e-1	1.690000100000000e-2
-5.814200000000000e+1	2.943000000000000e-1	1.820000000000000e-2
-5.730800000000000e+1	2.738000000000000e-1	1.760000000000000e-2
-5.649200000000000e+1	2.700000000000000e-1	1.750000000000000e-2
-5.569200000000000e+1	2.696000000000000e-1	1.750000000000000e-2
-5.490700000000000e+1	2.898000000000000e-1	1.830000000000000e-2
-5.413900000000000e+1	2.651000000000000e-1	1.750000000000000e-2
-5.338500000000000e+1	3.030000000000000e-1	1.880000000000000e-2
-5.264600000000000e+1	2.792000000000000e-1	1.810000000000000e-2
-5.192200000000000e+1	2.904000000000000e-1	1.850000000000000e-2
-5.121100000000000e+1	3.089000000000000e-1	1.920000000000000e-2
-5.051400000000000e+1	2.906000000000000e-1	1.860000000000000e-2
-4.983100000000000e+1	2.949000000000000e-1	1.880000000000000e-2
-4.916000000000000e+1	3.149000000000000e-1	1.950000000000000e-2
-4.850200000000000e+1	2.779000000000000e-1	1.840000000000000e-2
-4.785700000000000e+1	2.919000000000000e-1	1.890000000000000e-2
-4.722300000000000e+1	2.901000000000000e-1	1.890000000000000e-2
-4.660100000000000e+1	3.204000000000000e-1	1.990000000000000e-2
-4.599000000000000e+1	3.087000000000000e-1	1.960000000000000e-2
-4.539100000000000e+1	2.766000000000000e-1	1.860000000000000e-2
-4.480200000000000e+1	2.935000000000000e-1	1.930000000000000e-2
-4.422400000000000e+1	3.003000000000000e-1	1.950000000000000e-2
-4.365700000000000e+1	3.278000000000000e-1	2.050000000000000e-2
-4.309900000000000e+1	3.143000000000000e-1	2.010000000000000e-2
-4.255200000000000e+1	3.434000000000000e-1	2.110000000000000e-2
-4.201400000000000e+1	3.089000000000000e-1	2.010000000000000e-2
-4.148500000000000e+1	3.173000000000000e-1	2.040000000000000e-2
-4.096600000000000e+1	3.310000000000000e-1	2.090000000000000e-2
-4.045600000000000e+1	3.289000000000000e-1	2.090000000000000e-2
-3.995400000000000e+1	3.028000000000000e-1	2.010000000000000e-2
-3.946100000000000e+1	3.180000000000000e-1	2.070000000000000e-2
-3.897700000000000e+1	3.171000000000000e-1	2.070000000000000e-2
-3.850000000000000e+1	3.325000000000000e-1	2.120000000000000e-2
-3.803200000000000e+1	3.180000000000000e-1	2.080000000000000e-2
-3.757100000000000e+1	2.992000000000000e-1	2.030000000000000e-2
-3.711800000000000e+1	3.133000000000000e-1	2.080000000000000e-2
-3.667300000000000e+1	3.331000000000000e-1	2.150000000000000e-2
-3.623500000000000e+1	2.916000000000000e-1	2.020000000000000e-2
-3.580400000000000e+1	3.297000000000000e-1	2.150000000000000e-2
-3.538000000000000e+1	2.963000000000000e-1	2.040000000000000e-2
-3.496300000000000e+1	3.546000000000000e-1	2.240000000000000e-2
-3.455300100000000e+1	3.394000100000000e-1	2.200000000000000e-2
-3.414900000000000e+1	3.527000000000000e-1	2.250000000000000e-2
-3.375200000000000e+1	3.258000000000000e-1	2.170000000000000e-2
-3.336100000000000e+1	3.391000000000000e-1	2.220000000000000e-2
-3.297600000000000e+1	3.657000000000000e-1	2.310000000000000e-2
-3.259700000000000e+1	3.866000000000000e-1	2.380000000000000e-2
-3.222400000000000e+1	3.386000000000000e-1	2.230000000000000e-2
-3.185700000000000e+1	3.596000100000000e-1	2.310000000000000e-2
-3.149500000000000e+1	3.287000000000000e-1	2.210000000000000e-2
-3.114000000000000e+1	3.813000000000000e-1	2.390000000000000e-2
-3.078900000000000e+1	3.487000000000000e-1	2.290000000000000e-2
-3.044400000000000e+1	3.988000000000000e-1	2.450000000000000e-2
-3.010400000000000e+1	3.340000000000000e-1	2.250000000000000e-2
-2.976900000000000e+1	3.876000000000000e-1	2.430000000000000e-2
-2.943900000000000e+1	3.466000000000000e-1	2.310000000000000e-2
-2.911400000000000e+1	3.622000000000000e-1	2.360000000000000e-2
-2.879400000000000e+1	3.377000000000000e-1	2.290000000000000e-2
-2.847900000000000e+1	3.673000000000000e-1	2.390000000000000e-2
-2.816800000000000e+1	3.519000000000000e-1	2.350000000000000e-2
-2.786200000000000e+1	3.332000000000000e-1	2.290000000000000e-2
-2.756000000000000e+1	3.696000000000000e-1	2.420000000000000e-2
-2.726300000000000e+1	3.190000000000000e-1	2.250000000000000e-2
-2.697000000000000e+1	4.035000000000000e-1	2.540000000000000e-2
-2.668100000000000e+1	3.413000000000000e-1	2.340000000000000e-2
-2.639600000000000e+1	3.639000000000000e-1	2.420000000000000e-2
-2.611600000000000e+1	3.656000000000000e-1	2.430000000000000e-2
-2.583900000000000e+1	3.479000000000000e-1	2.380000000000000e-2
-2.556600000000000e+1	3.756000000000000e-1	2.480000000000000e-2
-2.529700000000000e+1	3.905000000000000e-1	2.530000000000000e-2
-2.503200000000000e+1	3.693000000000000e-1	2.470000000000000e-2
-2.477000000000000e+1	3.909000000000000e-1	2.540000000000000e-2
-2.451200000000000e+1	3.944000000000000e-1	2.560000000000000e-2
-2.425700000000000e+1	3.661000000000000e-1	2.470000000000000e-2
-2.400600000000000e+1	4.181000000000000e-1	2.650000000000000e-2
-2.375900000000000e+1	3.863000000000000e-1	2.550000000000000e-2
-2.351500000000000e+1	4.542000000000000e-1	2.770000000000000e-2
-2.327400000000000e+1	4.188000000000000e-1	2.670000000000000e-2
-2.303600000000000e+1	4.514000000000000e-1	2.780000000000000e-2
-2.280200000000000e+1	4.088000000000000e-1	2.650000000000000e-2
-2.257000000000000e+1	4.296000000000000e-1	2.720000000000000e-2
-2.234200000000000e+1	4.021000000000000e-1	2.640000000000000e-2
-2.211700000000000e+1	4.735000000000000e-1	2.870000000000000e-2
-2.189400000000000e+1	4.004000000000000e-1	2.650000000000000e-2
-2.167500000000000e+1	3.916000000000000e-1	2.620000000000000e-2
-2.145800000000000e+1	4.445000000000000e-1	2.800000000000000e-2
-2.124400000000000e+1	4.588000000000000e-1	2.850000000000000e-2
-2.103300000000000e+1	4.501000000000000e-1	2.830000000000000e-2
-2.082500000000000e+1	5.128000000000000e-1	3.030000000000000e-2
-2.061900000000000e+1	4.396000000000000e-1	2.810000000000000e-2
-2.041600000000000e+1	4.541000000000000e-1	2.860000000000000e-2
-2.021600000000000e+1	4.723000000000000e-1	2.920000000000000e-2
-2.001800000000000e+1	4.889000000000000e-1	2.980000000000000e-2
-1.982300000000000e+1	4.836000000000000e-1	2.970000000000000e-2
-1.963000000000000e+1	4.527000000000000e-1	2.880000000000000e-2
-1.943900000000000e+1	4.988000000000000e-1	3.030000000000000e-2
-1.925100000000000e+1	5.138000000000000e-1	3.080000000000000e-2
-1.906500000000000e+1	4.677000000000000e-1	2.950000000000000e-2
-1.888100000000000e+1	5.274000000000000e-1	3.130000000000000e-2
-1.870000000000000e+1	5.370000000000000e-1	3.170000000000000e-2
-1.852100000000000e+1	5.167000000000001e-1	3.120000000000000e-2
-1.834400000000000e+1	4.660000000000000e-1	2.960000000000000e-2
-1.816900000000000e+1	5.455000000000000e-1	3.210000000000000e-2
-1.799700000000000e+1	4.850000000000000e-1	3.040000000000000e-2
-1.782600000000000e+1	5.251000000000000e-1	3.170000000000000e-2
-1.765800000000000e+1	4.831000000000000e-1	3.040000000000000e-2
-1.749100000000000e+1	5.158000000000000e-1	3.150000000000000e-2
-1.732700000000000e+1	5.275999999999999e-1	3.190000000000000e-2
-1.716400000000000e+1	5.432000000000000e-1	3.250000000000000e-2
-1.700300000000000e+1	5.220000000000000e-1	3.190000000000000e-2
-1.684400000000000e+1	4.967000000000000e-1	3.120000000000000e-2
-1.668800000000000e+1	5.477000000000000e-1	3.280000000000000e-2
-1.653200000000000e+1	5.794000000000000e-1	3.380000100000000e-2
-1.637900000000000e+1	5.698000000000000e-1	3.360000100000000e-2
-1.622800000000000e+1	5.820000000000000e-1	3.400000000000000e-2
-1.607800000000000e+1	6.001999999999999e-1	3.460000000000000e-2
-1.593000000000000e+1	5.845000000000000e-1	3.420000000000000e-2
-1.578300000000000e+1	5.043000000000000e-1	3.180000000000000e-2
-1.563900000000000e+1	5.062000000000000e-1	3.200000000000000e-2
-1.549600000000000e+1	5.628000000000000e-1	3.380000100000000e-2
-1.535400000000000e+1	5.649999999999999e-1	3.390000000000000e-2
-1.521400000000000e+1	5.588999999999999e-1	3.380000100000000e-2
-1.507600000000000e+1	5.365000000000000e-1	3.310000000000000e-2
-1.493900000000000e+1	5.487999999999999e-1	3.360000100000000e-2
-1.480400000000000e+1	6.106000000000000e-1	3.550000100000000e-2
-1.467000000000000e+1	5.280000000000000e-1	3.310000000000000e-2
-1.453800000000000e+1	6.256000000000001e-1	3.610000000000000e-2
-1.440700000000000e+1	6.300000000000000e-1	3.630000000000000e-2
-1.427800000000000e+1	6.469000000000000e-1	3.680000000000000e-2
-1.415000000000000e+1	6.052000000000000e-1	3.570000000000000e-2
-1.402300000000000e+1	6.369000000000000e-1	3.670000000000000e-2
-1.389800000000000e+1	5.419000000000001e-1	3.390000000000000e-2
-1.377500000000000e+1	6.564000000000000e-1	3.730000000000000e-2
-1.365200000000000e+1	5.991000000000000e-1	3.570000000000000e-2
-1.353100000000000e+1	6.119000000000000e-1	3.620000000000000e-2
-1.341100000000000e+1	6.162999999999999e-1	3.640000000000000e-2
-1.329200000000000e+1	5.905000000000000e-1	3.570000000000000e-2
-1.317500000000000e+1	6.163999999999999e-1	3.650000000000000e-2
-1.305900000000000e+1	5.860000000000000e-1	3.570000000000000e-2
-1.294400000000000e+1	5.901999999999999e-1	3.590000000000000e-2
-1.283000000000000e+1	6.163999999999999e-1	3.670000000000000e-2
-1.271800000000000e+1	6.602000000000000e-1	3.810000000000000e-2
-1.260700000000000e+1	4.710000000000000e-1	3.220000000000000e-2
-1.249700000000000e+1	5.698000000000000e-1	3.550000100000000e-2
-1.238800000000000e+1	5.629999999999999e-1	3.530000000000000e-2
-1.228000000000000e+1	5.003999999999999e-1	3.340000000000000e-2
-1.217300000000000e+1	5.289000000000000e-1	3.440000000000000e-2
-1.206700000000000e+1	5.867000000000000e-1	3.620000000000000e-2
-1.196300000000000e+1	5.326000000000000e-1	3.460000000000000e-2
-1.185900000000000e+1	5.275999999999999e-1	3.450000000000000e-2
-1.175700000000000e+1	5.249000000000000e-1	3.450000000000000e-2
-1.165500000000000e+1	5.901999999999999e-1	3.660000000000000e-2
-1.155500000000000e+1	5.921999999999999e-1	3.670000000000000e-2
-1.145600000000000e+1	5.919000000000000e-1	3.680000000000000e-2
-1.135700000000000e+1	6.444000000000000e-1	3.840000000000000e-2
-1.126000000000000e+1	6.534000000000000e-1	3.880000000000000e-2
-1.116300000000000e+1	6.140000000000000e-1	3.770000000000000e-2
-1.106800000000000e+1	6.508000000000001e-1	3.880000000000000e-2
-1.097300000000000e+1	6.855000000000000e-1	3.990000000000000e-2
-1.088000000000000e+1	7.111000099999999e-1	4.070000000000000e-2
-1.078700000000000e+1	6.854000000000000e-1	4.000000000000000e-2
-1.069500000000000e+1	7.064000000000000e-1	4.070000000000000e-2
-1.060400000000000e+1	7.417000000000000e-1	4.180000000000000e-2
-1.051400000000000e+1	7.134000000000000e-1	4.110000000000000e-2
-1.042500000000000e+1	7.773000000000000e-1	4.290000000000000e-2
-1.033700000000000e+1	7.442000000000000e-1	4.210000000000000e-2
-1.025000000000000e+1	7.776000000000000e-1	4.310000000000000e-2
-1.016300000000000e+1	8.255000000000000e-1	4.440000000000000e-2
-1.007700000000000e+1	8.618000000000000e-1	4.550000000000000e-2
-9.992000000000002e+0	7.971000000000000e-1	4.380000000000000e-2
-9.908000000000000e+0	8.407000000000000e-1	4.510000000000000e-2
-9.825000000000000e+0	9.209000000000000e-1	4.720000000000000e-2
-9.742000000000002e+0	9.336000000000000e-1	4.760000000000000e-2
-9.661000000000000e+0	8.536000000000000e-1	4.560000000000000e-2
-9.580000000000000e+0	1.003100000000000e+0	4.950000000000000e-2
-9.499000000000000e+0	8.786000000000000e-1	4.640000000000000e-2
-9.420000000000000e+0	8.937000000000000e-1	4.690000000000000e-2
-9.341000000000000e+0	8.940000000000000e-1	4.700000000000000e-2
-9.263000000000000e+0	9.859000000000000e-1	4.940000000000000e-2
-9.186000000000000e+0	9.244000000000000e-1	4.790000000000000e-2
-9.109000000000000e+0	9.871000000000000e-1	4.960000000000000e-2
-9.033000000000000e+0	9.226000000000000e-1	4.800000000000000e-2
-8.958000000000000e+0	9.430000000000000e-1	4.860000000000000e-2
-8.884000000000000e+0	1.044000000000000e+0	5.120000000000000e-2
-8.810000000000000e+0	9.614000000000000e-1	4.930000000000000e-2
-8.737000000000000e+0	1.063000000000000e+0	5.190000000000000e-2
-8.664000000000000e+0	1.061100000000000e+0	5.190000000000000e-2
-8.592000000000000e+0	1.092400000000000e+0	5.270000000000000e-2
-8.521000000000000e+0	1.057300000000000e+0	5.200000000000000e-2
-8.451000000000000e+0	9.837000000000000e-1	5.020000000000000e-2
-8.381000000000000e+0	1.061100000000000e+0	5.220000000000000e-2
-8.311000000000000e+0	1.072000000000000e+0	5.260000000000000e-2
-8.243000000000000e+0	1.044200000000000e+0	5.190000000000000e-2
-8.175000000000000e+0	1.011000000000000e+0	5.120000000000000e-2
-8.107000000000000e+0	1.040000000000000e+0	5.200000000000000e-2
-8.039999999999998e+0	9.440000000000000e-1	4.960000000000000e-2
-7.974000000000000e+0	9.468000000000000e-1	4.980000000000000e-2
-7.908000000000000e+0	9.312000000000000e-1	4.940000000000000e-2
-7.843000000000000e+0	9.313000000000000e-1	4.950000000000000e-2
-7.779000000000000e+0	1.005200000000000e+0	5.150000000000000e-2
-7.715000000000000e+0	1.008100000000000e+0	5.160000000000000e-2
-7.651000000000000e+0	9.368000000000000e-1	4.990000000000000e-2
-7.588000000000000e+0	9.714000000000000e-1	5.080000000000000e-2
-7.526000000000000e+0	9.982000000000000e-1	5.160000000000000e-2
-7.464000000000000e+0	1.043900000000000e+0	5.290000000000000e-2
-7.403000000000000e+0	9.181000000000000e-1	4.960000000000000e-2
-7.342000000000000e+0	9.988000000000000e-1	5.190000000000000e-2
-7.282000000000000e+0	9.530000000000000e-1	5.070000000000000e-2
-7.222000000000000e+0	9.611000000000000e-1	5.100000000000000e-2
-7.163000000000000e+0	9.394000000000000e-1	5.050000000000000e-2
-7.104000000000000e+0	1.002000000000000e+0	5.220000000000000e-2
-7.046000000000000e+0	9.775000000000000e-1	5.170000000000000e-2
-6.988000000000001e+0	9.008000000000000e-1	4.970000000000000e-2
-6.931000000000000e+0	8.951000000000000e-1	4.960000000000000e-2
-6.874000000000000e+0	9.857000000000000e-1	5.210000000000000e-2
-6.818000000000000e+0	8.559000000000000e-1	4.860000000000000e-2
-6.762000099999999e+0	8.445000000000000e-1	4.840000000000000e-2
-6.707000000000000e+0	8.107000000000000e-1	4.740000000000000e-2
-6.652000000000000e+0	8.380000000000000e-1	4.830000000000000e-2
-6.597000000000001e+0	8.124000000000000e-1	4.760000000000000e-2
-6.543000000000000e+0	8.203000000000000e-1	4.790000000000000e-2
-6.490000000000000e+0	8.983000000000000e-1	5.020000000000000e-2
-6.437000000000000e+0	9.176000000000000e-1	5.080000000000000e-2
-6.384000000000000e+0	8.834000000000000e-1	4.990000000000000e-2
-6.332000000000000e+0	8.321000000000000e-1	4.850000000000000e-2
-6.280000000000000e+0	8.826000000000000e-1	5.000000000000000e-2
-6.228000000000000e+0	7.968000000000000e-1	4.760000000000000e-2
-6.177000000000000e+0	8.274000000000000e-1	4.860000000000000e-2
-6.127000000000000e+0	8.268000000000000e-1	4.860000000000000e-2
-6.076000000000000e+0	8.089000000000000e-1	4.820000000000000e-2
-6.027000000000000e+0	8.341000000000000e-1	4.900000000000000e-2
-5.977000000000000e+0	8.046000000000000e-1	4.820000000000000e-2
-5.928000000000000e+0	8.154000000000000e-1	4.860000000000000e-2
-5.878999999999999e+0	9.625000000000000e-1	5.280000000000000e-2
-5.831000000000001e+0	7.761000000000000e-1	4.750000000000000e-2
-5.783000000000000e+0	8.248000000000000e-1	4.900000000000000e-2
-5.736000000000000e+0	8.621000000000000e-1	5.020000000000000e-2
-5.689000000000000e+0	8.848000000000000e-1	5.090000000000000e-2
-5.642000000000000e+0	8.578000000000000e-1	5.020000000000000e-2
-5.596000000000000e+0	9.337000000000000e-1	5.240000000000000e-2
-5.550000000000000e+0	8.534000000000000e-1	5.020000000000000e-2
-5.503999999999999e+0	9.800000000000000e-1	5.390000000000000e-2
-5.459000000000000e+0	8.608000000000000e-1	5.060000000000000e-2
-5.414000000000000e+0	8.749000000000000e-1	5.100000000000000e-2
-5.369000000000000e+0	8.653000000000000e-1	5.080000000000000e-2
-5.325000000000000e+0	8.705000000000000e-1	5.100000000000000e-2
-5.281000000000000e+0	8.937000000000000e-1	5.180000000000000e-2
-5.237000000000000e+0	7.907000000000000e-1	4.880000000000000e-2
-5.194000000000000e+0	8.531000000000000e-1	5.070000000000000e-2
-5.151000000000000e+0	8.159000000000000e-1	4.970000000000000e-2
-5.108000000000000e+0	8.968000000000000e-1	5.210000000000000e-2
-5.066000000000000e+0	8.292000000000000e-1	5.020000000000000e-2
-5.024000000000000e+0	9.196000000000000e-1	5.290000000000000e-2
-4.983000000000000e+0	7.632000000000000e-1	4.830000000000000e-2
-4.941000000000000e+0	7.896000000000000e-1	4.920000000000000e-2
-4.900000000000000e+0	7.363000000000000e-1	4.750000000000000e-2
-4.859000000000000e+0	8.643000000000000e-1	5.160000000000000e-2
-4.819000000000000e+0	9.034000000000000e-1	5.280000000000000e-2
-4.779000000000000e+0	8.222000000000000e-1	5.040000000000000e-2
-4.739000000000000e+0	8.336000000000000e-1	5.080000000000000e-2
-4.700000000000000e+0	7.921000000000000e-1	4.960000000000000e-2
-4.660000000000000e+0	9.498000000000000e-1	5.440000000000000e-2
-4.621000000000001e+0	8.616000000000000e-1	5.190000000000000e-2
-4.583000000000000e+0	9.639000000000000e-1	5.490000000000000e-2
-4.543999999999999e+0	8.407000000000000e-1	5.140000000000000e-2
-4.506000000000000e+0	8.334000000000000e-1	5.120000000000000e-2
-4.468000000000000e+0	8.322000000000000e-1	5.120000000000000e-2
-4.431000000000000e+0	9.006000000000000e-1	5.330000000000000e-2
-4.394000000000000e+0	1.001000000000000e+0	5.630000000000000e-2
-4.357000000000000e+0	9.177000000000000e-1	5.400000000000000e-2
-4.320000000000000e+0	9.486000000000000e-1	5.500000000000000e-2
-4.283000000000000e+0	9.349000000000000e-1	5.460000000000000e-2
-4.247000000000000e+0	1.036300000000000e+0	5.760000000000000e-2
-4.211000000000000e+0	9.779000000000000e-1	5.600000000000000e-2
-4.176000000000000e+0	1.050900000000000e+0	5.810000000000000e-2
-4.140000000000000e+0	1.056600000000000e+0	5.830000000000000e-2
-4.105000000000001e+0	9.784000000000000e-1	5.620000000000000e-2
-4.070000000000000e+0	9.905000000000000e-1	5.660000000000000e-2
-4.035000000000000e+0	9.734000000000000e-1	5.620000000000000e-2
-4.001000000000000e+0	9.236000000000000e-1	5.480000000000000e-2
-3.967000000000000e+0	9.030000000000000e-1	5.430000000000000e-2
-3.933000000000000e+0	8.790000000000000e-1	5.360000000000000e-2
-3.899000000000000e+0	9.236000000000000e-1	5.500000000000000e-2
-3.866000000000000e+0	8.831000000000000e-1	5.380000000000000e-2
-3.832000000000000e+0	9.312000000000000e-1	5.540000000000000e-2
-3.799000000000000e+0	9.598000000000000e-1	5.630000000000000e-2
-3.766000000000000e+0	9.984000000000000e-1	5.750000000000000e-2
-3.734000000000000e+0	8.880000000000000e-1	5.420000000000000e-2
-3.702000000000000e+0	9.333000000000000e-1	5.570000000000000e-2
-3.669000000000000e+0	8.722000000000000e-1	5.390000000000000e-2
-3.638000000000000e+0	9.409000000000000e-1	5.600000000000000e-2
-3.606000000000000e+0	9.631000000000000e-1	5.680000000000000e-2
-3.574000000000000e+0	9.553000000000000e-1	5.660000000000000e-2
-3.543000000000000e+0	1.018000000000000e+0	5.850000000000000e-2
-3.512000000000000e+0	9.024000000000000e-1	5.510000000000000e-2
-3.481000000000000e+0	1.019200000000000e+0	5.870000000000000e-2
-3.451000000000000e+0	1.068900000000000e+0	6.010000000000000e-2
-3.420000000000000e+0	1.006900000000000e+0	5.840000000000000e-2
-3.390000000000000e+0	1.067000000000000e+0	6.020000000000000e-2
-3.360000000000000e+0	1.048900000000000e+0	5.980000000000000e-2
-3.330000000000000e+0	1.191200000000000e+0	6.379999999999999e-2
-3.301000000000000e+0	1.036600000000000e+0	5.960000000000000e-2
-3.271000000000000e+0	1.076600000000000e+0	6.080000000000000e-2
-3.242000000000000e+0	1.044600000000000e+0	5.990000000000000e-2
-3.213000000000000e+0	1.026300000000000e+0	5.950000000000000e-2
-3.184000000000000e+0	1.159800000000000e+0	6.329999999999999e-2
-3.156000000000000e+0	1.051600000000000e+0	6.030000000000000e-2
-3.127000000000000e+0	1.033200000000000e+0	5.990000000000000e-2
-3.099000000000000e+0	1.160500000000000e+0	6.350000000000000e-2
-3.071000000000000e+0	1.020300000000000e+0	5.960000000000000e-2
-3.043000000000000e+0	1.071400000000000e+0	6.110000000000000e-2
-3.016000000000000e+0	1.084300000000000e+0	6.160000000000000e-2
-2.988000000000000e+0	1.114700000000000e+0	6.250000000000000e-2
-2.961000000000000e+0	9.907000000000000e-1	5.900000000000000e-2
-2.934000000000000e+0	1.073800000000000e+0	6.150000000000000e-2
-2.907000000000000e+0	1.206700000000000e+0	6.519999999999999e-2
-2.880000000000000e+0	1.050200000000000e+0	6.090000000000000e-2
-2.853000000000000e+0	1.024100000000000e+0	6.020000000000000e-2
-2.827000000000000e+0	1.069000000000000e+0	6.160000000000000e-2
-2.801000000000000e+0	1.003700000000000e+0	5.980000000000000e-2
-2.774000000000000e+0	1.087900000000000e+0	6.230000000000000e-2
-2.749000000000000e+0	9.794000000000000e-1	5.920000000000000e-2
-2.723000000000000e+0	1.250200000000000e+0	6.690000000000000e-2
-2.697000000000000e+0	1.249200000000000e+0	6.700000000000000e-2
-2.672000000000000e+0	1.104400000000000e+0	6.300000000000000e-2
-2.646000000000000e+0	1.258200000000000e+0	6.740000000000000e-2
-2.621000000000000e+0	1.112700000000000e+0	6.340000000000000e-2
-2.596000000000000e+0	1.126000000000000e+0	6.379999999999999e-2
-2.572000000000000e+0	1.153700000000000e+0	6.469999999999999e-2
-2.547000000000000e+0	1.203500000000000e+0	6.610000000000001e-2
-2.522000000000000e+0	1.063900000000000e+0	6.230000000000000e-2
-2.498000000000000e+0	1.077100000000000e+0	6.270000000000001e-2
-2.474000000000000e+0	1.181800000000000e+0	6.580000000000000e-2
-2.450000000000000e+0	1.067000000000000e+0	6.250000000000000e-2
-2.426000000000000e+0	1.186800000000000e+0	6.600000000000000e-2
-2.402000000000000e+0	1.248100000000000e+0	6.780000000000000e-2
-2.379000000000000e+0	1.239700000000000e+0	6.760000099999999e-2
-2.355000000000000e+0	1.220100000000000e+0	6.720000099999999e-2
-2.332000000000000e+0	1.267100000000000e+0	6.850000000000001e-2
-2.309000000000000e+0	1.273400000000000e+0	6.880000000000000e-2
-2.286000000000000e+0	1.324400000000000e+0	7.020000000000000e-2
-2.263000000000000e+0	1.342000000000000e+0	7.070000000000000e-2
-2.240000000000000e+0	1.348500000000000e+0	7.100000099999999e-2
-2.218000000000000e+0	1.396200000000000e+0	7.230000000000000e-2
-2.195000000000000e+0	1.477900000000000e+0	7.450000000000000e-2
-2.173000000000000e+0	1.251600000000000e+0	6.860000099999999e-2
-2.151000000000000e+0	1.401000000000000e+0	7.260000000000000e-2
-2.129000000000000e+0	1.324600000000000e+0	7.070000000000000e-2
-2.107000000000000e+0	1.282000000000000e+0	6.960000099999999e-2
-2.085000000000000e+0	1.383100000000000e+0	7.240000000000000e-2
-2.064000000000000e+0	1.355500000000000e+0	7.170000000000000e-2
-2.042000000000000e+0	1.183200000000000e+0	6.710000000000001e-2
-2.021000000000000e+0	1.185600000000000e+0	6.720000099999999e-2
-1.999000000000000e+0	1.172700000000000e+0	6.690000000000000e-2
-1.978000000000000e+0	1.236300000000000e+0	6.880000000000000e-2
-1.957000000000000e+0	1.246500000000000e+0	6.910000099999999e-2
-1.936000000000000e+0	1.287400000000000e+0	7.030000000000000e-2
-1.916000000000000e+0	1.316900000000000e+0	7.120000000000000e-2
-1.895000000000000e+0	1.207700000000000e+0	6.830000000000000e-2
-1.875000000000000e+0	1.175300000000000e+0	6.740000000000000e-2
-1.854000000000000e+0	1.193100000000000e+0	6.800000000000001e-2
-1.834000000000000e+0	1.253700000000000e+0	6.980000000000000e-2
-1.814000000000000e+0	1.306700000000000e+0	7.130000000000000e-2
-1.794000000000000e+0	1.340500000000000e+0	7.230000000000000e-2
-1.774000000000000e+0	1.261100000000000e+0	7.020000000000000e-2
-1.754000000000000e+0	1.244000000000000e+0	6.980000000000000e-2
-1.735000000000000e+0	1.270000000000000e+0	7.060000000000000e-2
-1.715000000000000e+0	1.323500000000000e+0	7.210000000000000e-2
-1.696000000000000e+0	1.420500000000000e+0	7.480000000000000e-2
-1.676000000000000e+0	1.395700000000000e+0	7.420000000000000e-2
-1.657000000000000e+0	1.489300000000000e+0	7.670000000000000e-2
-1.638000000000000e+0	1.579300000000000e+0	7.910000000000000e-2
-1.619000000000000e+0	1.487100000000000e+0	7.680000000000000e-2
-1.600000000000000e+0	1.637000000000000e+0	8.060000000000000e-2
-1.581000000000000e+0	1.791500000000000e+0	8.440000000000000e-2
-1.563000000000000e+0	1.779000000000000e+0	8.420000000000000e-2
-1.544000000000000e+0	1.834400000000000e+0	8.560000000000000e-2
-1.526000000000000e+0	2.010100000000000e+0	8.970000000000000e-2
-1.507000000000000e+0	1.897600000000000e+0	8.730000000000000e-2
-1.489000000000000e+0	2.194600000000000e+0	9.390000000000000e-2
-1.471000000000000e+0	2.291400000000000e+0	9.610000000000000e-2
-1.453000000000000e+0	2.360300000000000e+0	9.760000000000000e-2
-1.435000000000000e+0	2.385100000000000e+0	9.820000000000000e-2
-1.417000000000000e+0	2.422000000000000e+0	9.900000000000000e-2
-1.400000000000000e+0	2.446900000000000e+0	9.960000000000000e-2
-1.382000000000000e+0	2.520600000000000e+0	1.012000000000000e-1
-1.364000000000000e+0	2.688300000000000e+0	1.046000000000000e-1
-1.347000000000000e+0	2.513800000000000e+0	1.013000000000000e-1
-1.330000000000000e+0	2.579800000000000e+0	1.027000000000000e-1
-1.312000000000000e+0	2.613300000000000e+0	1.035000000000000e-1
-1.295000000000000e+0	2.753700000000000e+0	1.063000000000000e-1
-1.278000000000000e+0	2.565600000000000e+0	1.027000000000000e-1
-1.261000000000000e+0	2.846400000000000e+0	1.083000000000000e-1
-1.244000000000000e+0	2.538000000000000e+0	1.023000000000000e-1
-1.228000000000000e+0	2.629600000000000e+0	1.043000000000000e-1
-1.211000000000000e+0	2.733900000000000e+0	1.064000000000000e-1
-1.195000000000000e+0	2.784600000000000e+0	1.075000000000000e-1
-1.178000000000000e+0	2.773100000000000e+0	1.074000000000000e-1
-1.162000000000000e+0	2.569900000000000e+0	1.035000000000000e-1
-1.145000000000000e+0	2.837600000000000e+0	1.088000000000000e-1
-1.129000000000000e+0	2.734100000000000e+0	1.069000000000000e-1
-1.113000000000000e+0	3.036500000000000e+0	1.128000000000000e-1
-1.097000000000000e+0	3.251800000000000e+0	1.168000000000000e-1
-1.081000000000000e+0	2.997200000000000e+0	1.122000000000000e-1
-1.065000000000000e+0	3.145800000000000e+0	1.151000000000000e-1
-1.050000000000000e+0	3.387800000000000e+0	1.196000000000000e-1
-1.034000000000000e+0	3.267200000000000e+0	1.175000000000000e-1
-1.018000000000000e+0	3.709200000000000e+0	1.253000000000000e-1
-1.003000000000000e+0	3.308700000000000e+0	1.185000000000000e-1
-9.870000000000000e-1	3.735400000000000e+0	1.260000000000000e-1
-9.720000000000000e-1	3.695300000000000e+0	1.254000000000000e-1
-9.570000000000000e-1	3.859800000000000e+0	1.283000000000000e-1
-9.420000000000000e-1	3.858200000000000e+0	1.284000000000000e-1
-9.260000000000000e-1	3.890800000000000e+0	1.290000000000000e-1
-9.110000000000000e-1	3.687700000000000e+0	1.258000000000000e-1
-8.960000000000000e-1	3.655600000000000e+0	1.253000000000000e-1
-8.820000000000000e-1	3.761100000000000e+0	1.272000000000000e-1
-8.670000000000000e-1	4.280800000000000e+0	1.358000000000000e-1
-8.520000000000000e-1	4.137300000000000e+0	1.337000000000000e-1
-8.380000000000000e-1	3.941300000000000e+0	1.306000000000000e-1
-8.230000000000000e-1	4.247300000000000e+0	1.357000000000000e-1
-8.090000000000000e-1	4.202700000000000e+0	1.351000000000000e-1
-7.940000000000000e-1	4.362400000000000e+0	1.377000000000000e-1
-7.800000000000000e-1	4.169700000000000e+0	1.348000000000000e-1
-7.660000000000000e-1	4.661500000000000e+0	1.426000000000000e-1
-7.510000000000000e-1	4.306800000000000e+0	1.372000000000000e-1
-7.370000000000000e-1	4.283700000000000e+0	1.370000000000000e-1
-7.230000000000000e-1	4.506200000000000e+0	1.406000000000000e-1
-7.090000000000000e-1	4.562400000000000e+0	1.416000000000000e-1
-6.960000099999999e-1	4.394300000000000e+0	1.391000000000000e-1
-6.820000000000001e-1	4.573900000000000e+0	1.420000000000000e-1
-6.680000000000000e-1	4.444900000000000e+0	1.401000000000000e-1
-6.540000000000000e-1	4.851000000000000e+0	1.465000000000000e-1
-6.410000000000000e-1	4.788500000000000e+0	1.457000000000000e-1
-6.270000000000000e-1	4.894500000000000e+0	1.474000000000000e-1
-6.140000000000000e-1	4.773900000000000e+0	1.457000000000000e-1
-6.010000000000000e-1	5.107500000000000e+0	1.509000000000000e-1
-5.870000000000000e-1	5.067100000000000e+0	1.504000000000000e-1
-5.739999999999999e-1	4.847800000000000e+0	1.472000000000000e-1
-5.610000000000001e-1	5.205500000000000e+0	1.527000000000000e-1
-5.480000000000001e-1	5.367000000000000e+0	1.552000000000000e-1
-5.350000000000000e-1	5.398700000000000e+0	1.558000000000000e-1
-5.220000000000000e-1	5.313300000000000e+0	1.547000000000000e-1
-5.090000000000000e-1	5.561400000000000e+0	1.584000000000000e-1
-4.960000000000000e-1	5.584399999999999e+0	1.588000000000000e-1
-4.830000000000000e-1	5.770400000000001e+0	1.616000000000000e-1
-4.710000000000000e-1	5.612500000000000e+0	1.595000000000000e-1
-4.580000000000000e-1	5.626500000000000e+0	1.598000000000000e-1
-4.450000000000000e-1	5.740600000000000e+0	1.616000000000000e-1
-4.330000000000000e-1	5.595400000000000e+0	1.597000000000000e-1
-4.200000000000000e-1	5.673300000000000e+0	1.609000000000000e-1
-4.080000000000000e-1	5.760500000000000e+0	1.623000000000000e-1
-3.960000000000000e-1	5.985500000000000e+0	1.656000000000000e-1
-3.830000000000000e-1	5.623900000000000e+0	1.606000000000000e-1
-3.710000000000000e-1	5.624100000000000e+0	1.608000000000000e-1
-3.590000000000000e-1	5.628900000000000e+0	1.610000000000000e-1
-3.470000100000000e-1	5.749000000000000e+0	1.628000000000000e-1
-3.350000000000000e-1	5.490700000000000e+0	1.592000000000000e-1
-3.230000000000000e-1	5.319400000000000e+0	1.569000000000000e-1
-3.110000000000000e-1	5.786900000000000e+0	1.637000000000000e-1
-2.990000000000000e-1	6.010000000000000e+0	1.670000000000000e-1
-2.870000000000000e-1	6.145400000000001e+0	1.690000000000000e-1
-2.760000000000000e-1	6.439600000000001e+0	1.732000000000000e-1
-2.640000000000000e-1	6.655400000000000e+0	1.762000000000000e-1
-2.520000000000000e-1	7.367100000000000e+0	1.855000000000000e-1
-2.410000000000000e-1	7.599200000000000e+0	1.886000000000000e-1
-2.290000000000000e-1	8.127200000000000e+0	1.952000000000000e-1
-2.180000000000000e-1	8.459700000000000e+0	1.993000000000000e-1
-2.070000000000000e-1	9.287000000000002e+0	2.090000000000000e-1
-1.950000000000000e-1	9.485900000000002e+0	2.114000000000000e-1
-1.840000000000000e-1	1.111470000000000e+1	2.290000000000000e-1
-1.730000100000000e-1	1.223380000000000e+1	2.404000000000000e-1
-1.620000000000000e-1	1.354590000000000e+1	2.532000000000000e-1
-1.510000000000000e-1	1.655920000000000e+1	2.802000000000000e-1
-1.390000000000000e-1	2.358030000000000e+1	3.346000000000000e-1
-1.280000000000000e-1	4.027390000000000e+1	4.377000000000000e-1
-1.180000000000000e-1	7.678100000000000e+1	6.048000000000000e-1
-1.070000000000000e-1	1.386073000000000e+2	8.132000000000000e-1
-9.600000000000000e-2	2.371541000000000e+2	1.064600000000000e+0
-8.500000000000000e-2	3.711897000000000e+2	1.333000000000000e+0
-7.400000000000000e-2	5.342034000000000e+2	1.600400000000000e+0
-6.400000000000000e-2	7.124884099999999e+2	1.849700000000000e+0
-5.300000000000000e-2	8.775852000000000e+2	2.054500000000000e+0
-4.200000000000000e-2	1.015981800000000e+3	2.212300000000000e+0
-3.200000000000000e-2	1.098557000000000e+3	2.302300000000000e+0
-2.100000000000000e-2	1.104998500000000e+3	2.310900000000000e+0
-1.100000000000000e-2	1.052243800000000e+3	2.256800000000000e+0
-1.000000000000000e-3	9.334779000000000e+2	2.127300000000000e+0
1.000000000000000e-2	7.858110000000000e+2	1.953400000000000e+0
2.000000000000000e-2	6.172460000000000e+2	1.732600000000000e+0
3.000000000000000e-2	4.557546000000000e+2	1.490000000000000e+0
4.100000000000000e-2	3.145395000000000e+2	1.238800000000000e+0
5.100000000000000e-2	2.068528000000000e+2	1.005400000000000e+0
6.100000000000000e-2	1.281619000000000e+2	7.920000000000000e-1
7.100000099999999e-2	7.659040000000000e+1	6.127000000000000e-1
8.100000000000000e-2	4.695900000000000e+1	4.802000000000000e-1
9.100000000000000e-2	3.005350000000000e+1	3.844000000000000e-1
1.010000000000000e-1	2.140320000000000e+1	3.247000000000000e-1
1.100000000000000e-1	1.715020000000000e+1	2.909000000000000e-1
1.200000000000000e-1	1.423260000000000e+1	2.652000000000000e-1
1.300000000000000e-1	1.211720000000000e+1	2.449000000000000e-1
1.400000000000000e-1	1.174450000000000e+1	2.412000000000000e-1
1.490000000000000e-1	1.054180000000000e+1	2.287000000000000e-1
1.590000000000000e-1	9.737900000000000e+0	2.200000000000000e-1
1.690000000000000e-1	8.921500000000000e+0	2.108000000000000e-1
1.780000000000000e-1	8.576200000000000e+0	2.068000000000000e-1
1.880000000000000e-1	7.785400000000000e+0	1.972000000000000e-1
1.970000000000000e-1	7.157200099999999e+0	1.892000000000000e-1
2.070000000000000e-1	7.093000000000000e+0	1.885000000000000e-1
2.160000000000000e-1	6.371400000000000e+0	1.788000100000000e-1
2.250000000000000e-1	6.195299999999999e+0	1.764000000000000e-1
2.350000000000000e-1	5.731700000000000e+0	1.698000000000000e-1
2.440000000000000e-1	6.002500000000000e+0	1.739000000000000e-1
2.530000000000000e-1	5.577600000000000e+0	1.678000000000000e-1
2.620000000000000e-1	5.692200000000000e+0	1.696000000000000e-1
2.710000000000000e-1	5.346400000000000e+0	1.645000000000000e-1
2.800000000000000e-1	5.095900000000000e+0	1.608000000000000e-1
2.890000000000000e-1	4.880200000000000e+0	1.574000000000000e-1
2.980000000000000e-1	5.106300000000000e+0	1.612000000000000e-1
3.070000000000000e-1	4.762500000000000e+0	1.558000000000000e-1
3.160000000000000e-1	4.836000000000000e+0	1.571000000000000e-1
3.250000000000000e-1	4.797300000000000e+0	1.566000000000000e-1
3.340000000000000e-1	4.973400000000000e+0	1.595000000000000e-1
3.430000000000000e-1	4.688700000000000e+0	1.550000000000000e-1
3.520000100000000e-1	4.736800000000000e+0	1.559000000000000e-1
3.600000000000000e-1	4.954600000000000e+0	1.596000000000000e-1
3.690000000000000e-1	4.967200000000000e+0	1.599000000000000e-1
3.780000000000000e-1	4.541500000000000e+0	1.530000000000000e-1
3.860000000000000e-1	4.496700000000000e+0	1.524000000000000e-1
3.950000000000000e-1	4.767000000000000e+0	1.570000000000000e-1
4.030000000000000e-1	4.893200000000000e+0	1.592000000000000e-1
4.120000000000000e-1	4.770800000000000e+0	1.573000000000000e-1
4.200000000000000e-1	4.648000000000000e+0	1.554000000000000e-1
4.290000000000000e-1	4.561300000000000e+0	1.540000000000000e-1
4.370000000000000e-1	4.614899999999999e+0	1.550000000000000e-1
4.450000000000000e-1	4.360900000000000e+0	1.508000000000000e-1
4.540000000000000e-1	4.388200000000000e+0	1.514000000000000e-1
4.620000000000000e-1	4.645800000000000e+0	1.559000000000000e-1
4.700000000000000e-1	4.071000000000000e+0	1.460000000000000e-1
4.780000000000000e-1	4.244900000000000e+0	1.492000000000000e-1
4.860000000000000e-1	4.261600000000000e+0	1.496000000000000e-1
4.950000000000000e-1	4.209900000000000e+0	1.488000000000000e-1
5.030000000000000e-1	4.005300000000000e+0	1.453000000000000e-1
5.110000000000000e-1	3.905500000000000e+0	1.436000000000000e-1
5.190000000000000e-1	3.969300000000000e+0	1.448000000000000e-1
5.270000000000000e-1	3.699900000000000e+0	1.399000000000000e-1
5.350000000000000e-1	3.721100000000000e+0	1.404000000000000e-1
5.430000000000000e-1	4.002600000000000e+0	1.458000000000000e-1
5.500000000000001e-1	3.689400000000000e+0	1.400000000000000e-1
5.580000000000001e-1	3.545600000000000e+0	1.374000000000000e-1
5.659999999999999e-1	3.785300000000000e+0	1.421000000000000e-1
5.739999999999999e-1	3.582500000000000e+0	1.383000000000000e-1
5.820000000000000e-1	3.860400000000000e+0	1.437000000000000e-1
5.890000000000000e-1	3.994400000000000e+0	1.463000000000000e-1
5.970000000000000e-1	3.737400000000000e+0	1.416000000000000e-1
6.050000000000000e-1	3.608500000000000e+0	1.392000000000000e-1
6.120000000000000e-1	3.656700000000000e+0	1.402000000000000e-1
6.200000000000000e-1	3.683400000000000e+0	1.408000000000000e-1
6.270000000000000e-1	3.532300000000000e+0	1.380000000000000e-1
6.350000000000000e-1	3.531900000000000e+0	1.381000000000000e-1
6.420000000000000e-1	3.428800000000000e+0	1.362000000000000e-1
6.500000000000000e-1	3.179100000000000e+0	1.312000000000000e-1
6.570000000000000e-1	3.265000000000000e+0	1.331000000000000e-1
6.650000000000000e-1	3.807300000000000e+0	1.438000000000000e-1
6.720000000000001e-1	3.464600000000000e+0	1.373000000000000e-1
6.790000000000001e-1	3.246100000000000e+0	1.330000000000000e-1
6.860000000000001e-1	3.316200000000000e+0	1.345000000000000e-1
6.940000099999999e-1	3.200700000000000e+0	1.322000000000000e-1
7.010000099999999e-1	3.358300000000000e+0	1.355000000000000e-1
7.080000000000000e-1	3.050800000000000e+0	1.293000000000000e-1
7.150000000000000e-1	3.312900000000000e+0	1.348000000000000e-1
7.220000000000000e-1	2.834200000000000e+0	1.248000000000000e-1
7.300000000000000e-1	3.201100000000000e+0	1.327000000000000e-1
7.370000000000000e-1	2.930200000000000e+0	1.270000000000000e-1
7.440000000000000e-1	3.011500000000000e+0	1.289000000000000e-1
7.510000000000000e-1	3.186900000000000e+0	1.327000000000000e-1
7.580000000000000e-1	2.721200000000000e+0	1.227000000000000e-1
7.650000000000000e-1	3.085000000000000e+0	1.307000000000000e-1
7.720000000000000e-1	2.939500000000000e+0	1.277000000000000e-1
7.790000000000000e-1	2.965800000000000e+0	1.283000000000000e-1
7.850000000000000e-1	2.791900000000000e+0	1.246000000000000e-1
7.920000000000000e-1	2.818100000000000e+0	1.253000000000000e-1
7.990000000000000e-1	2.916800000000000e+0	1.275000000000000e-1
8.060000000000000e-1	2.848200000000000e+0	1.261000000000000e-1
8.130000000000000e-1	2.639600000000000e+0	1.215000000000000e-1
8.190000000000000e-1	2.632000000000000e+0	1.214000000000000e-1
8.260000000000000e-1	2.568300000000000e+0	1.200000000000000e-1
8.330000000000000e-1	2.588700000000000e+0	1.206000000000000e-1
8.390000000000000e-1	2.834000000000000e+0	1.262000000000000e-1
8.460000000000000e-1	2.916700000000000e+0	1.282000000000000e-1
8.530000000000000e-1	2.633100000000000e+0	1.218000000000000e-1
8.590000000000000e-1	2.574600000000000e+0	1.206000000000000e-1
8.660000000000000e-1	2.747700000000000e+0	1.246000000000000e-1
8.720000000000000e-1	2.457000000000000e+0	1.179000000000000e-1
8.790000000000000e-1	2.381000000000000e+0	1.162000000000000e-1
8.850000000000000e-1	2.577200000000000e+0	1.210000000000000e-1
8.920000000000000e-1	2.569400000000000e+0	1.209000000000000e-1
8.980000000000000e-1	2.544400000000000e+0	1.203000000000000e-1
9.040000000000000e-1	2.593400000000000e+0	1.216000000000000e-1
9.110000000000000e-1	2.654000000000000e+0	1.231000000000000e-1
9.170000000000000e-1	2.514600000000000e+0	1.199000000000000e-1
9.230000000000000e-1	2.220400000000000e+0	1.127000000000000e-1
9.300000000000000e-1	2.332300000000000e+0	1.156000000000000e-1
9.360000000000000e-1	2.421500000000000e+0	1.179000000000000e-1
9.420000000000000e-1	2.413200000000000e+0	1.177000000000000e-1
9.480000000000000e-1	2.485500000000000e+0	1.196000000000000e-1
9.550000000000000e-1	2.385100000000000e+0	1.172000000000000e-1
9.610000000000000e-1	2.232500000000000e+0	1.135000000000000e-1
9.670000000000000e-1	2.287500000000000e+0	1.149000000000000e-1
9.730000000000000e-1	2.261600000000000e+0	1.144000000000000e-1
9.790000000000000e-1	2.293600000000000e+0	1.153000000000000e-1
9.850000000000000e-1	2.401000000000000e+0	1.180000000000000e-1
9.910000000000000e-1	2.334500000000000e+0	1.164000000000000e-1
9.970000000000000e-1	2.017700000000000e+0	1.083000000000000e-1
1.003000000000000e+0	2.142700000000000e+0	1.117000000000000e-1
1.009000000000000e+0	2.063900000000000e+0	1.097000000000000e-1
1.015000000000000e+0	2.160000000000000e+0	1.123000000000000e-1
1.021000000000000e+0	2.349900000000000e+0	1.172000000000000e-1
1.027000000000000e+0	2.165700000000000e+0	1.126000000000000e-1
1.033000000000000e+0	1.781700000000000e+0	1.022000000000000e-1
1.039000000000000e+0	2.112700000000000e+0	1.113000000000000e-1
1.045000000000000e+0	2.009700000000000e+0	1.087000000000000e-1
1.050000000000000e+0	2.053500000000000e+0	1.099000000000000e-1
1.056000000000000e+0	1.985500000000000e+0	1.082000000000000e-1
1.062000000000000e+0	2.064700000000000e+0	1.104000000000000e-1
1.068000000000000e+0	1.854800000000000e+0	1.047000000000000e-1
1.073000000000000e+0	2.016900000000000e+0	1.092000000000000e-1
1.079000000000000e+0	1.824000000000000e+0	1.039000000000000e-1
1.085000000000000e+0	1.731500000000000e+0	1.013000000000000e-1
1.090000000000000e+0	1.894100000000000e+0	1.061000000000000e-1
1.096000000000000e+0	1.688500100000000e+0	1.002000000000000e-1
1.102000000000000e+0	1.851400000000000e+0	1.050000000000000e-1
1.107000000000000e+0	1.973000000000000e+0	1.084000000000000e-1
1.113000000000000e+0	1.796400000000000e+0	1.035000000000000e-1
1.118000000000000e+0	1.745000000000000e+0	1.021000000000000e-1
1.124000000000000e+0	1.908800000000000e+0	1.069000000000000e-1
1.129000000000000e+0	1.929200000000000e+0	1.075000000000000e-1
1.135000000000000e+0	1.463700000000000e+0	9.370000000000000e-2
1.140000000000000e+0	1.814000000000000e+0	1.044000000000000e-1
1.146000000000000e+0	1.912600000000000e+0	1.072000000000000e-1
1.151000000000000e+0	1.872800000000000e+0	1.062000000000000e-1
1.157000000000000e+0	1.652100000000000e+0	9.980000000000000e-2
1.162000000000000e+0	1.768900000000000e+0	1.033000000000000e-1
1.167000000000000e+0	1.753100000000000e+0	1.029000000000000e-1
1.173000000000000e+0	1.852100000000000e+0	1.059000000000000e-1
1.178000000000000e+0	1.696900000000000e+0	1.014000000000000e-1
1.183000000000000e+0	1.838600000000000e+0	1.056000000000000e-1
1.188000000000000e+0	1.640400000000000e+0	9.980000000000000e-2
1.194000000000000e+0	1.648600000000000e+0	1.001000000000000e-1
1.199000000000000e+0	1.717700000000000e+0	1.023000000000000e-1
1.204000000000000e+0	1.591800000000000e+0	9.850000000000000e-2
1.209000000000000e+0	1.593800000000000e+0	9.870000000000000e-2
1.215000000000000e+0	1.815900000000000e+0	1.054000000000000e-1
1.220000000000000e+0	1.603900000000000e+0	9.910000000000000e-2
1.225000000000000e+0	1.532300000000000e+0	9.690000000000000e-2
1.230000000000000e+0	1.700000000000000e+0	1.021000000000000e-1
1.235000000000000e+0	1.720500000000000e+0	1.028000000000000e-1
1.240000000000000e+0	1.698100000000000e+0	1.022000000000000e-1
1.245000000000000e+0	1.724800000000000e+0	1.031000000000000e-1
1.250000000000000e+0	1.628300000000000e+0	1.002000000000000e-1
1.255000000000000e+0	1.716800000000000e+0	1.030000000000000e-1
1.260000000000000e+0	1.688000000000000e+0	1.022000000000000e-1
1.265000000000000e+0	1.510600000000000e+0	9.670000000000000e-2
1.270000000000000e+0	1.679800000000000e+0	1.020000000000000e-1
1.275000000000000e+0	1.650800000000000e+0	1.012000000000000e-1
1.280000000000000e+0	1.534800000000000e+0	9.770000000000000e-2
1.285000000000000e+0	1.617600000000000e+0	1.003000000000000e-1
1.290000000000000e+0	1.569700000000000e+0	9.890000000000000e-2
1.295000000000000e+0	1.665200000000000e+0	1.019000000000000e-1
1.300000000000000e+0	1.679800000000000e+0	1.024000000000000e-1
1.304000000000000e+0	1.625600000000000e+0	1.008000000000000e-1
1.309000000000000e+0	1.590000000000000e+0	9.980000000000000e-2
1.314000000000000e+0	1.692200000000000e+0	1.030000000000000e-1
1.319000000000000e+0	1.581300000000000e+0	9.960000000000000e-2
1.324000000000000e+0	1.520400000000000e+0	9.770000000000000e-2
1.328000000000000e+0	1.572600000000000e+0	9.950000000000000e-2
1.333000000000000e+0	1.624900000000000e+0	1.012000000000000e-1
1.338000000000000e+0	1.582800000000000e+0	9.990000000000000e-2
1.343000000000000e+0	1.591000000000000e+0	1.002000000000000e-1
1.347000000000000e+0	1.536100000000000e+0	9.850000000000000e-2
1.352000000000000e+0	1.499900000000000e+0	9.740000000000000e-2
1.357000000000000e+0	1.742600000000000e+0	1.051000000000000e-1
1.361000000000000e+0	1.617800000000000e+0	1.013000000000000e-1
1.366000000000000e+0	1.473600000000000e+0	9.670000000000000e-2
1.370000000000000e+0	1.551700000000000e+0	9.930000000000000e-2
1.375000000000000e+0	1.540900000000000e+0	9.900000000000000e-2
1.379000000000000e+0	1.504500000000000e+0	9.790000000000000e-2
1.384000000000000e+0	1.461600000000000e+0	9.660000000000000e-2
1.389000000000000e+0	1.604000000000000e+0	1.012000000000000e-1
1.393000000000000e+0	1.689100000000000e+0	1.040000000000000e-1
1.398000000000000e+0	1.582200000000000e+0	1.007000000000000e-1
1.402000000000000e+0	1.468600000000000e+0	9.700000000000000e-2
1.407000000000000e+0	1.354800000000000e+0	9.330000000000000e-2
1.411000000000000e+0	1.491400000000000e+0	9.790000000000000e-2
1.415000000000000e+0	1.531800000000000e+0	9.930000000000000e-2
1.420000000000000e+0	1.366100000000000e+0	9.380000000000000e-2
1.424000000000000e+0	1.361300000000000e+0	9.370000000000000e-2
1.429000000000000e+0	1.440400000000000e+0	9.650000000000000e-2
1.433000000000000e+0	1.409800000000000e+0	9.550000000000000e-2
1.437000000000000e+0	1.307900000000000e+0	9.200000000000000e-2
1.442000000000000e+0	1.361300000000000e+0	9.390000000000000e-2
1.446000000000000e+0	1.570600000000000e+0	1.010000000000000e-1
1.450000000000000e+0	1.351500000000000e+0	9.370000000000000e-2
1.455000000000000e+0	1.346600000000000e+0	9.360000000000000e-2
1.459000000000000e+0	1.524100000000000e+0	9.960000000000000e-2
1.463000000000000e+0	1.565000000000000e+0	1.010000000000000e-1
1.467000000000000e+0	1.325300000000000e+0	9.300000000000000e-2
1.472000000000000e+0	1.431400000000000e+0	9.670000000000000e-2
1.476000000000000e+0	1.374200000000000e+0	9.480000000000000e-2
1.480000000000000e+0	1.303700000000000e+0	9.240000000000000e-2
1.484000000000000e+0	1.370800000000000e+0	9.480000000000000e-2
1.488000000000000e+0	1.234600000000000e+0	9.000000000000000e-2
1.493000000000000e+0	1.255700000000000e+0	9.090000000000000e-2
1.497000000000000e+0	1.454600000000000e+0	9.790000000000000e-2
1.501000000000000e+0	1.410200000000000e+0	9.640000000000000e-2
1.505000000000000e+0	1.398700000000000e+0	9.610000000000000e-2
1.509000000000000e+0	1.235200000000000e+0	9.030000000000000e-2
1.513000000000000e+0	1.368900000000000e+0	9.510000000000000e-2
1.517000000000000e+0	1.377000000000000e+0	9.550000000000000e-2
1.521000000000000e+0	1.285900000000000e+0	9.230000000000000e-2
1.525000000000000e+0	1.148000000000000e+0	8.730000000000000e-2
1.529000000000000e+0	1.129400000000000e+0	8.660000000000000e-2
1.533000000000000e+0	1.283700000000000e+0	9.240000000000000e-2
1.537000000000000e+0	1.445000000000000e+0	9.810000000000000e-2
1.541000000000000e+0	1.233300000000000e+0	9.070000000000000e-2
1.545000000000000e+0	1.134600000000000e+0	8.700000000000000e-2
1.549000000000000e+0	1.436600000000000e+0	9.800000000000000e-2
1.553000000000000e+0	1.190700000000000e+0	8.930000000000000e-2
1.557000000000000e+0	1.379600000000000e+0	9.610000000000000e-2
1.561000000000000e+0	1.273900000000000e+0	9.240000000000000e-2
1.565000000000000e+0	1.295500000000000e+0	9.330000000000000e-2
1.569000000000000e+0	1.263400000000000e+0	9.210000000000000e-2
1.573000000000000e+0	1.318700000000000e+0	9.420000000000000e-2
1.577000000000000e+0	1.380800000000000e+0	9.640000000000000e-2
1.581000000000000e+0	1.483500000000000e+0	1.000000000000000e-1
1.584000000000000e+0	1.086900000000000e+0	8.570000000000000e-2
1.588000000000000e+0	1.297600000000000e+0	9.360000000000000e-2
1.592000000000000e+0	1.299100000000000e+0	9.380000000000000e-2
1.596000000000000e+0	1.239600000000000e+0	9.160000000000000e-2
1.600000000000000e+0	1.186800000000000e+0	8.970000000000000e-2
1.603000000000000e+0	1.256000000000000e+0	9.230000000000000e-2
1.607000000000000e+0	1.345800000000000e+0	9.560000000000000e-2
1.611000000000000e+0	1.218000000000000e+0	9.100000000000000e-2
1.615000000000000e+0	1.301100000000000e+0	9.420000000000000e-2
1.618000000000000e+0	1.289000000000000e+0	9.380000000000000e-2
1.622000000000000e+0	1.208500000000000e+0	9.080000000000000e-2
1.626000000000000e+0	1.162000000000000e+0	8.910000000000000e-2
1.630000000000000e+0	1.231700000000000e+0	9.180000000000000e-2
1.633000000000000e+0	1.171500000000000e+0	8.960000000000000e-2
1.637000000000000e+0	1.131600000000000e+0	8.810000000000000e-2
1.641000000000000e+0	1.256500000000000e+0	9.290000000000000e-2
1.644000000000000e+0	1.244100000000000e+0	9.250000000000000e-2
1.648000000000000e+0	1.197400000000000e+0	9.080000000000000e-2
1.651000000000000e+0	1.212500000000000e+0	9.140000000000000e-2
1.655000000000000e+0	1.151700000000000e+0	8.910000000000000e-2
1.659000000000000e+0	1.001100000000000e+0	8.310000000000000e-2
1.662000000000000e+0	1.188900000000000e+0	9.070000000000000e-2
1.666000000000000e+0	1.273200000000000e+0	9.390000000000000e-2
1.669000000000000e+0	1.143000000000000e+0	8.900000000000000e-2
1.673000000000000e+0	1.220600000000000e+0	9.200000000000000e-2
1.676000000000000e+0	1.131700000000000e+0	8.860000000000000e-2
1.680000000000000e+0	1.299700000000000e+0	9.500000000000000e-2
1.683000000000000e+0	1.210700000000000e+0	9.180000000000000e-2
1.687000000000000e+0	1.295600000000000e+0	9.500000000000000e-2
1.690000000000000e+0	1.269200000000000e+0	9.410000000000000e-2
1.694000000000000e+0	1.270500000000000e+0	9.420000000000000e-2
1.697000000000000e+0	1.278900000000000e+0	9.450000000000000e-2
1.701000000000000e+0	1.350300000000000e+0	9.720000000000000e-2
1.704000000000000e+0	1.043600000000000e+0	8.550000000000000e-2
1.708000000000000e+0	1.255100000000000e+0	9.380000000000000e-2
1.711000000000000e+0	1.144200000000000e+0	8.960000000000000e-2
1.715000000000000e+0	1.377300000000000e+0	9.840000000000000e-2
1.718000000000000e+0	1.231100000000000e+0	9.310000000000000e-2
1.721000000000000e+0	1.218300000000000e+0	9.260000000000000e-2
1.725000000000000e+0	1.247900000000000e+0	9.380000000000000e-2
1.728000000000000e+0	1.150400000000000e+0	9.010000000000000e-2
1.731000000000000e+0	1.391900000000000e+0	9.920000000000000e-2
1.735000000000000e+0	1.266100000000000e+0	9.460000000000000e-2
1.738000000000000e+0	1.140000000000000e+0	8.980000000000000e-2
1.741000000000000e+0	1.233400000000000e+0	9.350000000000000e-2
1.745000000000000e+0	1.156700000000000e+0	9.060000000000000e-2
1.748000000000000e+0	1.342600000000000e+0	9.770000000000000e-2
1.751000100000000e+0	1.059600000000000e+0	8.680000000000000e-2
1.755000100000000e+0	1.010900000000000e+0	8.480000000000000e-2
1.758000000000000e+0	1.311300000000000e+0	9.670000000000000e-2
1.761000100000000e+0	1.120100000000000e+0	8.940000000000000e-2
1.764000000000000e+0	1.085600000000000e+0	8.810000000000000e-2
1.768000000000000e+0	1.279800000000000e+0	9.570000000000000e-2
1.771000000000000e+0	1.603300000000000e+0	1.071000000000000e-1
1.774000000000000e+0	1.239600000000000e+0	9.420000000000000e-2
1.777000000000000e+0	1.176300000000000e+0	9.190000000000000e-2
1.780000000000000e+0	1.299700000000000e+0	9.660000000000000e-2
1.784000000000000e+0	1.128500000000000e+0	9.010000000000000e-2
1.787000000000000e+0	1.244900000000000e+0	9.460000000000000e-2
1.790000000000000e+0	1.260600000000000e+0	9.530000000000000e-2
1.793000000000000e+0	1.182600000000000e+0	9.230000000000000e-2
1.796000000000000e+0	1.162300000000000e+0	9.160000000000000e-2
1.799000000000000e+0	1.069500000000000e+0	8.790000000000000e-2
1.802000000000000e+0	1.222600000000000e+0	9.400000000000000e-2
1.806000000000000e+0	1.100800000000000e+0	8.930000000000000e-2
1.809000000000000e+0	1.413700000000000e+0	1.012000000000000e-1
1.812000000000000e+0	1.291800000000000e+0	9.680000000000000e-2
1.815000000000000e+0	1.162400000000000e+0	9.190000000000000e-2
1.818000000000000e+0	1.120000000000000e+0	9.030000000000000e-2
1.821000000000000e+0	1.186700000000000e+0	9.290000000000000e-2
1.824000000000000e+0	1.224400000000000e+0	9.450000000000000e-2
1.827000000000000e+0	1.101600000000000e+0	8.970000000000000e-2
1.830000000000000e+0	1.168500000000000e+0	9.240000000000000e-2
1.833000000000000e+0	1.104000000000000e+0	8.980000000000000e-2
1.836000000000000e+0	1.149000000000000e+0	9.170000000000000e-2
1.839000000000000e+0	1.033000000000000e+0	8.700000000000000e-2
1.842000000000000e+0	1.210100000000000e+0	9.420000000000000e-2
1.845000000000000e+0	1.233400000000000e+0	9.520000000000000e-2
1.848000000000000e+0	1.227300000000000e+0	9.500000000000000e-2
1.851000000000000e+0	1.324300000000000e+0	9.870000000000000e-2
1.854000000000000e+0	1.259400000000000e+0	9.630000000000000e-2
1.857000000000000e+0	1.179600000000000e+0	9.330000000000000e-2
1.860000000000000e+0	1.217700000000000e+0	9.480000000000000e-2
1.863000000000000e+0	1.196800000000000e+0	9.400000000000000e-2
1.866000000000000e+0	1.175900000000000e+0	9.330000000000000e-2
1.869000000000000e+0	1.317700000000000e+0	9.880000000000000e-2
1.872000000000000e+0	1.193100000000000e+0	9.400000000000000e-2
1.875000000000000e+0	1.053400000000000e+0	8.840000000000000e-2
1.877000000000000e+0	1.136200000000000e+0	9.190000000000000e-2
1.880000000000000e+0	1.174500000000000e+0	9.340000000000000e-2
1.883000000000000e+0	1.071600000000000e+0	8.930000000000000e-2
1.886000000000000e+0	1.102500000000000e+0	9.060000000000000e-2
1.889000000000000e+0	1.342200000000000e+0	1.000000000000000e-1
1.892000000000000e+0	1.157000000000000e+0	9.290000000000000e-2
1.895000000000000e+0	1.285200000000000e+0	9.800000000000000e-2
1.897000000000000e+0	1.159400000000000e+0	9.310000000000000e-2
1.900000000000000e+0	1.190500000000000e+0	9.440000000000000e-2
1.903000000000000e+0	1.116800000000000e+0	9.150000000000000e-2
1.906000000000000e+0	1.177900000000000e+0	9.400000000000000e-2
1.909000000000000e+0	1.254300000000000e+0	9.710000000000000e-2
1.911000000000000e+0	1.135200000000000e+0	9.240000000000000e-2
1.914000000000000e+0	1.264300000000000e+0	9.750000000000000e-2
1.917000000000000e+0	1.032100000000000e+0	8.820000000000000e-2
1.920000000000000e+0	1.214100000000000e+0	9.570000000000000e-2
1.922000000000000e+0	1.321000000000000e+0	9.990000000000000e-2
1.925000000000000e+0	1.178800000000000e+0	9.440000000000000e-2
1.928000000000000e+0	1.081700000000000e+0	9.050000000000000e-2
1.931000000000000e+0	1.203900000000000e+0	9.550000000000000e-2
1.933000000000000e+0	1.341600000000000e+0	1.008000000000000e-1
1.936000000000000e+0	1.532600000000000e+0	1.078000000000000e-1
1.939000000000000e+0	1.306300000000000e+0	9.960000000000000e-2
1.941000000000000e+0	1.239200000000000e+0	9.710000000000000e-2
1.944000000000000e+0	1.377500000000000e+0	1.024000000000000e-1
1.947000000000000e+0	1.211200000000000e+0	9.610000000000000e-2
1.949000000000000e+0	1.487000000000000e+0	1.065000000000000e-1
1.952000000000000e+0	1.190800000000000e+0	9.530000000000000e-2
1.955000000000000e+0	1.299000000000000e+0	9.960000000000000e-2
1.957000000000000e+0	1.499100000000000e+0	1.071000000000000e-1
1.960000000000000e+0	1.355200000000000e+0	1.019000000000000e-1
1.963000000000000e+0	1.394800000000000e+0	1.034000000000000e-1
1.965000000000000e+0	1.365500000000000e+0	1.024000000000000e-1
1.968000000000000e+0	1.405300000000000e+0	1.039000000000000e-1
1.971000000000000e+0	1.460500000000000e+0	1.060000000000000e-1
1.973000000000000e+0	1.354200000000000e+0	1.021000000000000e-1
1.976000000000000e+0	1.324800000000000e+0	1.010000000000000e-1
1.978000000000000e+0	1.557400000000000e+0	1.096000000000000e-1
1.981000000000000e+0	1.543500000000000e+0	1.091000000000000e-1
1.983000000000000e+0	1.691800000000000e+0	1.143000000000000e-1
1.986000000000000e+0	1.438300000000000e+0	1.055000000000000e-1
1.989000000000000e+0	1.555900000000000e+0	1.097000000000000e-1
1.991000000000000e+0	1.603900000000000e+0	1.115000000000000e-1
1.994000000000000e+0	1.605500000000000e+0	1.116000000000000e-1
1.996000000000000e+0	1.490600000000000e+0	1.076000000000000e-1
1.999000000000000e+0	1.678600000000000e+0	1.142000000000000e-1
2.001000000000000e+0	1.750300000000000e+0	1.167000000000000e-1
2.004000000000000e+0	1.526200000000000e+0	1.090000000000000e-1
2.006000000000000e+0	1.356200000000000e+0	1.028000000000000e-1
2.009000000000000e+0	1.459000000000000e+0	1.067000000000000e-1
2.011000000000000e+0	1.538500000000000e+0	1.096000000000000e-1
2.014000000000000e+0	1.618200000000000e+0	1.125000000000000e-1
2.016000000000000e+0	1.682400100000000e+0	1.147000000000000e-1
2.019000000000000e+0	1.629200000000000e+0	1.130000000000000e-1
2.021000000000000e+0	1.638600000000000e+0	1.133000000000000e-1
2.023000000000000e+0	1.750100000000000e+0	1.172000000000000e-1
2.026000000000000e+0	1.618300000000000e+0	1.128000000000000e-1
2.028000000000000e+0	1.792900000000000e+0	1.187000000000000e-1
2.031000000000000e+0	1.763100100000000e+0	1.178000000000000e-1
2.033000000000000e+0	1.693900000000000e+0	1.155000000000000e-1
2.036000000000000e+0	1.948000000000000e+0	1.239000000000000e-1
2.038000000000000e+0	1.713000000000000e+0	1.163000000000000e-1
2.040000000000000e+0	1.619900000000000e+0	1.131000000000000e-1
2.043000000000000e+0	1.866600000000000e+0	1.215000000000000e-1
2.045000000000000e+0	1.805100000000000e+0	1.195000000000000e-1
2.047000000000000e+0	1.902000000000000e+0	1.228000000000000e-1
2.050000000000000e+0	1.911700000000000e+0	1.231000000000000e-1
2.052000000000000e+0	1.897700000000000e+0	1.228000000000000e-1
2.055000000000000e+0	2.217400000000000e+0	1.328000000000000e-1
2.057000000000000e+0	1.845700000000000e+0	1.212000000000000e-1
2.059000000000000e+0	1.823600000000000e+0	1.205000000000000e-1
2.062000000000000e+0	2.120200000000000e+0	1.300000000000000e-1
2.064000000000000e+0	1.978700000000000e+0	1.256000000000000e-1
2.066000000000000e+0	1.693100000000000e+0	1.163000000000000e-1
2.069000000000000e+0	2.286200000000000e+0	1.352000000000000e-1
2.071000000000000e+0	1.992400000000000e+0	1.263000000000000e-1
2.073000000000000e+0	2.106400000000000e+0	1.299000000000000e-1
2.075000000000000e+0	1.980200000000000e+0	1.260000000000000e-1
2.078000000000000e+0	2.198700000000000e+0	1.328000000000000e-1
2.080000000000000e+0	2.056200000000000e+0	1.285000000000000e-1
2.082000000000000e+0	1.969800000000000e+0	1.258000000000000e-1
2.085000000000000e+0	2.180900000000000e+0	1.325000000000000e-1
2.087000000000000e+0	2.279600000000000e+0	1.355000000000000e-1
2.089000000000000e+0	2.322100000000000e+0	1.368000000000000e-1
2.091000000000000e+0	2.171000000000000e+0	1.324000000000000e-1
2.094000000000000e+0	2.261900000000000e+0	1.352000000000000e-1
2.096000000000000e+0	2.029600000000000e+0	1.281000000000000e-1
2.098000000000000e+0	2.225700000000000e+0	1.342000000000000e-1
2.100000000000000e+0	2.106300000000000e+0	1.306000000000000e-1
2.102000000000000e+0	2.165100000000000e+0	1.325000000000000e-1
2.105000000000000e+0	2.272700000000000e+0	1.358000000000000e-1
2.107000000000000e+0	2.429200000000000e+0	1.405000000000000e-1
2.109000000000000e+0	2.293200000000000e+0	1.366000000000000e-1
2.111000000000000e+0	2.271000000000000e+0	1.360000000000000e-1
2.113000000000000e+0	2.167200000000000e+0	1.329000000000000e-1
2.116000000000000e+0	2.495400000000000e+0	1.426000000000000e-1
2.118000000000000e+0	2.334500000000000e+0	1.381000000000000e-1
2.120000000000000e+0	2.402100000000000e+0	1.401000000000000e-1
2.122000000000000e+0	2.567900000000000e+0	1.449000000000000e-1
2.124000000000000e+0	2.488400000000000e+0	1.427000000000000e-1
2.126000000000000e+0	2.515300000000000e+0	1.436000000000000e-1
2.129000000000000e+0	2.591500000000000e+0	1.458000000000000e-1
2.131000000000000e+0	2.372300000000000e+0	1.395000000000000e-1
2.133000000000000e+0	2.555300000000000e+0	1.449000000000000e-1
2.135000000000000e+0	2.401400000000000e+0	1.405000000000000e-1
2.137000000000000e+0	2.593000000000000e+0	1.461000000000000e-1
2.139000000000000e+0	2.471800000000000e+0	1.427000000000000e-1
2.141000000000000e+0	2.606100000000000e+0	1.466000000000000e-1
2.143000000000000e+0	2.715800000000000e+0	1.497000000000000e-1
2.146000000000000e+0	2.652200000000000e+0	1.480000000000000e-1
2.148000000000000e+0	2.414900000000000e+0	1.413000000000000e-1
2.150000000000000e+0	2.508200000000000e+0	1.441000000000000e-1
2.152000000000000e+0	2.982700000000000e+0	1.572000000000000e-1
2.154000000000000e+0	2.736700000000000e+0	1.507000000000000e-1
2.156000000000000e+0	2.407200000000000e+0	1.414000000000000e-1
2.158000000000000e+0	2.542400000000000e+0	1.453000000000000e-1
2.160000000000000e+0	2.561400000000000e+0	1.459000000000000e-1
2.162000000000000e+0	2.671900000000000e+0	1.491000000000000e-1
2.164000000000000e+0	2.574400000000000e+0	1.465000000000000e-1
2.166000000000000e+0	2.410000000000000e+0	1.418000000000000e-1
2.168000000000000e+0	2.696000000000000e+0	1.500000000000000e-1
2.170000000000000e+0	2.656700000000000e+0	1.490000000000000e-1
2.172000000000000e+0	2.692600000000000e+0	1.500000000000000e-1
2.174000000000000e+0	2.896000000000000e+0	1.557000000000000e-1
2.176000000000000e+0	2.823200000000000e+0	1.538000000000000e-1
2.178000000000000e+0	2.507200000000000e+0	1.450000000000000e-1
2.180000000000000e+0	2.593400000000000e+0	1.475000000000000e-1
2.182000000000000e+0	2.528500000000000e+0	1.457000000000000e-1
2.184000000000000e+0	2.497200000000000e+0	1.449000000000000e-1
2.186000000000000e+0	2.566800000000000e+0	1.470000000000000e-1
2.188000000000000e+0	2.527100000000000e+0	1.459000000000000e-1
2.190000000000000e+0	2.622100000000000e+0	1.487000000000000e-1
2.192000000000000e+0	2.649800000000000e+0	1.495000000000000e-1
2.194000000000000e+0	2.669100000000000e+0	1.502000000000000e-1
2.196000000000000e+0	2.443300000000000e+0	1.437000000000000e-1
2.198000000000000e+0	2.674000000000000e+0	1.504000000000000e-1
2.200000000000000e+0	2.363000000000000e+0	1.415000000000000e-1
2.202000000000000e+0	2.661800000000000e+0	1.502000000000000e-1
2.204000000000000e+0	2.520000000000000e+0	1.462000000000000e-1
2.206000000000000e+0	2.726100000000000e+0	1.522000000000000e-1
2.208000000000000e+0	2.448100000000000e+0	1.443000000000000e-1
2.210000000000000e+0	2.637500000000000e+0	1.498000000000000e-1
2.212000000000000e+0	2.503600000000000e+0	1.460000000000000e-1
2.213000000000000e+0	2.701900000000000e+0	1.517000000000000e-1
2.215000000000000e+0	2.482500000000000e+0	1.455000000000000e-1
2.217000000000000e+0	2.706700000000000e+0	1.520000000000000e-1
2.219000000000000e+0	2.649300000000000e+0	1.505000000000000e-1
2.221000000000000e+0	2.788600000000000e+0	1.544000000000000e-1
2.223000000000000e+0	2.114700000000000e+0	1.346000000000000e-1
