-48.5351	0.00311	2.594e-4
-47.0419	0.00408	2.9818e-4
-45.6115	0.00517	3.3904e-4
-44.2402	0.00631	3.8031e-4
-42.925	0.00673	4.0342e-4
-41.6627	0.00934	4.7878e-4
-40.4506	0.0107	5.239e-4
-39.2861	0.0128	5.8413e-4
-38.1667	0.0157	6.582e-4
-37.09	0.0145	6.5398e-4
-36.0541	0.0143	6.6895e-4
-35.0567	0.0136	6.7202e-4
-34.0961	0.0145	7.1024e-4
-33.1704	0.0114	6.6069e-4
-32.278	0.0152	7.6689e-4
-31.4173	0.0139	7.5798e-4
-30.5868	0.0148	8.0079e-4
-29.7851	0.0169	8.7017e-4
-29.011	0.0176	9.0864e-4
-28.263	0.0209	0.00101
-27.5402	0.0208	0.00103
-26.8413	0.0242	0.00113
-26.1654	0.0253	0.00118
-25.5114	0.0289	0.00128
-24.8784	0.0294	0.00132
-24.2654	0.0307	0.00138
-23.6718	0.0287	0.00137
-23.0966	0.0326	0.00149
-22.5391	0.0338	0.00155
-21.9986	0.0327	0.00156
-21.4744	0.0388	0.00172
-20.9659	0.0353	0.00169
-20.4723	0.0372	0.00177
-19.9933	0.0454	0.00197
-19.5281	0.0498	0.0021
-19.0763	0.0507	0.00216
-18.6373	0.0497	0.00219
-18.2108	0.0518	0.00228
-17.7961	0.0485	0.00226
-17.3929	0.0498	0.00233
-17.0007	0.0428	0.00223
-16.6192	0.051	0.00245
-16.248	0.0432	0.00233
-15.8866	0.0469	0.00247
-15.5349	0.042	0.0024
-15.1923	0.044	0.0025
-14.8586	0.0468	0.00262
-14.5336	0.0465	0.00266
-14.2168	0.049	0.00278
-13.9081	0.0483	0.00281
-13.6071	0.0508	0.00293
-13.3136	0.0539	0.00306
-13.0273	0.0528	0.0031
-12.7481	0.0448	0.00295
-12.4757	0.0552	0.00328
-12.2098	0.051	0.00323
-11.9503	0.0433	0.00308
-11.6969	0.0427	0.00313
-11.4495	0.0383	0.00306
-11.2079	0.038	0.00311
-10.9718	0.0444	0.00336
-10.7412	0.0384	0.00325
-10.5159	0.0375	0.00328
-10.2957	0.0365	0.00331
-10.0804	0.0459	0.00367
-9.8699	0.0317	0.00328
-9.6641	0.0281	0.00322
-9.4628	0.0402	0.0037
-9.2659	0.0426	0.00385
-9.0733	0.0395	0.00382
-8.8848	0.0412	0.00395
-8.7003	0.0361	0.00385
-8.5198	0.0416	0.00412
-8.343	0.031	0.00381
-8.17	0.0357	0.00406
-8.0005	0.0331	0.00404
-7.8346	0.0375	0.00428
-7.672	0.0304	0.00409
-7.5127	0.0319	0.00423
-7.3567	0.0249	0.00403
-7.2038	0.0432	0.00482
-7.0539	0.0299	0.0044
-6.907	0.0341	0.00465
-6.763	0.0315	0.00464
-6.6219	0.0316	0.00473
-6.4834	0.026	0.00458
-6.3477	0.0189	0.00435
-6.2145	0.0164	0.00432
-6.0839	0.029	0.00499
-5.9557	0.0213	0.00474
-5.83	0.0187	0.00471
-5.7066	0.0187	0.0048
-5.5855	0.0153	0.00474
-5.4666	0.0206	0.0051
-5.3499	0.0297	0.00562
-5.2353	0.0201	0.00528
-5.1229	0.0227	0.00551
-5.0124	0.0378	0.00631
-4.9039	0.031	0.00612
-4.7974	0.0221	0.00581
-4.6927	0.0273	0.00617
-4.5899	0.028	0.00632
-4.4889	0.0231	0.00621
-4.3897	0.0386	0.00705
-4.2921	0.0357	0.00705
-4.1963	0.03	0.00691
-4.102	0.0301	0.00704
-4.0094	0.00752	0.006
-3.9184	0.0329	0.00743
-3.8288	0.0272	0.00729
-3.7408	0.038	0.00794
-3.6542	0.0478	0.00852
-3.5691	0.0375	0.0082
-3.4854	0.0656	0.00957
-3.403	0.0551	0.00928
-3.322	0.0302	0.00828
-3.2423	0.0542	0.00955
-3.1638	0.0222	0.00818
-3.0867	0.0218	0.00831
-3.0107	0.0347	0.00912
-2.936	0.0482	0.00991
-2.8624	0.0492	0.0101
-2.79	0.0569	0.0106
-2.7187	0.0348	0.00977
-2.6485	0.0474	0.0106
-2.5794	0.0474	0.0107
-2.5114	0.035	0.0103
-2.4444	0.0473	0.0111
-2.3784	0.0418	0.011
-2.3134	0.023	0.0102
-2.2494	0.0357	0.0111
-2.1863	0.0638	0.0126
-2.1242	0.0488	0.0121
-2.063	0.0534	0.0125
-2.0028	0.052	0.0126
-1.9434	0.0197	0.0112
-1.8848	0.0629	0.0135
-1.8271	0.0282	0.012
-1.7703	0.0536	0.0135
-1.7142	0.0427	0.0132
-1.659	0.0448	0.0135
-1.6046	0.0665	0.0148
-1.5509	0.0889	0.016
-1.498	0.0906	0.0163
-1.4458	0.066	0.0154
-1.3944	0.0702	0.0159
-1.3437	0.0837	0.0167
-1.2936	0.1163	0.0184
-1.2443	0.0884	0.0174
-1.1957	0.1319	0.0196
-1.1477	0.1081	0.0188
-1.1003	0.1702	0.0216
-1.0536	0.1274	0.0202
-1.0076	0.199	0.0233
-0.9621	0.2378	0.025
-0.9173	0.2313	0.025
-0.8731	0.345	0.0292
-0.8294	0.2992	0.028
-0.7863	0.3575	0.0302
-0.7438	0.6005	0.0374
-0.7018	0.5779	0.0372
-0.6604	0.7176	0.0411
-0.6196	0.9593	0.0471
-0.5792	1.3599	0.0556
-0.5394	1.711	0.0623
-0.5001	1.9349	0.0666
-0.4612	2.2441	0.072
-0.4229	2.8415	0.0812
-0.3851	3.944	0.0959
-0.3477	5.3046	0.1117
-0.3108	8.6713	0.1432
-0.2744	13.9623	0.1827
-0.2384	23.9163	0.2405
-0.2029	42.3822	0.3224
-0.1678	74.5085	0.4307
-0.1331	124.4269	0.5609
-0.0988	191.9253	0.7021
-0.065	260.5117	0.8246
-0.0316	304.8362	0.8993
0	297.298	0.7234
0.05	229.671	0.6378
0.1	121.158	0.4651
0.15	50.7973	0.3022
0.2	16.636	0.1743
0.25	7.0855	0.115
0.3	5.6917	0.1039
0.35	6.4612	0.1109
0.4	7.8982	0.1227
0.45	8.7361	0.1293
0.5	8.2686	0.1264
0.55	6.3912	0.112
0.6	4.7505	0.0976
0.65	3.4261	0.0841
0.7	2.6642	0.0752
0.75	2.4734	0.0732
0.8	2.1361	0.0688
0.85	2.0597	0.0682
0.9	1.7414	0.0638
0.95	1.7622	0.0645
1	1.6996	0.0639
1.05	1.6153	0.063
1.1	1.3895	0.0597
1.15	1.2435	0.0576
1.2	1.2096	0.0574
1.25	1.0001	0.054
1.3	0.7769	0.0499
1.35	0.7986	0.0509
1.4	0.5814	0.0466
1.45	0.4933	0.0452
1.5	0.6038	0.0484
1.55	0.4889	0.0464
1.6	0.4999	0.0473
1.65	0.5041	0.0482
1.7	0.3803	0.046
1.75	0.4718	0.049
1.8	0.5011	0.0506
1.85	0.7543	0.0571
1.9	0.8125	0.0592
1.95	1.0533	0.0649
2	1.2647	0.0698
2.05	1.0176	0.0664
2.1	1.2718	0.0721
2.15	1.1206	0.0706
2.2	0.9789	0.0693
2.25	0.8861	0.0689
2.3	0.7662	0.0682
2.35	0.672	0.0679
2.4	0.5933	0.0681
2.45	0.5965	0.0701
2.5	0.563	0.0715
2.55	0.3867	0.0702
2.6	0.364	0.0723
2.65	0.4593	0.0769
2.7	0.4649	0.0799
2.75	0.3801	0.0814
2.8	0.2656	0.0829
2.85	0.448	0.0902
2.9	0.5987	0.097
2.95	0.881	0.1063
3	1.0551	0.114
3.05	1.1444	0.121
3.1	1.4143	0.1311
3.15	1.7526	0.1427
3.2	2.6734	0.162
3.25	3.288	0.178
3.3	5.1828	0.2077
3.35	6.3311	0.2302
3.4	9.2289	0.2688
3.45	13.7968	0.3196
3.5	297.298	0.7234
