0.00000	    8.33333	    2.33333	    2.66667
0.20000	    8.33333	    2.33333	    2.66667
0.40000	    8.33333	    2.33333	    2.66667
0.60000	    8.33333	    2.33333	    2.66667
0.80000	    8.33333	    2.33333	    2.66667
1.00000	    8.33333	    2.33333	    2.66667
1.20000	    8.33333	    2.33333	    2.66667
1.40000	    8.33333	    2.33333	    2.66667
1.60000	    8.33333	    2.33333	    2.66667
1.80000	    8.33333	    2.33333	    2.66667
2.00000	    8.33333	    2.33333	    2.66667
2.20000	    8.33334	    2.33333	    2.66667
2.40000	    8.33334	    2.33333	    2.66666
2.60000	    8.33336	    2.33332	    2.66665
2.80000	    8.33326	    0.00013	    2.33331	    2.66664
3.00000	    8.33318	    0.00027	    2.33328	    2.66661
3.20000	    8.33306	    0.00049	    2.33323	    2.66655
3.40000	    8.33288	    0.00084	    2.33315	    2.66646
3.60000	    5.55485	    0.00014	    0.00135	    2.33304	    2.66633
3.80000	    5.55445	    0.00025	    0.00207	    2.33286	    2.66613
4.00000	    5.55388	    0.00042	    0.00304	    2.33262	    2.66586
4.20000	    5.55311	    0.00066	    0.00430	    2.33230	    2.66548
4.40000	    5.55211	    0.00101	    0.00589	    2.33187	    2.66499
4.60000	    5.55081	    0.00147	    0.00786	    2.33132	    2.66437
4.80000	    5.54920	    0.00208	    0.01023	    2.33063	    2.66358
5.00000	    5.54722	    0.00286	    0.01304	    2.32979	    2.66261
5.20000	    5.54482	    0.00385	    0.01630	    2.32877	    2.66145
5.40000	    5.54198	    0.00505	    0.02006	    2.32756	    2.66006
5.60000	    5.53866	    0.00651	    0.02431	    2.32614	    2.65844
5.80000	    5.53481	    0.00824	    0.02907	    2.32450	    2.65657
6.00000	    5.53041	    0.01027	    0.03434	    2.32262	    2.65442
6.20000	    5.52544	    0.01262	    0.04013	    2.32049	    2.65199
6.40000	    5.51986	    0.01530	    0.04643	    2.31811	    2.64927
6.60000	    5.51366	    0.01833	    0.05324	    2.31546	    2.64624
6.80000	    5.50682	    0.02172	    0.06055	    2.31254	    2.64290
7.00000	    5.49933	    0.02549	    0.06835	    2.30934	    2.63924
7.20000	    5.49118	    0.02964	    0.07662	    2.30585	    2.63526
7.40000	    5.48238	    0.03418	    0.08534	    2.30208	    2.63095
7.60000	    5.47290	    0.03912	    0.09449	    2.29803	    2.62632
7.80000	    5.46277	    0.04445	    0.10406	    2.29370	    2.62137
8.00000	    5.45198	    0.05017	    0.11402	    2.28908	    2.61609
8.20000	    5.44055	    0.05628	    0.12435	    2.28419	    2.61050
8.40000	    5.42848	    0.06278	    0.13503	    2.27902	    2.60459
8.60000	    5.41579	    0.06966	    0.14603	    2.27359	    2.59839
8.80000	    5.40250	    0.07690	    0.15733	    2.26789	    2.59188
9.00000	    5.38861	    0.08452	    0.16890	    2.26195	    2.58509
9.20000	    5.37416	    0.09248	    0.18073	    2.25576	    2.57801
9.40000	    5.35916	    0.10078	    0.19278	    2.24934	    2.57067
9.60000	    5.34364	    0.10941	    0.20504	    2.24269	    2.56307
9.80000	    5.32761	    0.11836	    0.21748	    2.23582	    2.55523
10.00000	    5.31111	    0.12760	    0.23008	    2.22875	    2.54715
10.20000	    5.29415	    0.13714	    0.24282	    2.22149	    2.53884
10.40000	    5.27676	    0.14694	    0.25568	    2.21404	    2.53033
10.60000	    5.25897	    0.15701	    0.26864	    2.20641	    2.52161
10.80000	    5.24080	    0.16731	    0.28168	    2.19863	    2.51272
11.00000	    5.22227	    0.17784	    0.29478	    2.19069	    2.50364
11.20000	    5.20342	    0.18859	    0.30792	    2.18261	    2.49441
11.40000	    5.18426	    0.19953	    0.32110	    2.17439	    2.48502
11.60000	    5.16481	    0.21065	    0.33429	    2.16606	    2.47550
11.80000	    5.14511	    0.22194	    0.34747	    2.15762	    2.46585
12.00000	    5.12518	    0.23339	    0.36064	    2.14908	    2.45609
12.20000	    5.10504	    0.24498	    0.37379	    2.14044	    2.44622
12.40000	    5.08470	    0.25669	    0.38689	    2.13173	    2.43626
12.60000	    5.06420	    0.26851	    0.39995	    2.12294	    2.42621
12.80000	    5.04355	    0.28044	    0.41294	    2.11409	    2.41610
13.00000	    5.02278	    0.29245	    0.42586	    2.10518	    2.40592
13.20000	    5.00189	    0.30454	    0.43871	    2.09623	    2.39569
13.40000	    4.98092	    0.31670	    0.45146	    2.08724	    2.38541
13.60000	    4.95987	    0.32890	    0.46413	    2.07821	    2.37510
13.80000	    4.93877	    0.34115	    0.47669	    2.06917	    2.36476
14.00000	    4.91763	    0.35344	    0.48914	    2.06010	    2.35441
14.20000	    4.89647	    0.36574	    0.50148	    2.05103	    2.34404
14.40000	    4.87530	    0.37807	    0.51370	    2.04195	    2.33366
14.60000	    4.85413	    0.39039	    0.52580	    2.03288	    2.32329
14.80000	    4.83298	    0.40272	    0.53777	    2.02381	    2.31293
15.00000	    4.81186	    0.41503	    0.54961	    2.01475	    2.30258
15.20000	    4.79078	    0.42733	    0.56131	    2.00572	    2.29225
15.40000	    4.76975	    0.43960	    0.57288	    1.99670	    2.28194
15.60000	    4.74879	    0.45184	    0.58431	    1.98771	    2.27167
15.80000	    4.72790	    0.46405	    0.59560	    1.97876	    2.26143
16.00000	    4.70709	    0.47621	    0.60675	    1.96983	    2.25124
16.20000	    4.68637	    0.48832	    0.61775	    1.96095	    2.24108
16.40000	    4.66574	    0.50038	    0.62861	    1.95211	    2.23098
16.60000	    4.64523	    0.51238	    0.63932	    1.94331	    2.22093
16.80000	    4.62482	    0.52432	    0.64989	    1.93456	    2.21093
17.00000	    4.60454	    0.53619	    0.66031	    1.92586	    2.20099
17.20000	    4.58438	    0.54800	    0.67059	    1.91722	    2.19111
17.40000	    4.56434	    0.55973	    0.68072	    1.90863	    2.18129
17.60000	    4.54445	    0.57138	    0.69070	    1.90010	    2.17154
17.80000	    4.52469	    0.58295	    0.70054	    1.89163	    2.16186
18.00000	    4.50507	    0.59444	    0.71023	    1.88321	    2.15225
18.20000	    4.48561	    0.60585	    0.71978	    1.87487	    2.14270
18.40000	    4.46629	    0.61717	    0.72918	    1.86658	    2.13324
18.60000	    4.44712	    0.62840	    0.73844	    1.85837	    2.12385
18.80000	    4.42812	    0.63954	    0.74757	    1.85022	    2.11453
19.00000	    4.40927	    0.65059	    0.75655	    1.84213	    2.10529
19.20000	    4.39058	    0.66155	    0.76539	    1.83412	    2.09614
19.40000	    4.37205	    0.67241	    0.77410	    1.82617	    2.08706
19.60000	    4.35369	    0.68317	    0.78267	    1.81830	    2.07806
19.80000	    4.33549	    0.69384	    0.79111	    1.81050	    2.06914
20.00000	    4.31746	    0.70441	    0.79941	    1.80277	    2.06030
20.20000	    4.29960	    0.71488	    0.80759	    1.79511	    2.05155
20.40000	    4.28190	    0.72526	    0.81563	    1.78752	    2.04288
20.60000	    4.26437	    0.73553	    0.82355	    1.78000	    2.03429
20.80000	    4.24702	    0.74571	    0.83134	    1.77256	    2.02578
21.00000	    4.22983	    0.75578	    0.83901	    1.76519	    2.01736
21.20000	    4.21281	    0.76576	    0.84656	    1.75789	    2.00902
21.40000	    4.19596	    0.77563	    0.85398	    1.75067	    2.00077
21.60000	    4.17928	    0.78541	    0.86129	    1.74352	    1.99259
21.80000	    4.16277	    0.79509	    0.86848	    1.73644	    1.98450
22.00000	    4.14643	    0.80467	    0.87555	    1.72943	    1.97649
22.20000	    4.13025	    0.81414	    0.88251	    1.72249	    1.96857
22.40000	    4.11425	    0.82352	    0.88936	    1.71563	    1.96072
22.60000	    4.09840	    0.83281	    0.89610	    1.70884	    1.95296
22.80000	    4.08273	    0.84199	    0.90273	    1.70212	    1.94528
23.00000	    4.06722	    0.85108	    0.90926	    1.69546	    1.93767
23.20000	    4.05187	    0.86007	    0.91568	    1.68888	    1.93015
23.40000	    4.03668	    0.86896	    0.92200	    1.68237	    1.92271
23.60000	    4.02166	    0.87776	    0.92821	    1.67593	    1.91535
23.80000	    4.00679	    0.88646	    0.93433	    1.66956	    1.90806
24.00000	    3.99209	    0.89507	    0.94035	    1.66325	    1.90086
24.20000	    3.97754	    0.90359	    0.94628	    1.65701	    1.89373
24.40000	    3.96315	    0.91201	    0.95211	    1.65084	    1.88668
24.60000	    3.94891	    0.92034	    0.95785	    1.64474	    1.87970
24.80000	    3.93483	    0.92858	    0.96349	    1.63870	    1.87280
25.00000	    3.92090	    0.93674	    0.96905	    1.63273	    1.86597
25.20000	    3.90712	    0.94480	    0.97452	    1.62682	    1.85922
25.40000	    3.89349	    0.95277	    0.97991	    1.62098	    1.85254
25.60000	    3.88001	    0.96065	    0.98521	    1.61519	    1.84594
25.80000	    3.86668	    0.96845	    0.99042	    1.60948	    1.83940
26.00000	    3.85349	    0.97617	    0.99556	    1.60382	    1.83294
26.20000	    3.84044	    0.98379	    1.00061	    1.59823	    1.82655
26.40000	    3.82753	    0.99134	    1.00559	    1.59269	    1.82022
26.60000	    3.81477	    0.99880	    1.01049	    1.58722	    1.81397
26.80000	    3.80214	    1.00617	    1.01531	    1.58181	    1.80778
27.00000	    3.78965	    1.01347	    1.02006	    1.57645	    1.80166
27.20000	    3.77730	    1.02069	    1.02474	    1.57116	    1.79561
27.40000	    3.76508	    1.02782	    1.02934	    1.56592	    1.78962
27.60000	    3.75300	    1.03488	    1.03387	    1.56074	    1.78370
27.80000	    3.74104	    1.04186	    1.03834	    1.55561	    1.77784
28.00000	    3.72922	    1.04877	    1.04274	    1.55054	    1.77204
28.20000	    3.71752	    1.05559	    1.04707	    1.54552	    1.76631
28.40000	    3.70595	    1.06235	    1.05133	    1.54056	    1.76064
28.60000	    3.69450	    1.06903	    1.05553	    1.53565	    1.75503
28.80000	    3.68318	    1.07563	    1.05967	    1.53080	    1.74949
29.00000	    3.67198	    1.08217	    1.06374	    1.52600	    1.74400
29.20000	    3.66090	    1.08863	    1.06776	    1.52125	    1.73857
29.40000	    3.64993	    1.09502	    1.07171	    1.51655	    1.73320
29.60000	    3.63909	    1.10134	    1.07561	    1.51190	    1.72788
29.80000	    3.62836	    1.10760	    1.07945	    1.50730	    1.72263
30.00000	    3.61775	    1.11378	    1.08323	    1.50275	    1.71743
30.20000	    3.60725	    1.11990	    1.08696	    1.49825	    1.71228
30.40000	    3.59686	    1.12595	    1.09063	    1.49379	    1.70719
30.60000	    3.58658	    1.13194	    1.09425	    1.48938	    1.70215
30.80000	    3.57641	    1.13786	    1.09782	    1.48502	    1.69717
31.00000	    3.56635	    1.14372	    1.10133	    1.48071	    1.69224
31.20000	    3.55639	    1.14952	    1.10480	    1.47644	    1.68736
31.40000	    3.54654	    1.15526	    1.10821	    1.47222	    1.68253
31.60000	    3.53679	    1.16093	    1.11158	    1.46804	    1.67776
31.80000	    3.52714	    1.16654	    1.11489	    1.46390	    1.67303
32.00000	    3.51760	    1.17210	    1.11817	    1.45981	    1.66835
32.20000	    3.50815	    1.17759	    1.12139	    1.45576	    1.66373
32.40000	    3.49880	    1.18303	    1.12457	    1.45175	    1.65914
32.60000	    3.48955	    1.18841	    1.12771	    1.44779	    1.65461
32.80000	    3.48040	    1.19373	    1.13080	    1.44386	    1.65013
33.00000	    3.47133	    1.19900	    1.13385	    1.43998	    1.64569
33.20000	    3.46237	    1.20421	    1.13685	    1.43613	    1.64129
33.40000	    3.45349	    1.20937	    1.13982	    1.43232	    1.63694
33.60000	    3.44470	    1.21448	    1.14274	    1.42856	    1.63264
33.80000	    3.43601	    1.21953	    1.14562	    1.42483	    1.62838
34.00000	    3.42740	    1.22453	    1.14847	    1.42114	    1.62416
34.20000	    3.41888	    1.22948	    1.15127	    1.41749	    1.61998
34.40000	    3.41044	    1.23437	    1.15404	    1.41387	    1.61585
34.60000	    3.40209	    1.23922	    1.15677	    1.41029	    1.61176
34.80000	    3.39383	    1.24402	    1.15947	    1.40675	    1.60771
35.00000	    3.38564	    1.24877	    1.16212	    1.40324	    1.60370
35.20000	    3.37754	    1.25347	    1.16475	    1.39977	    1.59973
35.40000	    3.36952	    1.25812	    1.16734	    1.39633	    1.59580
35.60000	    3.36158	    1.26273	    1.16989	    1.39292	    1.59191
35.80000	    3.35371	    1.26729	    1.17241	    1.38955	    1.58806
36.00000	    3.34593	    1.27180	    1.17490	    1.38621	    1.58424
36.20000	    3.33822	    1.27627	    1.17735	    1.38291	    1.58047
36.40000	    3.33059	    1.28070	    1.17977	    1.37964	    1.57673
36.60000	    3.32303	    1.28508	    1.18216	    1.37640	    1.57302
36.80000	    3.31554	    1.28942	    1.18452	    1.37319	    1.56936
37.00000	    3.30813	    1.29371	    1.18685	    1.37001	    1.56572
37.20000	    3.30079	    1.29796	    1.18915	    1.36686	    1.56213
37.40000	    3.29352	    1.30217	    1.19142	    1.36374	    1.55857
37.60000	    3.28632	    1.30634	    1.19367	    1.36066	    1.55504
37.80000	    3.27918	    1.31047	    1.19588	    1.35760	    1.55154
38.00000	    3.27212	    1.31456	    1.19806	    1.35457	    1.54808
38.20000	    3.26512	    1.31861	    1.20022	    1.35157	    1.54465
38.40000	    3.25819	    1.32262	    1.20235	    1.34860	    1.54126
38.60000	    3.25133	    1.32659	    1.20446	    1.34566	    1.53790
38.80000	    3.24453	    1.33052	    1.20654	    1.34274	    1.53456
39.00000	    3.23779	    1.33442	    1.20859	    1.33986	    1.53126
39.20000	    3.23112	    1.33828	    1.21062	    1.33700	    1.52800
39.40000	    3.22451	    1.34210	    1.21262	    1.33416	    1.52476
39.60000	    3.21796	    1.34589	    1.21460	    1.33135	    1.52155
39.80000	    3.21147	    1.34964	    1.21655	    1.32857	    1.51837
40.00000	    3.20504	    1.35335	    1.21848	    1.32582	    1.51522
40.20000	    3.19867	    1.35703	    1.22039	    1.32309	    1.51210
40.40000	    3.19236	    1.36068	    1.22228	    1.32038	    1.50901
40.60000	    3.18611	    1.36429	    1.22414	    1.31770	    1.50594
40.80000	    3.17991	    1.36787	    1.22598	    1.31504	    1.50291
41.00000	    3.17377	    1.37142	    1.22780	    1.31241	    1.49990
41.20000	    3.16768	    1.37493	    1.22959	    1.30980	    1.49692
41.40000	    3.16165	    1.37841	    1.23137	    1.30722	    1.49396
41.60000	    3.15568	    1.38186	    1.23312	    1.30466	    1.49104
41.80000	    3.14976	    1.38528	    1.23486	    1.30212	    1.48814
42.00000	    3.14389	    1.38866	    1.23657	    1.29960	    1.48526
42.20000	    3.13807	    1.39202	    1.23826	    1.29711	    1.48241
42.40000	    3.13230	    1.39535	    1.23994	    1.29464	    1.47959
42.60000	    3.12659	    1.39864	    1.24159	    1.29219	    1.47679
42.80000	    3.12092	    1.40191	    1.24323	    1.28976	    1.47401
43.00000	    3.11531	    1.40515	    1.24485	    1.28735	    1.47126
43.20000	    3.10974	    1.40835	    1.24644	    1.28497	    1.46853
43.40000	    3.10423	    1.41153	    1.24803	    1.28260	    1.46583
43.60000	    3.09876	    1.41468	    1.24959	    1.28026	    1.46315
43.80000	    3.09334	    1.41781	    1.25113	    1.27793	    1.46050
44.00000	    3.08796	    1.42091	    1.25266	    1.27563	    1.45786
44.20000	    3.08263	    1.42397	    1.25417	    1.27335	    1.45525
44.40000	    3.07735	    1.42702	    1.25567	    1.27108	    1.45266
44.60000	    3.07211	    1.43003	    1.25715	    1.26884	    1.45010
44.80000	    3.06692	    1.43302	    1.25861	    1.26661	    1.44755
45.00000	    3.06177	    1.43599	    1.26005	    1.26440	    1.44503
45.20000	    3.05666	    1.43893	    1.26148	    1.26221	    1.44253
45.40000	    3.05160	    1.44184	    1.26290	    1.26004	    1.44005
45.60000	    3.04658	    1.44473	    1.26430	    1.25789	    1.43759
45.80000	    3.04160	    1.44759	    1.26568	    1.25576	    1.43515
46.00000	    3.03666	    1.45043	    1.26705	    1.25364	    1.43273
46.20000	    3.03177	    1.45325	    1.26840	    1.25154	    1.43034
46.40000	    3.02691	    1.45604	    1.26974	    1.24946	    1.42796
46.60000	    3.02210	    1.45881	    1.27107	    1.24740	    1.42560
46.80000	    3.01732	    1.46156	    1.27238	    1.24535	    1.42326
47.00000	    3.01258	    1.46428	    1.27367	    1.24332	    1.42094
47.20000	    3.00789	    1.46698	    1.27496	    1.24131	    1.41864
47.40000	    3.00323	    1.46966	    1.27623	    1.23931	    1.41636
47.60000	    2.99861	    1.47231	    1.27749	    1.23733	    1.41409
47.80000	    2.99402	    1.47494	    1.27873	    1.23536	    1.41185
48.00000	    2.98947	    1.47756	    1.27996	    1.23342	    1.40962
48.20000	    2.98496	    1.48015	    1.28118	    1.23148	    1.40741
48.40000	    2.98049	    1.48272	    1.28238	    1.22956	    1.40522
48.60000	    2.97605	    1.48527	    1.28358	    1.22766	    1.40304
48.80000	    2.97165	    1.48779	    1.28476	    1.22577	    1.40089
49.00000	    2.96728	    1.49030	    1.28593	    1.22390	    1.39875
49.20000	    2.96294	    1.49279	    1.28708	    1.22204	    1.39662
49.40000	    2.95864	    1.49526	    1.28823	    1.22020	    1.39452
49.60000	    2.95438	    1.49770	    1.28936	    1.21837	    1.39243
49.80000	    2.95015	    1.50013	    1.29049	    1.21656	    1.39035
50.00000	    2.94595	    1.50254	    1.29160	    1.21476	    1.38830
50.20000	    2.94178	    1.50493	    1.29270	    1.21297	    1.38626
50.40000	    2.93764	    1.50730	    1.29379	    1.21120	    1.38423
50.60000	    2.93354	    1.50965	    1.29487	    1.20944	    1.38222
50.80000	    2.92947	    1.51199	    1.29593	    1.20770	    1.38023
51.00000	    2.92543	    1.51430	    1.29699	    1.20597	    1.37825
51.20000	    2.92142	    1.51660	    1.29804	    1.20425	    1.37628
51.40000	    2.91744	    1.51888	    1.29908	    1.20254	    1.37434
51.60000	    2.91350	    1.52114	    1.30010	    1.20085	    1.37240
51.80000	    2.90958	    1.52339	    1.30112	    1.19917	    1.37048
52.00000	    2.90569	    1.52562	    1.30213	    1.19751	    1.36858
52.20000	    2.90183	    1.52783	    1.30312	    1.19585	    1.36669
52.40000	    2.89800	    1.53002	    1.30411	    1.19421	    1.36481
52.60000	    2.89420	    1.53220	    1.30509	    1.19258	    1.36295
52.80000	    2.89042	    1.53436	    1.30606	    1.19096	    1.36110
53.00000	    2.88668	    1.53650	    1.30702	    1.18936	    1.35927
53.20000	    2.88296	    1.53863	    1.30797	    1.18776	    1.35744
53.40000	    2.87927	    1.54074	    1.30891	    1.18618	    1.35564
53.60000	    2.87561	    1.54284	    1.30984	    1.18461	    1.35384
53.80000	    2.87197	    1.54492	    1.31077	    1.18305	    1.35206
54.00000	    2.86836	    1.54698	    1.31168	    1.18151	    1.35029
54.20000	    2.86478	    1.54903	    1.31259	    1.17997	    1.34854
54.40000	    2.86122	    1.55107	    1.31349	    1.17845	    1.34680
54.60000	    2.85769	    1.55309	    1.31438	    1.17693	    1.34507
54.80000	    2.85418	    1.55509	    1.31526	    1.17543	    1.34335
55.00000	    2.85070	    1.55708	    1.31614	    1.17394	    1.34164
55.20000	    2.84725	    1.55906	    1.31700	    1.17246	    1.33995
55.40000	    2.84382	    1.56102	    1.31786	    1.17099	    1.33827
55.60000	    2.84041	    1.56297	    1.31871	    1.16953	    1.33660
55.80000	    2.83703	    1.56490	    1.31956	    1.16808	    1.33495
56.00000	    2.83367	    1.56682	    1.32039	    1.16664	    1.33330
56.20000	    2.83034	    1.56872	    1.32122	    1.16521	    1.33167
56.40000	    2.82702	    1.57062	    1.32204	    1.16379	    1.33005
56.60000	    2.82374	    1.57249	    1.32285	    1.16238	    1.32844
56.80000	    2.82047	    1.57436	    1.32366	    1.16098	    1.32684
57.00000	    2.81723	    1.57621	    1.32446	    1.15959	    1.32525
57.20000	    2.81401	    1.57805	    1.32525	    1.15821	    1.32367
57.40000	    2.81081	    1.57987	    1.32603	    1.15684	    1.32211
57.60000	    2.80764	    1.58169	    1.32681	    1.15548	    1.32055
57.80000	    2.80449	    1.58349	    1.32758	    1.15413	    1.31901
58.00000	    2.80135	    1.58527	    1.32835	    1.15279	    1.31747
58.20000	    2.79824	    1.58705	    1.32911	    1.15146	    1.31595
58.40000	    2.79515	    1.58881	    1.32986	    1.15013	    1.31444
58.60000	    2.79209	    1.59056	    1.33060	    1.14882	    1.31294
58.80000	    2.78904	    1.59230	    1.33134	    1.14751	    1.31144
59.00000	    2.78601	    1.59403	    1.33207	    1.14622	    1.30996
59.20000	    2.78301	    1.59574	    1.33280	    1.14493	    1.30849
59.40000	    2.78002	    1.59744	    1.33352	    1.14365	    1.30703
59.60000	    2.77706	    1.59913	    1.33423	    1.14238	    1.30557
59.80000	    2.77411	    1.60081	    1.33494	    1.14111	    1.30413
60.00000	    2.77119	    1.60248	    1.33564	    1.13986	    1.30270
60.20000	    1.60414	    1.33634	    1.13861	    1.30127
60.40000	    2.76539	    1.60578	    1.33703	    1.13738	    1.29986
60.60000	    2.76252	    1.60742	    1.33771	    1.13615	    1.29846
60.80000	    2.75967	    1.60904	    1.33839	    1.13493	    1.29706
61.00000	    1.61066	    1.33906	    1.13371	    1.29567
61.20000	    2.75403	    1.61226	    1.33973	    1.13251	    1.29430
61.40000	    1.61385	    1.34039	    1.13131	    1.29293
61.60000	    2.74846	    1.61543	    1.34105	    1.13012	    1.29157
61.80000	    2.74570	    1.61700	    1.34170	    1.12894	    1.29022
62.00000	    2.74296	    1.61856	    1.34234	    1.12777	    1.28888
62.20000	    2.74024	    1.62011	    1.34298	    1.12660	    1.28754
62.40000	    2.73754	    1.62165	    1.34362	    1.12544	    1.28622
62.60000	    2.73485	    1.62318	    1.34425	    1.12429	    1.28490
62.80000	    2.73218	    1.62470	    1.34487	    1.12315	    1.28359
63.00000	    2.72953	    1.62621	    1.34549	    1.12201	    1.28230
63.20000	    2.72689	    1.62771	    1.34611	    1.12088	    1.28100
63.40000	    2.72427	    1.62920	    1.34672	    1.11976	    1.27972
63.60000	    1.63068	    1.34732	    1.11864	    1.27845
63.80000	    2.71908	    1.63215	    1.34792	    1.11753	    1.27718
64.00000	    2.71651	    1.63362	    1.34852	    1.11643	    1.27592
64.20000	    2.71396	    1.63507	    1.34911	    1.11534	    1.27467
64.40000	    2.71142	    1.63651	    1.34970	    1.11425	    1.27343
64.60000	    2.70890	    1.63795	    1.35028	    1.11317	    1.27219
64.80000	    2.70639	    1.63937	    1.35086	    1.11209	    1.27096
65.00000	    2.70390	    1.64079	    1.35143	    1.11103	    1.26974
65.20000	    2.70143	    1.64220	    1.35200	    1.10997	    1.26853
65.40000	    2.69897	    1.64359	    1.35256	    1.10891	    1.26733
65.60000	    2.69652	    1.64498	    1.35312	    1.10786	    1.26613
65.80000	    2.69409	    1.64637	    1.35368	    1.10682	    1.26494
66.00000	    2.69168	    1.64774	    1.35423	    1.10579	    1.26376
66.20000	    2.68927	    1.64910	    1.35477	    1.10476	    1.26258
66.40000	    2.68689	    1.65046	    1.35532	    1.10374	    1.26141
66.60000	    2.68452	    1.65181	    1.35585	    1.10272	    1.26025
66.80000	    2.68216	    1.65314	    1.35639	    1.10171	    1.25910
67.00000	    2.67982	    1.65448	    1.35692	    1.10071	    1.25795
67.20000	    2.67749	    1.65580	    1.35745	    1.09971	    1.25681
67.40000	    2.67517	    1.65711	    1.35797	    1.09872	    1.25568
67.60000	    2.67287	    1.65842	    1.35849	    1.09773	    1.25455
67.80000	    2.67059	    1.65972	    1.35900	    1.09675	    1.25343
68.00000	    2.66831	    1.66101	    1.35951	    1.09578	    1.25231
68.20000	    2.66605	    1.66229	    1.36002	    1.09481	    1.25121
68.40000	    2.66380	    1.66357	    1.36052	    1.09384	    1.25011
68.60000	    2.66157	    1.66484	    1.36102	    1.09289	    1.24901
68.80000	    2.65935	    1.66610	    1.36152	    1.09194	    1.24793
69.00000	    2.65714	    1.66735	    1.36201	    1.09099	    1.24685
69.20000	    2.65495	    1.66859	    1.36250	    1.09005	    1.24577
69.40000	    2.65277	    1.66983	    1.36298	    1.08911	    1.24470
69.60000	    2.65060	    1.67106	    1.36347	    1.08819	    1.24364
69.80000	    2.64844	    1.67229	    1.36394	    1.08726	    1.24258
70.00000	    2.64630	    1.67350	    1.36442	    1.08634	    1.24153
70.20000	    2.64417	    1.67471	    1.36489	    1.08543	    1.24049
70.40000	    2.64205	    1.67591	    1.36536	    1.08452	    1.23945
70.60000	    2.63994	    1.67711	    1.36582	    1.08362	    1.23842
70.80000	    2.63784	    1.67830	    1.36628	    1.08272	    1.23739
71.00000	    2.63576	    1.67948	    1.36674	    1.08183	    1.23637
71.20000	    2.63369	    1.68065	    1.36720	    1.08094	    1.23536
71.40000	    2.63163	    1.68182	    1.36765	    1.08006	    1.23435
71.60000	    2.62958	    1.68298	    1.36810	    1.07918	    1.23335
71.80000	    2.62755	    1.68413	    1.36854	    1.07831	    1.23235
72.00000	    2.62552	    1.68528	    1.36898	    1.07744	    1.23136
72.20000	    2.62351	    1.68642	    1.36942	    1.07658	    1.23037
72.40000	    2.62151	    1.68756	    1.36986	    1.07572	    1.22939
72.60000	    2.61952	    1.68868	    1.37029	    1.07487	    1.22842
72.80000	    2.61754	    1.68981	    1.37072	    1.07402	    1.22745
73.00000	    2.61557	    1.69092	    1.37115	    1.07317	    1.22648
73.20000	    2.61361	    1.69203	    1.37157	    1.07234	    1.22553
73.40000	    2.61166	    1.69313	    1.37199	    1.07150	    1.22457
73.60000	    2.60973	    1.69423	    1.37241	    1.07067	    1.22362
73.80000	    2.60780	    1.69532	    1.37282	    1.06985	    1.22268
74.00000	    2.60589	    1.69640	    1.37324	    1.06903	    1.22174
74.20000	    2.60398	    1.69748	    1.37365	    1.06821	    1.22081
74.40000	    2.60209	    1.69855	    1.37405	    1.06740	    1.21988
74.60000	    2.60020	    1.69962	    1.37446	    1.06659	    1.21896
74.80000	    2.59833	    1.70068	    1.37486	    1.06579	    1.21804
75.00000	    2.59647	    1.70174	    1.37526	    1.06499	    1.21713
75.20000	    2.59461	    1.70279	    1.37565	    1.06420	    1.21622
75.40000	    2.59277	    1.70383	    1.37605	    1.06341	    1.21532
75.60000	    2.59094	    1.70487	    1.37644	    1.06262	    1.21442
75.80000	    2.58911	    1.70590	    1.37682	    1.06184	    1.21353
76.00000	    2.58730	    1.70692	    1.37721	    1.06106	    1.21264
76.20000	    2.58549	    1.70794	    1.37759	    1.06029	    1.21176
76.40000	    2.58370	    1.70896	    1.37797	    1.05952	    1.21088
76.60000	    2.58192	    1.70997	    1.37835	    1.05875	    1.21001
76.80000	    2.58014	    1.71097	    1.37873	    1.05799	    1.20914
77.00000	    2.57837	    1.71197	    1.37910	    1.05724	    1.20827
77.20000	    2.57662	    1.71297	    1.37947	    1.05648	    1.20741
77.40000	    2.57487	    1.71395	    1.37984	    1.05574	    1.20656
77.60000	    2.57313	    1.71494	    1.38020	    1.05499	    1.20570
77.80000	    2.57140	    1.71591	    1.38057	    1.05425	    1.20486
78.00000	    2.56968	    1.71689	    1.38093	    1.05351	    1.20402
78.20000	    2.56797	    1.71785	    1.38129	    1.05278	    1.20318
78.40000	    2.56627	    1.71882	    1.38164	    1.05205	    1.20234
78.60000	    2.56458	    1.71977	    1.38200	    1.05132	    1.20151
78.80000	    2.56289	    1.72072	    1.38235	    1.05060	    1.20069
79.00000	    2.56121	    1.72167	    1.38270	    1.04988	    1.19987
79.20000	    2.55955	    1.72261	    1.38304	    1.04917	    1.19905
79.40000	    2.55789	    1.72355	    1.38339	    1.04846	    1.19824
79.60000	    2.55624	    1.72448	    1.38373	    1.04775	    1.19743
79.80000	    2.55460	    1.72541	    1.38407	    1.04705	    1.19663
80.00000	    2.55296	    1.72633	    1.38441	    1.04635	    1.19583
80.20000	    2.55134	    1.72725	    1.38475	    1.04565	    1.19503
80.40000	    2.54972	    1.72817	    1.38508	    1.04496	    1.19424
80.60000	    2.54811	    1.72907	    1.38541	    1.04427	    1.19345
80.80000	    2.54651	    1.72998	    1.38574	    1.04358	    1.19267
81.00000	    2.54492	    1.73088	    1.38607	    1.04290	    1.19189
81.20000	    2.54333	    1.73177	    1.38640	    1.04222	    1.19111
81.40000	    2.54176	    1.73266	    1.38672	    1.04155	    1.19034
81.60000	    2.54019	    1.73355	    1.38704	    1.04088	    1.18957
81.80000	    2.53863	    1.73443	    1.38736	    1.04021	    1.18881
82.00000	    2.53707	    1.73531	    1.38768	    1.03954	    1.18805
82.20000	    2.53553	    1.73618	    1.38800	    1.03888	    1.18729
82.40000	    2.53399	    1.73705	    1.38831	    1.03822	    1.18654
82.60000	    2.53246	    1.73791	    1.38863	    1.03756	    1.18579
82.80000	    2.53094	    1.73877	    1.38894	    1.03691	    1.18504
83.00000	    2.52942	    1.73962	    1.38924	    1.03626	    1.18430
83.20000	    2.52791	    1.74047	    1.38955	    1.03562	    1.18356
83.40000	    2.52641	    1.74132	    1.38986	    1.03497	    1.18283
83.60000	    2.52492	    1.74216	    1.39016	    1.03433	    1.18210
83.80000	    2.52344	    1.74300	    1.39046	    1.03370	    1.18137
84.00000	    2.52196	    1.74383	    1.39076	    1.03306	    1.18065
84.20000	    2.52049	    1.74466	    1.39106	    1.03243	    1.17992
84.40000	    2.51902	    1.74549	    1.39135	    1.03181	    1.17921
84.60000	    2.51756	    1.74631	    1.39165	    1.03118	    1.17849
84.80000	    2.51611	    1.74713	    1.39194	    1.03056	    1.17778
85.00000	    2.51467	    1.74794	    1.39223	    1.02994	    1.17708
85.20000	    2.51324	    1.74875	    1.39252	    1.02933	    1.17637
85.40000	    2.51181	    1.74956	    1.39280	    1.02872	    1.17567
85.60000	    2.51038	    1.75036	    1.39309	    1.02811	    1.17498
85.80000	    1.75116	    1.39337	    1.02750	    1.17428
86.00000	    2.50756	    1.75195	    1.39366	    1.02690	    1.17359
86.20000	    2.50616	    1.75274	    1.39394	    1.02629	    1.17291
86.40000	    2.50476	    1.75353	    1.39422	    1.02570	    1.17222
86.60000	    2.50337	    1.75431	    1.39449	    1.02510	    1.17154
86.80000	    2.50199	    1.75509	    1.39477	    1.02451	    1.17087
87.00000	    2.50061	    1.75587	    1.39504	    1.02392	    1.17019
87.20000	    2.49924	    1.75664	    1.39531	    1.02333	    1.16952
87.40000	    2.49788	    1.75741	    1.39559	    1.02275	    1.16886
87.60000	    2.49652	    1.75817	    1.39585	    1.02217	    1.16819
87.80000	    2.49517	    1.75893	    1.39612	    1.02159	    1.16753
88.00000	    2.49383	    1.75969	    1.39639	    1.02101	    1.16687
88.20000	    2.49249	    1.76044	    1.39665	    1.02044	    1.16622
88.40000	    2.49116	    1.76119	    1.39692	    1.01987	    1.16556
88.60000	    2.48983	    1.76194	    1.39718	    1.01930	    1.16492
88.80000	    2.48851	    1.76268	    1.39744	    1.01874	    1.16427
89.00000	    2.48720	    1.76342	    1.39770	    1.01817	    1.16363
89.20000	    2.48589	    1.76416	    1.39795	    1.01761	    1.16299
89.40000	    2.48459	    1.76489	    1.39821	    1.01706	    1.16235
89.60000	    2.48330	    1.76562	    1.39846	    1.01650	    1.16171
89.80000	    2.48201	    1.76635	    1.39872	    1.01595	    1.16108
90.00000	    2.48072	    1.76707	    1.39897	    1.01540	    1.16045
90.20000	    2.47944	    1.76779	    1.39922	    1.01485	    1.15983
90.40000	    2.47817	    1.76850	    1.39947	    1.01430	    1.15921
90.60000	    2.47691	    1.76922	    1.39972	    1.01376	    1.15859
90.80000	    2.47565	    1.76993	    1.39996	    1.01322	    1.15797
91.00000	    2.47439	    1.77063	    1.40021	    1.01268	    1.15735
91.20000	    2.47314	    1.77133	    1.40045	    1.01215	    1.15674
91.40000	    2.47190	    1.77203	    1.40069	    1.01162	    1.15613
91.60000	    2.47066	    1.77273	    1.40093	    1.01109	    1.15553
91.80000	    2.46943	    1.77342	    1.40117	    1.01056	    1.15492
92.00000	    2.46820	    1.77411	    1.40141	    1.01003	    1.15432
92.20000	    2.46698	    1.77480	    1.40165	    1.00951	    1.15372
92.40000	    2.46576	    1.77549	    1.40188	    1.00899	    1.15313
92.60000	    2.46455	    1.77617	    1.40212	    1.00847	    1.15254
92.80000	    2.46334	    1.77685	    1.40235	    1.00795	    1.15195
93.00000	    2.46214	    1.77752	    1.40258	    1.00744	    1.15136
93.20000	    2.46095	    1.77819	    1.40281	    1.00693	    1.15077
93.40000	    2.45976	    1.77886	    1.40304	    1.00642	    1.15019
93.60000	    2.45858	    1.77953	    1.40327	    1.00591	    1.14961
93.80000	    2.45740	    1.78019	    1.40350	    1.00540	    1.14903
94.00000	    2.45622	    1.78085	    1.40372	    1.00490	    1.14846
94.20000	    2.45505	    1.78151	    1.40395	    1.00440	    1.14789
94.40000	    2.45389	    1.78216	    1.40417	    1.00390	    1.14732
94.60000	    2.45273	    1.78281	    1.40439	    1.00340	    1.14675
94.80000	    1.78346	    1.40461	    1.00291	    1.14618
95.00000	    2.45043	    1.78411	    1.40483	    1.00242	    1.14562
95.20000	    2.44928	    1.78475	    1.40505	    1.00193	    1.14506
95.40000	    1.78539	    1.40527	    1.00144	    1.14450
95.60000	    2.44701	    1.78603	    1.40548	    1.00095	    1.14395
95.80000	    2.44588	    1.78666	    1.40570	    1.00047	    1.14339
96.00000	    2.44475	    1.78729	    1.40591	    0.99999	    1.14284
96.20000	    1.78792	    1.40613	    0.99951	    1.14229
96.40000	    2.44252	    1.78855	    1.40634	    0.99903	    1.14175
96.60000	    2.44141	    1.78917	    1.40655	    0.99855	    1.14120
96.80000	    1.78980	    1.40676	    0.99808	    1.14066
97.00000	    2.43920	    1.79041	    1.40697	    0.99761	    1.14012
97.20000	    2.43811	    1.79103	    1.40717	    0.99714	    1.13959
97.40000	    2.43701	    1.79164	    1.40738	    0.99667	    1.13905
97.60000	    1.79225	    1.40759	    0.99621	    1.13852
97.80000	    2.43485	    1.79286	    1.40779	    0.99574	    1.13799
98.00000	    2.43377	    1.79347	    1.40799	    0.99528	    1.13746
98.20000	    2.43269	    1.79407	    1.40820	    0.99482	    1.13694
98.40000	    2.43162	    1.79467	    1.40840	    0.99436	    1.13641
98.60000	    2.43056	    1.79527	    1.40860	    0.99391	    1.13589
98.80000	    2.42950	    1.79586	    1.40880	    0.99345	    1.13537
99.00000	    2.42844	    1.79646	    1.40899	    0.99300	    1.13486
99.20000	    2.42739	    1.79705	    1.40919	    0.99255	    1.13434
99.40000	    2.42635	    1.79763	    1.40939	    0.99210	    1.13383
99.60000	    2.42530	    1.79822	    1.40958	    0.99165	    1.13332
99.80000	    2.42426	    1.79880	    1.40978	    0.99121	    1.13281
100.00000	    2.42323	    1.79938	    1.40997	    0.99077	    1.13230
100.20000	    2.42220	    1.79996	    1.41016	    0.99032	    1.13180
100.40000	    2.42117	    1.80054	    1.41035	    0.98988	    1.13130
100.60000	    2.42015	    1.80111	    1.41054	    0.98945	    1.13080
100.80000	    1.80168	    1.41073	    0.98901	    1.13030
101.00000	    2.41812	    1.80225	    1.41092	    0.98858	    1.12980
101.20000	    2.41711	    1.80281	    1.41111	    0.98814	    1.12931
101.40000	    2.41611	    1.80338	    1.41130	    0.98771	    1.12882
101.60000	    2.41511	    1.80394	    1.41148	    0.98729	    1.12833
101.80000	    2.41411	    1.80450	    1.41167	    0.98686	    1.12784
102.00000	    2.41312	    1.80506	    1.41185	    0.98643	    1.12735
102.20000	    2.41213	    1.80561	    1.41203	    0.98601	    1.12687
102.40000	    2.41114	    1.80616	    1.41222	    0.98559	    1.12639
102.60000	    2.41016	    1.80671	    1.41240	    0.98517	    1.12590
102.80000	    2.40918	    1.80726	    1.41258	    0.98475	    1.12543
103.00000	    2.40821	    1.80781	    1.41276	    0.98433	    1.12495
103.20000	    2.40724	    1.80835	    1.41294	    0.98392	    1.12447
103.40000	    1.80889	    1.41311	    0.98350	    1.12400
103.60000	    2.40531	    1.80943	    1.41329	    0.98309	    1.12353
103.80000	    2.40435	    1.80997	    1.41347	    0.98268	    1.12306
104.00000	    2.40340	    1.81050	    1.41364	    0.98227	    1.12259
104.20000	    2.40245	    1.81104	    1.41382	    0.98186	    1.12213
104.40000	    2.40150	    1.81157	    1.41399	    0.98146	    1.12167
104.60000	    1.81210	    1.41416	    0.98105	    1.12120
104.80000	    2.39962	    1.81262	    1.41433	    0.98065	    1.12074
105.00000	    2.39868	    1.81315	    1.41451	    0.98025	    1.12029
105.20000	    1.81367	    1.41468	    0.97985	    1.11983
105.40000	    2.39682	    1.81419	    1.41485	    0.97945	    1.11938
105.60000	    2.39590	    1.81471	    1.41501	    0.97906	    1.11892
105.80000	    2.39498	    1.81522	    1.41518	    0.97866	    1.11847
106.00000	    2.39406	    1.81574	    1.41535	    0.97827	    1.11802
106.20000	    2.39315	    1.81625	    1.41552	    0.97788	    1.11757
106.40000	    2.39224	    1.81676	    1.41568	    0.97749	    1.11713
106.60000	    1.81727	    1.41585	    0.97710	    1.11668
106.80000	    2.39043	    1.81778	    1.41601	    0.97671	    1.11624
107.00000	    2.38953	    1.81828	    1.41617	    0.97633	    1.11580
107.20000	    2.38863	    1.81878	    1.41634	    0.97594	    1.11536
107.40000	    1.81928	    1.41650	    0.97556	    1.11493
107.60000	    2.38685	    1.81978	    1.41666	    0.97518	    1.11449
107.80000	    2.38596	    1.82028	    1.41682	    0.97480	    1.11406
108.00000	    2.38508	    1.82077	    1.41698	    0.97442	    1.11362
108.20000	    2.38420	    1.82126	    1.41714	    0.97404	    1.11319
108.40000	    2.38332	    1.82175	    1.41730	    0.97367	    1.11276
108.60000	    2.38245	    1.82224	    1.41745	    0.97329	    1.11234
108.80000	    2.38158	    1.82273	    1.41761	    0.97292	    1.11191
109.00000	    2.38071	    1.82322	    1.41777	    0.97255	    1.11149
109.20000	    2.37985	    1.82370	    1.41792	    0.97218	    1.11106
109.40000	    2.37899	    1.82418	    1.41807	    0.97181	    1.11064
109.60000	    2.37813	    1.82466	    1.41823	    0.97144	    1.11022
109.80000	    2.37728	    1.82514	    1.41838	    0.97108	    1.10980
110.00000	    2.37643	    1.82561	    1.41853	    0.97071	    1.10939
110.20000	    1.82609	    1.41869	    0.97035	    1.10897
110.40000	    2.37473	    1.82656	    1.41884	    0.96999	    1.10856
110.60000	    2.37389	    1.82703	    1.41899	    0.96963	    1.10815
110.80000	    2.37306	    1.82750	    1.41914	    0.96927	    1.10774
111.00000	    2.37222	    1.82797	    1.41929	    0.96891	    1.10733
111.20000	    2.37139	    1.82843	    1.41943	    0.96856	    1.10692
111.40000	    2.37056	    1.82890	    1.41958	    0.96820	    1.10652
111.60000	    2.36974	    1.82936	    1.41973	    0.96785	    1.10611
111.80000	    2.36891	    1.82982	    1.41988	    0.96750	    1.10571
112.00000	    2.36809	    1.83028	    1.42002	    0.96714	    1.10531
112.20000	    2.36728	    1.83073	    1.42017	    0.96680	    1.10491
112.40000	    2.36646	    1.83119	    1.42031	    0.96645	    1.10451
112.60000	    1.83164	    1.42046	    0.96610	    1.10411
112.80000	    2.36484	    1.83210	    1.42060	    0.96575	    1.10372
113.00000	    1.83255	    1.42074	    0.96541	    1.10332
113.20000	    2.36324	    1.83299	    1.42088	    0.96507	    1.10293
113.40000	    2.36244	    1.83344	    1.42102	    0.96472	    1.10254
113.60000	    2.36164	    1.83389	    1.42117	    0.96438	    1.10215
113.80000	    2.36085	    1.83433	    1.42131	    0.96404	    1.10176
114.00000	    2.36006	    1.83477	    1.42144	    0.96370	    1.10138
114.20000	    2.35927	    1.83521	    1.42158	    0.96337	    1.10099
114.40000	    2.35849	    1.83565	    1.42172	    0.96303	    1.10061
114.60000	    2.35771	    1.83609	    1.42186	    0.96270	    1.10022
114.80000	    2.35693	    1.83652	    1.42200	    0.96236	    1.09984
115.00000	    2.35615	    1.83696	    1.42213	    0.96203	    1.09946
115.20000	    2.35538	    1.83739	    1.42227	    0.96170	    1.09908
115.40000	    2.35461	    1.83782	    1.42240	    0.96137	    1.09871
115.60000	    2.35384	    1.83825	    1.42254	    0.96104	    1.09833
115.80000	    1.83868	    1.42267	    0.96071	    1.09796
116.00000	    2.35231	    1.83910	    1.42281	    0.96038	    1.09758
116.20000	    2.35155	    1.83953	    1.42294	    0.96006	    1.09721
116.40000	    2.35079	    1.83995	    1.42307	    0.95973	    1.09684
116.60000	    2.35004	    1.84037	    1.42321	    0.95941	    1.09647
116.80000	    2.34929	    1.84079	    1.42334	    0.95909	    1.09610
117.00000	    2.34854	    1.84121	    1.42347	    0.95877	    1.09573
117.20000	    2.34779	    1.84163	    1.42360	    0.95845	    1.09537
117.40000	    2.34705	    1.84205	    1.42373	    0.95813	    1.09500
117.60000	    2.34631	    1.84246	    1.42386	    0.95781	    1.09464
117.80000	    2.34557	    1.84287	    1.42399	    0.95750	    1.09428
118.00000	    2.34483	    1.84328	    1.42411	    0.95718	    1.09392
118.20000	    2.34410	    1.84369	    1.42424	    0.95687	    1.09356
118.40000	    2.34337	    1.84410	    1.42437	    0.95655	    1.09320
118.60000	    2.34264	    1.84451	    1.42449	    0.95624	    1.09285
118.80000	    1.84492	    1.42462	    0.95593	    1.09249
119.00000	    2.34119	    1.84532	    1.42475	    0.95562	    1.09214
119.20000	    2.34047	    1.84572	    1.42487	    0.95531	    1.09178
119.40000	    2.33975	    1.84612	    1.42500	    0.95500	    1.09143
119.60000	    2.33903	    1.84652	    1.42512	    0.95470	    1.09108
119.80000	    2.33832	    1.84692	    1.42524	    0.95439	    1.09073
120.00000	    1.84732	    1.42537	    0.95409	    1.09038
120.20000	    2.33690	    1.84772	    1.42549	    0.95378	    1.09004
120.40000	    2.33619	    1.84811	    1.42561	    0.95348	    1.08969
120.60000	    2.33549	    1.84850	    1.42573	    0.95318	    1.08935
120.80000	    2.33479	    1.84890	    1.42585	    0.95288	    1.08900
121.00000	    2.33409	    1.84929	    1.42597	    0.95258	    1.08866
121.20000	    1.84968	    1.42609	    0.95228	    1.08832
121.40000	    2.33270	    1.85006	    1.42621	    0.95198	    1.08798
121.60000	    2.33200	    1.85045	    1.42633	    0.95168	    1.08764
121.80000	    2.33131	    1.85083	    1.42645	    0.95139	    1.08730
122.00000	    2.33063	    1.85122	    1.42657	    0.95109	    1.08697
122.20000	    2.32994	    1.85160	    1.42669	    0.95080	    1.08663
122.40000	    2.32926	    1.85198	    1.42680	    0.95051	    1.08630
122.60000	    2.32858	    1.85236	    1.42692	    0.95022	    1.08596
122.80000	    2.32790	    1.85274	    1.42704	    0.94993	    1.08563
123.00000	    2.32722	    1.85312	    1.42715	    0.94964	    1.08530
123.20000	    2.32655	    1.85349	    1.42727	    0.94935	    1.08497
123.40000	    2.32588	    1.85387	    1.42738	    0.94906	    1.08464
123.60000	    2.32521	    1.85424	    1.42750	    0.94877	    1.08431
123.80000	    2.32454	    1.85462	    1.42761	    0.94849	    1.08399
124.00000	    2.32388	    1.85499	    1.42772	    0.94820	    1.08366
124.20000	    2.32321	    1.85536	    1.42784	    0.94792	    1.08334
124.40000	    2.32255	    1.85573	    1.42795	    0.94764	    1.08301
124.60000	    1.85609	    1.42806	    0.94735	    1.08269
124.80000	    1.85646	    1.42817	    0.94707	    1.08237
125.00000	    2.32058	    1.85682	    1.42828	    0.94679	    1.08205
125.20000	    2.31993	    1.85719	    1.42839	    0.94651	    1.08173
125.40000	    1.85755	    1.42850	    0.94624	    1.08141
125.60000	    2.31863	    1.85791	    1.42861	    0.94596	    1.08109
125.80000	    2.31799	    1.85827	    1.42872	    0.94568	    1.08078
126.00000	    2.31735	    1.85863	    1.42883	    0.94541	    1.08046
126.20000	    2.31670	    1.85899	    1.42894	    0.94513	    1.08015
126.40000	    2.31607	    1.85934	    1.42905	    0.94486	    1.07984
126.60000	    2.31543	    1.85970	    1.42916	    0.94458	    1.07952
126.80000	    1.86005	    1.42926	    0.94431	    1.07921
127.00000	    2.31416	    1.86041	    1.42937	    0.94404	    1.07890
127.20000	    2.31353	    1.86076	    1.42948	    0.94377	    1.07860
127.40000	    2.31290	    1.86111	    1.42958	    0.94350	    1.07829
127.60000	    2.31227	    1.86146	    1.42969	    0.94323	    1.07798
127.80000	    2.31165	    1.86181	    1.42980	    0.94296	    1.07767
128.00000	    2.31102	    1.86216	    1.42990	    0.94270	    1.07737
128.20000	    1.86250	    1.43000	    0.94243	    1.07707
128.40000	    2.30978	    1.86285	    1.43011	    0.94217	    1.07676
128.60000	    2.30917	    1.86319	    1.43021	    0.94190	    1.07646
128.80000	    2.30855	    1.86353	    1.43032	    0.94164	    1.07616
129.00000	    1.86388	    1.43042	    0.94138	    1.07586
129.20000	    2.30733	    1.86422	    1.43052	    0.94111	    1.07556
129.40000	    2.30672	    1.86456	    1.43062	    0.94085	    1.07526
129.60000	    1.86490	    1.43073	    0.94059	    1.07496
129.80000	    2.30551	    1.86523	    1.43083	    0.94033	    1.07467
130.00000	    2.30490	    1.86557	    1.43093	    0.94008	    1.07437
130.20000	    1.86590	    1.43103	    0.93982	    1.07408
130.40000	    2.30370	    1.86624	    1.43113	    0.93956	    1.07378
130.60000	    1.86657	    1.43123	    0.93931	    1.07349
130.80000	    2.30251	    1.86690	    1.43133	    0.93905	    1.07320
131.00000	    2.30191	    1.86724	    1.43143	    0.93880	    1.07291
131.20000	    1.86757	    1.43153	    0.93854	    1.07262
131.40000	    2.30073	    1.86789	    1.43162	    0.93829	    1.07233
131.60000	    1.86822	    1.43172	    0.93804	    1.07204
131.80000	    2.29956	    1.86855	    1.43182	    0.93779	    1.07176
132.00000	    2.29897	    1.86887	    1.43192	    0.93754	    1.07147
132.20000	    2.29839	    1.86920	    1.43201	    0.93729	    1.07118
132.40000	    2.29781	    1.86952	    1.43211	    0.93704	    1.07090
132.60000	    1.86985	    1.43221	    0.93679	    1.07062
132.80000	    2.29665	    1.87017	    1.43230	    0.93654	    1.07033
133.00000	    1.87049	    1.43240	    0.93629	    1.07005
133.20000	    1.87081	    1.43249	    0.93605	    1.06977
133.40000	    2.29493	    1.87113	    1.43259	    0.93580	    1.06949
133.60000	    2.29436	    1.87145	    1.43268	    0.93556	    1.06921
133.80000	    2.29379	    1.87176	    1.43278	    0.93532	    1.06893
134.00000	    2.29322	    1.87208	    1.43287	    0.93507	    1.06865
134.20000	    2.29266	    1.87239	    1.43296	    0.93483	    1.06838
134.40000	    2.29209	    1.87271	    1.43306	    0.93459	    1.06810
134.60000	    2.29153	    1.87302	    1.43315	    0.93435	    1.06783
134.80000	    1.87333	    1.43324	    0.93411	    1.06755
135.00000	    1.87364	    1.43333	    0.93387	    1.06728
135.20000	    2.28986	    1.87395	    1.43343	    0.93363	    1.06701
135.40000	    2.28930	    1.87426	    1.43352	    0.93339	    1.06673
135.60000	    2.28875	    1.87457	    1.43361	    0.93316	    1.06646
135.80000	    2.28820	    1.87488	    1.43370	    0.93292	    1.06619
136.00000	    2.28765	    1.87518	    1.43379	    0.93268	    1.06592
136.20000	    2.28710	    1.87549	    1.43388	    0.93245	    1.06566
136.40000	    2.28655	    1.87579	    1.43397	    0.93221	    1.06539
136.60000	    2.28601	    1.87610	    1.43406	    0.93198	    1.06512
136.80000	    1.87640	    1.43415	    0.93175	    1.06486
137.00000	    2.28492	    1.87670	    1.43424	    0.93152	    1.06459
137.20000	    1.87700	    1.43433	    0.93128	    1.06433
137.40000	    2.28384	    1.87730	    1.43441	    0.93105	    1.06406
137.60000	    2.28330	    1.87760	    1.43450	    0.93082	    1.06380
137.80000	    1.87790	    1.43459	    0.93059	    1.06354
138.00000	    2.28224	    1.87820	    1.43468	    0.93037	    1.06328
138.20000	    2.28170	    1.87849	    1.43476	    0.93014	    1.06301
138.40000	    2.28117	    1.87879	    1.43485	    0.92991	    1.06275
138.60000	    2.28064	    1.87908	    1.43494	    0.92968	    1.06250
138.80000	    2.28012	    1.87938	    1.43502	    0.92946	    1.06224
139.00000	    2.27959	    1.87967	    1.43511	    0.92923	    1.06198
139.20000	    2.27907	    1.87996	    1.43519	    0.92901	    1.06172
139.40000	    2.27854	    1.88025	    1.43528	    0.92878	    1.06147
139.60000	    2.27802	    1.88054	    1.43536	    0.92856	    1.06121
139.80000	    1.88083	    1.43545	    0.92834	    1.06096
140.00000	    1.88112	    1.43553	    0.92812	    1.06070
140.20000	    2.27647	    1.88141	    1.43562	    0.92789	    1.06045
140.40000	    2.27595	    1.88169	    1.43570	    0.92767	    1.06020
140.60000	    2.27544	    1.88198	    1.43578	    0.92745	    1.05995
140.80000	    2.27493	    1.88227	    1.43587	    0.92723	    1.05970
141.00000	    2.27441	    1.88255	    1.43595	    0.92702	    1.05945
141.20000	    2.27391	    1.88283	    1.43603	    0.92680	    1.05920
141.40000	    2.27340	    1.88312	    1.43611	    0.92658	    1.05895
141.60000	    1.88340	    1.43620	    0.92636	    1.05870
141.80000	    2.27239	    1.88368	    1.43628	    0.92615	    1.05845
142.00000	    2.27188	    1.88396	    1.43636	    0.92593	    1.05821
142.20000	    2.27138	    1.88424	    1.43644	    0.92572	    1.05796
142.40000	    2.27088	    1.88452	    1.43652	    0.92550	    1.05772
142.60000	    2.27038	    1.88479	    1.43660	    0.92529	    1.05747
142.80000	    2.26988	    1.88507	    1.43668	    0.92508	    1.05723
143.00000	    2.26939	    1.88535	    1.43676	    0.92486	    1.05699
143.20000	    2.26889	    1.88562	    1.43684	    0.92465	    1.05674
143.40000	    2.26840	    1.88590	    1.43692	    0.92444	    1.05650
143.60000	    1.88617	    1.43700	    0.92423	    1.05626
143.80000	    2.26742	    1.88644	    1.43708	    0.92402	    1.05602
144.00000	    2.26693	    1.88671	    1.43716	    0.92381	    1.05578
144.20000	    1.88699	    1.43724	    0.92360	    1.05554
144.40000	    1.88726	    1.43732	    0.92339	    1.05530
144.60000	    1.88753	    1.43739	    0.92318	    1.05507
144.80000	    2.26498	    1.88779	    1.43747	    0.92298	    1.05483
145.00000	    2.26450	    1.88806	    1.43755	    0.92277	    1.05459
145.20000	    2.26402	    1.88833	    1.43763	    0.92256	    1.05436
145.40000	    2.26354	    1.88860	    1.43770	    0.92236	    1.05412
145.60000	    2.26306	    1.88886	    1.43778	    0.92215	    1.05389
145.80000	    2.26259	    1.88913	    1.43786	    0.92195	    1.05366
146.00000	    2.26211	    1.88939	    1.43793	    0.92175	    1.05342
146.20000	    2.26164	    1.88966	    1.43801	    0.92154	    1.05319
146.40000	    1.88992	    1.43808	    0.92134	    1.05296
146.60000	    2.26069	    1.89018	    1.43816	    0.92114	    1.05273
146.80000	    1.89044	    1.43823	    0.92094	    1.05250
147.00000	    1.89070	    1.43831	    0.92074	    1.05227
147.20000	    2.25929	    1.89096	    1.43838	    0.92054	    1.05204
147.40000	    1.89122	    1.43846	    0.92034	    1.05181
147.60000	    2.25835	    1.89148	    1.43853	    0.92014	    1.05158
147.80000	    2.25789	    1.89174	    1.43861	    0.91994	    1.05136
148.00000	    2.25743	    1.89200	    1.43868	    0.91974	    1.05113
148.20000	    2.25697	    1.89225	    1.43875	    0.91954	    1.05091
148.40000	    2.25651	    1.89251	    1.43883	    0.91935	    1.05068
148.60000	    2.25605	    1.89276	    1.43890	    0.91915	    1.05046
148.80000	    2.25559	    1.89302	    1.43897	    0.91895	    1.05023
149.00000	    2.25514	    1.89327	    1.43904	    0.91876	    1.05001
149.20000	    2.25468	    1.89352	    1.43912	    0.91856	    1.04979
149.40000	    2.25423	    1.89377	    1.43919	    0.91837	    1.04956
149.60000	    2.25377	    1.89403	    1.43926	    0.91818	    1.04934
149.80000	    2.25332	    1.89428	    1.43933	    0.91798	    1.04912
150.00000	    2.25287	    1.89453	    1.43940	    0.91779	    1.04890
150.20000	    2.25243	    1.89478	    1.43947	    0.91760	    1.04868
150.40000	    2.25198	    1.89502	    1.43955	    0.91741	    1.04846
150.60000	    2.25153	    1.89527	    1.43962	    0.91721	    1.04824
150.80000	    2.25109	    1.89552	    1.43969	    0.91702	    1.04803
151.00000	    2.25064	    1.89577	    1.43976	    0.91683	    1.04781
151.20000	    2.25020	    1.89601	    1.43983	    0.91664	    1.04759
151.40000	    1.89626	    1.43990	    0.91645	    1.04738
151.60000	    2.24932	    1.89650	    1.43997	    0.91627	    1.04716
151.80000	    2.24888	    1.89675	    1.44003	    0.91608	    1.04695
152.00000	    2.24844	    1.89699	    1.44010	    0.91589	    1.04673
152.20000	    1.89723	    1.44017	    0.91570	    1.04652
152.40000	    2.24757	    1.89747	    1.44024	    0.91552	    1.04631
152.60000	    2.24714	    1.89771	    1.44031	    0.91533	    1.04609
152.80000	    1.89796	    1.44038	    0.91515	    1.04588
153.00000	    2.24627	    1.89820	    1.44045	    0.91496	    1.04567
153.20000	    2.24584	    1.89843	    1.44051	    0.91478	    1.04546
153.40000	    2.24541	    1.89867	    1.44058	    0.91459	    1.04525
153.60000	    2.24498	    1.89891	    1.44065	    0.91441	    1.04504
153.80000	    1.89915	    1.44072	    0.91423	    1.04483
154.00000	    1.89939	    1.44078	    0.91404	    1.04462
154.20000	    2.24370	    1.89962	    1.44085	    0.91386	    1.04441
154.40000	    2.24328	    1.89986	    1.44092	    0.91368	    1.04420
154.60000	    2.24286	    1.90009	    1.44098	    0.91350	    1.04400
154.80000	    1.90033	    1.44105	    0.91332	    1.04379
155.00000	    1.90056	    1.44111	    0.91314	    1.04359
155.20000	    2.24159	    1.90079	    1.44118	    0.91296	    1.04338
155.40000	    2.24118	    1.90102	    1.44124	    0.91278	    1.04318
155.60000	    2.24076	    1.90126	    1.44131	    0.91260	    1.04297
155.80000	    1.90149	    1.44138	    0.91242	    1.04277
156.00000	    2.23993	    1.90172	    1.44144	    0.91224	    1.04256
156.20000	    2.23951	    1.90195	    1.44150	    0.91207	    1.04236
156.40000	    2.23910	    1.90218	    1.44157	    0.91189	    1.04216
156.60000	    2.23869	    1.90241	    1.44163	    0.91171	    1.04196
156.80000	    2.23828	    1.90263	    1.44170	    0.91154	    1.04176
157.00000	    2.23787	    1.90286	    1.44176	    0.91136	    1.04156
157.20000	    2.23746	    1.90309	    1.44183	    0.91119	    1.04136
157.40000	    2.23705	    1.90331	    1.44189	    0.91101	    1.04116
157.60000	    2.23665	    1.90354	    1.44195	    0.91084	    1.04096
157.80000	    1.90376	    1.44201	    0.91066	    1.04076
158.00000	    2.23584	    1.90399	    1.44208	    0.91049	    1.04056
158.20000	    1.90421	    1.44214	    0.91032	    1.04036
158.40000	    1.90444	    1.44220	    0.91015	    1.04017
158.60000	    2.23463	    1.90466	    1.44227	    0.90997	    1.03997
158.80000	    2.23423	    1.90488	    1.44233	    0.90980	    1.03977
159.00000	    2.23383	    1.90510	    1.44239	    0.90963	    1.03958
159.20000	    1.90532	    1.44245	    0.90946	    1.03938
159.40000	    1.90554	    1.44251	    0.90929	    1.03919
159.60000	    2.23264	    1.90576	    1.44257	    0.90912	    1.03900
159.80000	    2.23224	    1.90598	    1.44264	    0.90895	    1.03880
160.00000	    1.90620	    1.44270	    0.90878	    1.03861
160.20000	    2.23146	    1.90642	    1.44276	    0.90862	    1.03842
160.40000	    1.90664	    1.44282	    0.90845	    1.03823
160.60000	    2.23067	    1.90685	    1.44288	    0.90828	    1.03803
160.80000	    2.23028	    1.90707	    1.44294	    0.90811	    1.03784
161.00000	    2.22989	    1.90729	    1.44300	    0.90795	    1.03765
161.20000	    2.22951	    1.90750	    1.44306	    0.90778	    1.03746
161.40000	    2.22912	    1.90772	    1.44312	    0.90761	    1.03727
161.60000	    2.22873	    1.90793	    1.44318	    0.90745	    1.03708
161.80000	    2.22835	    1.90814	    1.44324	    0.90728	    1.03690
162.00000	    2.22796	    1.90836	    1.44330	    0.90712	    1.03671
162.20000	    2.22758	    1.90857	    1.44336	    0.90695	    1.03652
162.40000	    1.90878	    1.44341	    0.90679	    1.03633
162.60000	    2.22682	    1.90899	    1.44347	    0.90663	    1.03615
162.80000	    2.22644	    1.90921	    1.44353	    0.90646	    1.03596
163.00000	    2.22606	    1.90942	    1.44359	    0.90630	    1.03577
163.20000	    2.22568	    1.90963	    1.44365	    0.90614	    1.03559
163.40000	    2.22530	    1.90983	    1.44371	    0.90598	    1.03540
163.60000	    2.22492	    1.91004	    1.44376	    0.90582	    1.03522
163.80000	    2.22455	    1.91025	    1.44382	    0.90566	    1.03504
164.00000	    2.22417	    1.91046	    1.44388	    0.90550	    1.03485
164.20000	    2.22380	    1.91067	    1.44394	    0.90534	    1.03467
164.40000	    2.22343	    1.91087	    1.44399	    0.90518	    1.03449
164.60000	    2.22306	    1.91108	    1.44405	    0.90502	    1.03431
164.80000	    2.22268	    1.91129	    1.44411	    0.90486	    1.03412
165.00000	    2.22231	    1.91149	    1.44416	    0.90470	    1.03394
165.20000	    2.22195	    1.91170	    1.44422	    0.90454	    1.03376
165.40000	    2.22158	    1.91190	    1.44428	    0.90438	    1.03358
165.60000	    2.22121	    1.91210	    1.44433	    0.90423	    1.03340
165.80000	    2.22084	    1.91231	    1.44439	    0.90407	    1.03322
166.00000	    2.22048	    1.91251	    1.44445	    0.90391	    1.03304
166.20000	    2.22011	    1.91271	    1.44450	    0.90376	    1.03286
166.40000	    2.21975	    1.91291	    1.44456	    0.90360	    1.03269
166.60000	    2.21939	    1.91311	    1.44461	    0.90345	    1.03251
166.80000	    1.91331	    1.44467	    0.90329	    1.03233
167.00000	    1.91352	    1.44472	    0.90314	    1.03216
167.20000	    2.21830	    1.91371	    1.44478	    0.90298	    1.03198
167.40000	    2.21794	    1.91391	    1.44483	    0.90283	    1.03180
167.60000	    1.91411	    1.44489	    0.90267	    1.03163
167.80000	    2.21723	    1.91431	    1.44494	    0.90252	    1.03145
168.00000	    2.21687	    1.91451	    1.44500	    0.90237	    1.03128
168.20000	    2.21652	    1.91471	    1.44505	    0.90222	    1.03110
168.40000	    2.21616	    1.91490	    1.44510	    0.90206	    1.03093
168.60000	    2.21581	    1.91510	    1.44516	    0.90191	    1.03076
168.80000	    2.21545	    1.91529	    1.44521	    0.90176	    1.03058
169.00000	    2.21510	    1.91549	    1.44526	    0.90161	    1.03041
169.20000	    1.91568	    1.44532	    0.90146	    1.03024
169.40000	    1.91588	    1.44537	    0.90131	    1.03007
169.60000	    2.21405	    1.91607	    1.44542	    0.90116	    1.02990
169.80000	    1.91627	    1.44548	    0.90101	    1.02973
170.00000	    1.91646	    1.44553	    0.90086	    1.02956
170.20000	    2.21301	    1.91665	    1.44558	    0.90071	    1.02939
170.40000	    2.21266	    1.91684	    1.44564	    0.90056	    1.02922
170.60000	    2.21231	    1.91703	    1.44569	    0.90042	    1.02905
170.80000	    2.21197	    1.91723	    1.44574	    0.90027	    1.02888
171.00000	    2.21163	    1.91742	    1.44579	    0.90012	    1.02871
171.20000	    2.21128	    1.91761	    1.44584	    0.89997	    1.02854
171.40000	    2.21094	    1.91780	    1.44590	    0.89983	    1.02837
171.60000	    2.21060	    1.91799	    1.44595	    0.89968	    1.02821
171.80000	    2.21026	    1.91817	    1.44600	    0.89954	    1.02804
172.00000	    2.20992	    1.91836	    1.44605	    0.89939	    1.02787
172.20000	    2.20958	    1.91855	    1.44610	    0.89925	    1.02771
172.40000	    1.91874	    1.44615	    0.89910	    1.02754
172.60000	    2.20890	    1.91892	    1.44620	    0.89896	    1.02738
172.80000	    2.20857	    1.91911	    1.44625	    0.89881	    1.02721
173.00000	    2.20823	    1.91930	    1.44630	    0.89867	    1.02705
173.20000	    2.20790	    1.91948	    1.44635	    0.89852	    1.02688
173.40000	    2.20756	    1.91967	    1.44640	    0.89838	    1.02672
173.60000	    2.20723	    1.91985	    1.44646	    0.89824	    1.02656
173.80000	    2.20690	    1.92004	    1.44651	    0.89810	    1.02640
174.00000	    2.20656	    1.92022	    1.44656	    0.89795	    1.02623
174.20000	    2.20623	    1.92040	    1.44660	    0.89781	    1.02607
174.40000	    1.92059	    1.44665	    0.89767	    1.02591
174.60000	    2.20557	    1.92077	    1.44670	    0.89753	    1.02575
174.80000	    2.20524	    1.92095	    1.44675	    0.89739	    1.02559
175.00000	    2.20492	    1.92113	    1.44680	    0.89725	    1.02543
175.20000	    2.20459	    1.92131	    1.44685	    0.89711	    1.02527
175.40000	    1.92150	    1.44690	    0.89697	    1.02511
175.60000	    2.20394	    1.92168	    1.44695	    0.89683	    1.02495
175.80000	    2.20361	    1.92186	    1.44700	    0.89669	    1.02479
176.00000	    2.20329	    1.92204	    1.44705	    0.89655	    1.02463
176.20000	    2.20296	    1.92221	    1.44710	    0.89641	    1.02447
176.40000	    2.20264	    1.92239	    1.44714	    0.89627	    1.02431
176.60000	    2.20232	    1.92257	    1.44719	    0.89614	    1.02416
176.80000	    2.20200	    1.92275	    1.44724	    0.89600	    1.02400
177.00000	    1.92293	    1.44729	    0.89586	    1.02384
177.20000	    2.20136	    1.92310	    1.44734	    0.89572	    1.02368
177.40000	    2.20104	    1.92328	    1.44738	    0.89559	    1.02353
177.60000	    2.20072	    1.92346	    1.44743	    0.89545	    1.02337
177.80000	    2.20040	    1.92363	    1.44748	    0.89532	    1.02322
178.00000	    1.92381	    1.44753	    0.89518	    1.02306
178.20000	    2.19977	    1.92398	    1.44757	    0.89504	    1.02291
178.40000	    1.92416	    1.44762	    0.89491	    1.02275
178.60000	    2.19914	    1.92433	    1.44767	    0.89477	    1.02260
178.80000	    2.19883	    1.92451	    1.44771	    0.89464	    1.02245
179.00000	    2.19851	    1.92468	    1.44776	    0.89451	    1.02229
179.20000	    2.19820	    1.92485	    1.44781	    0.89437	    1.02214
179.40000	    2.19789	    1.92502	    1.44785	    0.89424	    1.02199
179.60000	    1.92520	    1.44790	    0.89411	    1.02183
179.80000	    2.19727	    1.92537	    1.44795	    0.89397	    1.02168
180.00000	    2.19696	    1.92554	    1.44799	    0.89384	    1.02153
180.20000	    2.19665	    1.92571	    1.44804	    0.89371	    1.02138
180.40000	    1.92588	    1.44808	    0.89358	    1.02123
180.60000	    2.19603	    1.92605	    1.44813	    0.89344	    1.02108
180.80000	    2.19573	    1.92622	    1.44817	    0.89331	    1.02093
181.00000	    2.19542	    1.92639	    1.44822	    0.89318	    1.02078
181.20000	    2.19512	    1.92656	    1.44827	    0.89305	    1.02063
181.40000	    2.19481	    1.92673	    1.44831	    0.89292	    1.02048
181.60000	    2.19451	    1.92690	    1.44836	    0.89279	    1.02033
181.80000	    1.92707	    1.44840	    0.89266	    1.02018
182.00000	    1.92723	    1.44845	    0.89253	    1.02003
182.20000	    2.19360	    1.92740	    1.44849	    0.89240	    1.01989
182.40000	    2.19330	    1.92757	    1.44853	    0.89227	    1.01974
182.60000	    1.92773	    1.44858	    0.89214	    1.01959
182.80000	    1.92790	    1.44862	    0.89201	    1.01944
183.00000	    2.19240	    1.92806	    1.44867	    0.89189	    1.01930
183.20000	    2.19210	    1.92823	    1.44871	    0.89176	    1.01915
183.40000	    2.19180	    1.92840	    1.44876	    0.89163	    1.01901
183.60000	    2.19150	    1.92856	    1.44880	    0.89150	    1.01886
183.80000	    2.19121	    1.92872	    1.44884	    0.89138	    1.01872
184.00000	    2.19091	    1.92889	    1.44889	    0.89125	    1.01857
184.20000	    2.19062	    1.92905	    1.44893	    0.89112	    1.01843
184.40000	    2.19032	    1.92921	    1.44897	    0.89100	    1.01828
184.60000	    1.92938	    1.44902	    0.89087	    1.01814
184.80000	    2.18973	    1.92954	    1.44906	    0.89075	    1.01799
185.00000	    2.18944	    1.92970	    1.44910	    0.89062	    1.01785
185.20000	    2.18915	    1.92986	    1.44915	    0.89049	    1.01771
185.40000	    2.18886	    1.93002	    1.44919	    0.89037	    1.01757
185.60000	    2.18857	    1.93018	    1.44923	    0.89025	    1.01742
185.80000	    2.18828	    1.93035	    1.44928	    0.89012	    1.01728
186.00000	    2.18799	    1.93051	    1.44932	    0.89000	    1.01714
186.20000	    2.18770	    1.93067	    1.44936	    0.88987	    1.01700
186.40000	    1.93082	    1.44940	    0.88975	    1.01686
186.60000	    2.18712	    1.93098	    1.44945	    0.88963	    1.01672
186.80000	    2.18684	    1.93114	    1.44949	    0.88950	    1.01658
187.00000	    2.18655	    1.93130	    1.44953	    0.88938	    1.01644
187.20000	    2.18626	    1.93146	    1.44957	    0.88926	    1.01630
187.40000	    2.18598	    1.93162	    1.44961	    0.88914	    1.01616
187.60000	    2.18569	    1.93177	    1.44966	    0.88901	    1.01602
187.80000	    1.93193	    1.44970	    0.88889	    1.01588
188.00000	    2.18513	    1.93209	    1.44974	    0.88877	    1.01574
188.20000	    2.18484	    1.93224	    1.44978	    0.88865	    1.01560
188.40000	    2.18456	    1.93240	    1.44982	    0.88853	    1.01546
188.60000	    2.18428	    1.93256	    1.44986	    0.88841	    1.01533
188.80000	    2.18400	    1.93271	    1.44990	    0.88829	    1.01519
189.00000	    2.18372	    1.93287	    1.44994	    0.88817	    1.01505
189.20000	    1.93302	    1.44999	    0.88805	    1.01491
189.40000	    2.18316	    1.93318	    1.45003	    0.88793	    1.01478
189.60000	    2.18288	    1.93333	    1.45007	    0.88781	    1.01464
189.80000	    2.18261	    1.93348	    1.45011	    0.88769	    1.01451
190.00000	    2.18233	    1.93364	    1.45015	    0.88757	    1.01437
190.20000	    2.18205	    1.93379	    1.45019	    0.88745	    1.01423
190.40000	    2.18178	    1.93394	    1.45023	    0.88734	    1.01410
190.60000	    2.18150	    1.93409	    1.45027	    0.88722	    1.01396
190.80000	    2.18123	    1.93425	    1.45031	    0.88710	    1.01383
191.00000	    2.18095	    1.93440	    1.45035	    0.88698	    1.01370
191.20000	    1.93455	    1.45039	    0.88687	    1.01356
191.40000	    2.18040	    1.93470	    1.45043	    0.88675	    1.01343
191.60000	    2.18013	    1.93485	    1.45047	    0.88663	    1.01329
191.80000	    2.17986	    1.93500	    1.45051	    0.88652	    1.01316
192.00000	    1.93515	    1.45055	    0.88640	    1.01303
192.20000	    2.17932	    1.93530	    1.45059	    0.88628	    1.01290
192.40000	    2.17905	    1.93545	    1.45063	    0.88617	    1.01276
192.60000	    2.17878	    1.93560	    1.45067	    0.88605	    1.01263
192.80000	    2.17851	    1.93575	    1.45070	    0.88594	    1.01250
193.00000	    2.17824	    1.93590	    1.45074	    0.88582	    1.01237
193.20000	    2.17797	    1.93604	    1.45078	    0.88571	    1.01224
193.40000	    1.93619	    1.45082	    0.88559	    1.01211
193.60000	    2.17744	    1.93634	    1.45086	    0.88548	    1.01198
193.80000	    2.17717	    1.93649	    1.45090	    0.88537	    1.01185
194.00000	    2.17691	    1.93663	    1.45094	    0.88525	    1.01172
194.20000	    2.17664	    1.93678	    1.45098	    0.88514	    1.01159
194.40000	    2.17638	    1.93693	    1.45101	    0.88502	    1.01146
194.60000	    2.17611	    1.93707	    1.45105	    0.88491	    1.01133
194.80000	    1.93722	    1.45109	    0.88480	    1.01120
195.00000	    1.93736	    1.45113	    0.88469	    1.01107
195.20000	    2.17533	    1.93751	    1.45117	    0.88457	    1.01094
195.40000	    2.17506	    1.93765	    1.45120	    0.88446	    1.01081
195.60000	    2.17480	    1.93780	    1.45124	    0.88435	    1.01069
195.80000	    2.17454	    1.93794	    1.45128	    0.88424	    1.01056
196.00000	    2.17428	    1.93809	    1.45132	    0.88413	    1.01043
196.20000	    2.17402	    1.93823	    1.45136	    0.88402	    1.01030
196.40000	    1.93837	    1.45139	    0.88390	    1.01018
196.60000	    1.93851	    1.45143	    0.88379	    1.01005
196.80000	    2.17325	    1.93866	    1.45147	    0.88368	    1.00992
197.00000	    2.17299	    1.93880	    1.45150	    0.88357	    1.00980
197.20000	    2.17273	    1.93894	    1.45154	    0.88346	    1.00967
197.40000	    2.17248	    1.93908	    1.45158	    0.88335	    1.00955
197.60000	    2.17222	    1.93922	    1.45162	    0.88324	    1.00942
197.80000	    2.17196	    1.93937	    1.45165	    0.88313	    1.00930
198.00000	    2.17171	    1.93951	    1.45169	    0.88303	    1.00917
198.20000	    2.17146	    1.93965	    1.45173	    0.88292	    1.00905
198.40000	    2.17120	    1.93979	    1.45176	    0.88281	    1.00892
198.60000	    2.17095	    1.93993	    1.45180	    0.88270	    1.00880
198.80000	    2.17070	    1.94007	    1.45184	    0.88259	    1.00868
199.00000	    2.17044	    1.94021	    1.45187	    0.88248	    1.00855
199.20000	    2.17019	    1.94035	    1.45191	    0.88238	    1.00843
199.40000	    2.16994	    1.94048	    1.45194	    0.88227	    1.00831
199.60000	    2.16969	    1.94062	    1.45198	    0.88216	    1.00818
199.80000	    2.16944	    1.94076	    1.45202	    0.88205	    1.00806
200.00000	    2.16919	    1.94090	    1.45205	    0.88195	    1.00794
